Unnamed: 0,time_set,events,events_cluster
0,2021-05-24 00:00:00,g,g_1
1,2021-05-24 01:00:00,g,g_1
2,2021-05-24 02:00:00,f,f_0
3,2021-05-24 03:00:00,d,d_1
4,2021-05-24 04:00:00,d,d_1
5,2021-05-24 05:00:00,d,d_1
6,2021-05-24 06:00:00,d,d_1
7,2021-05-24 07:00:00,d,d_1
8,2021-05-24 08:00:00,d,d_1
9,2021-05-24 09:00:00,d,d_1
10,2021-05-24 10:00:00,h,h_0
11,2021-05-24 11:00:00,c,c_1
12,2021-05-24 12:00:00,c,c_1
13,2021-05-24 13:00:00,c,c_1
14,2021-05-24 14:00:00,c,c_1
15,2021-05-24 15:00:00,c,c_1
16,2021-05-24 16:00:00,c,c_1
17,2021-05-24 17:00:00,c,c_1
18,2021-05-24 18:00:00,c,c_1
19,2021-05-24 19:00:00,g,g_0
20,2021-05-24 20:00:00,d,d_0
21,2021-05-24 21:00:00,d,d_0
22,2021-05-24 22:00:00,e,e_1
23,2021-05-24 23:00:00,e,e_1
24,2021-05-25 00:00:00,e,e_1
25,2021-05-25 01:00:00,e,e_1
26,2021-05-25 02:00:00,e,e_1
27,2021-05-25 03:00:00,e,e_1
28,2021-05-25 04:00:00,e,e_1
29,2021-05-25 05:00:00,b,b_0
30,2021-05-25 06:00:00,h,h_0
31,2021-05-25 07:00:00,c,c_0
32,2021-05-25 08:00:00,c,c_0
33,2021-05-25 09:00:00,a,a_0
34,2021-05-25 10:00:00,a,a_0
35,2021-05-25 11:00:00,f,f_1
36,2021-05-25 12:00:00,f,f_1
37,2021-05-25 13:00:00,f,f_1
38,2021-05-25 14:00:00,f,f_1
39,2021-05-25 15:00:00,f,f_1
40,2021-05-25 16:00:00,f,f_1
41,2021-05-25 17:00:00,f,f_1
42,2021-05-25 18:00:00,e,e_0
43,2021-05-25 19:00:00,d,d_1
44,2021-05-25 20:00:00,d,d_1
45,2021-05-25 21:00:00,d,d_1
46,2021-05-25 22:00:00,d,d_1
47,2021-05-25 23:00:00,d,d_1
48,2021-05-26 00:00:00,d,d_1
49,2021-05-26 01:00:00,d,d_1
50,2021-05-26 02:00:00,d,d_1
51,2021-05-26 03:00:00,h,h_0
52,2021-05-26 04:00:00,f,f_1
53,2021-05-26 05:00:00,f,f_1
54,2021-05-26 06:00:00,f,f_1
55,2021-05-26 07:00:00,f,f_1
56,2021-05-26 08:00:00,f,f_1
57,2021-05-26 09:00:00,f,f_1
58,2021-05-26 10:00:00,f,f_1
59,2021-05-26 11:00:00,f,f_1
60,2021-05-26 12:00:00,h,h_0
61,2021-05-26 13:00:00,c,c_1
62,2021-05-26 14:00:00,c,c_1
63,2021-05-26 15:00:00,c,c_1
64,2021-05-26 16:00:00,c,c_1
65,2021-05-26 17:00:00,c,c_1
66,2021-05-26 18:00:00,c,c_1
67,2021-05-26 19:00:00,c,c_1
68,2021-05-26 20:00:00,d,d_1
69,2021-05-26 21:00:00,d,d_1
70,2021-05-26 22:00:00,d,d_1
71,2021-05-26 23:00:00,d,d_1
72,2021-05-27 00:00:00,d,d_1
73,2021-05-27 01:00:00,d,d_1
74,2021-05-27 02:00:00,d,d_1
75,2021-05-27 03:00:00,d,d_1
76,2021-05-27 04:00:00,h,h_0
77,2021-05-27 05:00:00,g,g_1
78,2021-05-27 06:00:00,g,g_1
79,2021-05-27 07:00:00,h,h_1
80,2021-05-27 08:00:00,h,h_1
81,2021-05-27 09:00:00,c,c_0
82,2021-05-27 10:00:00,b,b_0
83,2021-05-27 11:00:00,b,b_0
84,2021-05-27 12:00:00,h,h_0
85,2021-05-27 13:00:00,d,d_1
86,2021-05-27 14:00:00,d,d_1
87,2021-05-27 15:00:00,d,d_1
88,2021-05-27 16:00:00,d,d_1
89,2021-05-27 17:00:00,d,d_1
90,2021-05-27 18:00:00,d,d_1
91,2021-05-27 19:00:00,d,d_1
92,2021-05-27 20:00:00,f,f_1
93,2021-05-27 21:00:00,f,f_1
94,2021-05-27 22:00:00,f,f_1
95,2021-05-27 23:00:00,f,f_1
96,2021-05-28 00:00:00,f,f_1
97,2021-05-28 01:00:00,f,f_1
98,2021-05-28 02:00:00,f,f_1
99,2021-05-28 03:00:00,c,c_0
100,2021-05-28 04:00:00,h,h_1
101,2021-05-28 05:00:00,h,h_1
102,2021-05-28 06:00:00,f,f_1
103,2021-05-28 07:00:00,f,f_1
104,2021-05-28 08:00:00,f,f_1
105,2021-05-28 09:00:00,f,f_1
106,2021-05-28 10:00:00,f,f_1
107,2021-05-28 11:00:00,f,f_1
108,2021-05-28 12:00:00,f,f_1
109,2021-05-28 13:00:00,f,f_1
110,2021-05-28 14:00:00,a,a_1
111,2021-05-28 15:00:00,a,a_1
112,2021-05-28 16:00:00,a,a_1
113,2021-05-28 17:00:00,a,a_1
114,2021-05-28 18:00:00,a,a_1
115,2021-05-28 19:00:00,a,a_1
116,2021-05-28 20:00:00,a,a_1
117,2021-05-28 21:00:00,a,a_1
118,2021-05-28 22:00:00,h,h_0
119,2021-05-28 23:00:00,d,d_0
120,2021-05-29 00:00:00,a,a_0
121,2021-05-29 01:00:00,a,a_0
122,2021-05-29 02:00:00,b,b_1
123,2021-05-29 03:00:00,b,b_1
124,2021-05-29 04:00:00,b,b_1
125,2021-05-29 05:00:00,b,b_1
126,2021-05-29 06:00:00,b,b_1
127,2021-05-29 07:00:00,b,b_1
128,2021-05-29 08:00:00,b,b_1
129,2021-05-29 09:00:00,b,b_1
130,2021-05-29 10:00:00,e,e_0
131,2021-05-29 11:00:00,e,e_0
132,2021-05-29 12:00:00,c,c_0
133,2021-05-29 13:00:00,c,c_0
134,2021-05-29 14:00:00,d,d_1
135,2021-05-29 15:00:00,d,d_1
136,2021-05-29 16:00:00,d,d_1
137,2021-05-29 17:00:00,d,d_1
138,2021-05-29 18:00:00,d,d_1
139,2021-05-29 19:00:00,d,d_1
140,2021-05-29 20:00:00,d,d_1
141,2021-05-29 21:00:00,b,b_0
142,2021-05-29 22:00:00,a,a_1
143,2021-05-29 23:00:00,a,a_1
144,2021-05-30 00:00:00,a,a_1
145,2021-05-30 01:00:00,a,a_1
146,2021-05-30 02:00:00,a,a_1
147,2021-05-30 03:00:00,a,a_1
148,2021-05-30 04:00:00,a,a_1
149,2021-05-30 05:00:00,b,b_1
150,2021-05-30 06:00:00,b,b_1
151,2021-05-30 07:00:00,b,b_1
152,2021-05-30 08:00:00,b,b_1
153,2021-05-30 09:00:00,b,b_1
154,2021-05-30 10:00:00,b,b_1
155,2021-05-30 11:00:00,b,b_1
156,2021-05-30 12:00:00,d,d_1
157,2021-05-30 13:00:00,d,d_1
158,2021-05-30 14:00:00,d,d_1
159,2021-05-30 15:00:00,d,d_1
160,2021-05-30 16:00:00,d,d_1
161,2021-05-30 17:00:00,d,d_1
162,2021-05-30 18:00:00,d,d_1
163,2021-05-30 19:00:00,c,c_0
164,2021-05-30 20:00:00,b,b_1
165,2021-05-30 21:00:00,b,b_1
166,2021-05-30 22:00:00,b,b_1
167,2021-05-30 23:00:00,b,b_1
168,2021-05-31 00:00:00,b,b_1
169,2021-05-31 01:00:00,b,b_1
170,2021-05-31 02:00:00,b,b_1
171,2021-05-31 03:00:00,a,a_0
172,2021-05-31 04:00:00,a,a_0
173,2021-05-31 05:00:00,c,c_1
174,2021-05-31 06:00:00,c,c_1
175,2021-05-31 07:00:00,c,c_1
176,2021-05-31 08:00:00,c,c_1
177,2021-05-31 09:00:00,c,c_1
178,2021-05-31 10:00:00,c,c_1
179,2021-05-31 11:00:00,c,c_1
180,2021-05-31 12:00:00,d,d_1
181,2021-05-31 13:00:00,d,d_1
182,2021-05-31 14:00:00,d,d_1
183,2021-05-31 15:00:00,d,d_1
184,2021-05-31 16:00:00,d,d_1
185,2021-05-31 17:00:00,d,d_1
186,2021-05-31 18:00:00,d,d_1
187,2021-05-31 19:00:00,d,d_1
188,2021-05-31 20:00:00,c,c_1
189,2021-05-31 21:00:00,c,c_1
190,2021-05-31 22:00:00,c,c_1
191,2021-05-31 23:00:00,c,c_1
192,2021-06-01 00:00:00,c,c_1
193,2021-06-01 01:00:00,c,c_1
194,2021-06-01 02:00:00,c,c_1
195,2021-06-01 03:00:00,f,f_1
196,2021-06-01 04:00:00,f,f_1
197,2021-06-01 05:00:00,f,f_1
198,2021-06-01 06:00:00,f,f_1
199,2021-06-01 07:00:00,f,f_1
200,2021-06-01 08:00:00,f,f_1
201,2021-06-01 09:00:00,f,f_1
202,2021-06-01 10:00:00,f,f_1
203,2021-06-01 11:00:00,g,g_0
204,2021-06-01 12:00:00,d,d_0
205,2021-06-01 13:00:00,d,d_0
206,2021-06-01 14:00:00,b,b_0
207,2021-06-01 15:00:00,c,c_0
208,2021-06-01 16:00:00,d,d_1
209,2021-06-01 17:00:00,d,d_1
210,2021-06-01 18:00:00,d,d_1
211,2021-06-01 19:00:00,d,d_1
212,2021-06-01 20:00:00,d,d_1
213,2021-06-01 21:00:00,d,d_1
214,2021-06-01 22:00:00,d,d_1
215,2021-06-01 23:00:00,d,d_1
216,2021-06-02 00:00:00,b,b_0
217,2021-06-02 01:00:00,h,h_0
218,2021-06-02 02:00:00,g,g_0
219,2021-06-02 03:00:00,c,c_0
220,2021-06-02 04:00:00,c,c_0
221,2021-06-02 05:00:00,g,g_0
222,2021-06-02 06:00:00,d,d_1
223,2021-06-02 07:00:00,d,d_1
224,2021-06-02 08:00:00,d,d_1
225,2021-06-02 09:00:00,d,d_1
226,2021-06-02 10:00:00,d,d_1
227,2021-06-02 11:00:00,d,d_1
228,2021-06-02 12:00:00,d,d_1
229,2021-06-02 13:00:00,d,d_1
230,2021-06-02 14:00:00,h,h_1
231,2021-06-02 15:00:00,h,h_1
232,2021-06-02 16:00:00,c,c_0
233,2021-06-02 17:00:00,d,d_1
234,2021-06-02 18:00:00,d,d_1
235,2021-06-02 19:00:00,d,d_1
236,2021-06-02 20:00:00,d,d_1
237,2021-06-02 21:00:00,d,d_1
238,2021-06-02 22:00:00,d,d_1
239,2021-06-02 23:00:00,d,d_1
240,2021-06-03 00:00:00,d,d_1
241,2021-06-03 01:00:00,h,h_0
242,2021-06-03 02:00:00,c,c_0
243,2021-06-03 03:00:00,d,d_1
244,2021-06-03 04:00:00,d,d_1
245,2021-06-03 05:00:00,d,d_1
246,2021-06-03 06:00:00,d,d_1
247,2021-06-03 07:00:00,d,d_1
248,2021-06-03 08:00:00,d,d_1
249,2021-06-03 09:00:00,d,d_1
250,2021-06-03 10:00:00,b,b_0
251,2021-06-03 11:00:00,g,g_1
252,2021-06-03 12:00:00,g,g_1
253,2021-06-03 13:00:00,d,d_1
254,2021-06-03 14:00:00,d,d_1
255,2021-06-03 15:00:00,d,d_1
256,2021-06-03 16:00:00,d,d_1
257,2021-06-03 17:00:00,d,d_1
258,2021-06-03 18:00:00,d,d_1
259,2021-06-03 19:00:00,d,d_1
260,2021-06-03 20:00:00,d,d_1
261,2021-06-03 21:00:00,h,h_0
262,2021-06-03 22:00:00,e,e_0
263,2021-06-03 23:00:00,b,b_0
264,2021-06-04 00:00:00,d,d_0
265,2021-06-04 01:00:00,g,g_0
266,2021-06-04 02:00:00,h,h_1
267,2021-06-04 03:00:00,h,h_1
268,2021-06-04 04:00:00,b,b_1
269,2021-06-04 05:00:00,b,b_1
270,2021-06-04 06:00:00,b,b_1
271,2021-06-04 07:00:00,b,b_1
272,2021-06-04 08:00:00,b,b_1
273,2021-06-04 09:00:00,b,b_1
274,2021-06-04 10:00:00,b,b_1
275,2021-06-04 11:00:00,c,c_0
276,2021-06-04 12:00:00,h,h_0
277,2021-06-04 13:00:00,e,e_1
278,2021-06-04 14:00:00,e,e_1
279,2021-06-04 15:00:00,e,e_1
280,2021-06-04 16:00:00,e,e_1
281,2021-06-04 17:00:00,e,e_1
282,2021-06-04 18:00:00,e,e_1
283,2021-06-04 19:00:00,e,e_1
284,2021-06-04 20:00:00,f,f_1
285,2021-06-04 21:00:00,f,f_1
286,2021-06-04 22:00:00,f,f_1
287,2021-06-04 23:00:00,f,f_1
288,2021-06-05 00:00:00,f,f_1
289,2021-06-05 01:00:00,f,f_1
290,2021-06-05 02:00:00,f,f_1
291,2021-06-05 03:00:00,b,b_0
292,2021-06-05 04:00:00,e,e_1
293,2021-06-05 05:00:00,e,e_1
294,2021-06-05 06:00:00,e,e_1
295,2021-06-05 07:00:00,e,e_1
296,2021-06-05 08:00:00,e,e_1
297,2021-06-05 09:00:00,e,e_1
298,2021-06-05 10:00:00,e,e_1
299,2021-06-05 11:00:00,h,h_1
300,2021-06-05 12:00:00,h,h_1
301,2021-06-05 13:00:00,f,f_0
302,2021-06-05 14:00:00,c,c_0
303,2021-06-05 15:00:00,c,c_0
304,2021-06-05 16:00:00,e,e_1
305,2021-06-05 17:00:00,e,e_1
306,2021-06-05 18:00:00,e,e_1
307,2021-06-05 19:00:00,e,e_1
308,2021-06-05 20:00:00,e,e_1
309,2021-06-05 21:00:00,e,e_1
310,2021-06-05 22:00:00,e,e_1
311,2021-06-05 23:00:00,e,e_1
312,2021-06-06 00:00:00,f,f_1
313,2021-06-06 01:00:00,f,f_1
314,2021-06-06 02:00:00,f,f_1
315,2021-06-06 03:00:00,f,f_1
316,2021-06-06 04:00:00,f,f_1
317,2021-06-06 05:00:00,f,f_1
318,2021-06-06 06:00:00,f,f_1
319,2021-06-06 07:00:00,f,f_1
320,2021-06-06 08:00:00,d,d_1
321,2021-06-06 09:00:00,d,d_1
322,2021-06-06 10:00:00,d,d_1
323,2021-06-06 11:00:00,d,d_1
324,2021-06-06 12:00:00,d,d_1
325,2021-06-06 13:00:00,d,d_1
326,2021-06-06 14:00:00,d,d_1
327,2021-06-06 15:00:00,c,c_0
328,2021-06-06 16:00:00,c,c_0
329,2021-06-06 17:00:00,a,a_1
330,2021-06-06 18:00:00,a,a_1
331,2021-06-06 19:00:00,a,a_1
332,2021-06-06 20:00:00,a,a_1
333,2021-06-06 21:00:00,a,a_1
334,2021-06-06 22:00:00,a,a_1
335,2021-06-06 23:00:00,a,a_1
336,2021-06-07 00:00:00,a,a_1
337,2021-06-07 01:00:00,h,h_1
338,2021-06-07 02:00:00,h,h_1
339,2021-06-07 03:00:00,f,f_1
340,2021-06-07 04:00:00,f,f_1
341,2021-06-07 05:00:00,f,f_1
342,2021-06-07 06:00:00,f,f_1
343,2021-06-07 07:00:00,f,f_1
344,2021-06-07 08:00:00,f,f_1
345,2021-06-07 09:00:00,f,f_1
346,2021-06-07 10:00:00,b,b_0
347,2021-06-07 11:00:00,b,b_0
348,2021-06-07 12:00:00,c,c_0
349,2021-06-07 13:00:00,d,d_1
350,2021-06-07 14:00:00,d,d_1
351,2021-06-07 15:00:00,d,d_1
352,2021-06-07 16:00:00,d,d_1
353,2021-06-07 17:00:00,d,d_1
354,2021-06-07 18:00:00,d,d_1
355,2021-06-07 19:00:00,d,d_1
356,2021-06-07 20:00:00,d,d_1
357,2021-06-07 21:00:00,g,g_0
358,2021-06-07 22:00:00,e,e_1
359,2021-06-07 23:00:00,e,e_1
360,2021-06-08 00:00:00,e,e_1
361,2021-06-08 01:00:00,e,e_1
362,2021-06-08 02:00:00,e,e_1
363,2021-06-08 03:00:00,e,e_1
364,2021-06-08 04:00:00,e,e_1
365,2021-06-08 05:00:00,e,e_1
366,2021-06-08 06:00:00,c,c_1
367,2021-06-08 07:00:00,c,c_1
368,2021-06-08 08:00:00,c,c_1
369,2021-06-08 09:00:00,c,c_1
370,2021-06-08 10:00:00,c,c_1
371,2021-06-08 11:00:00,c,c_1
372,2021-06-08 12:00:00,c,c_1
373,2021-06-08 13:00:00,d,d_0
374,2021-06-08 14:00:00,d,d_0
375,2021-06-08 15:00:00,g,g_1
376,2021-06-08 16:00:00,g,g_1
377,2021-06-08 17:00:00,d,d_0
378,2021-06-08 18:00:00,d,d_0
379,2021-06-08 19:00:00,a,a_0
380,2021-06-08 20:00:00,h,h_1
381,2021-06-08 21:00:00,h,h_1
382,2021-06-08 22:00:00,c,c_0
383,2021-06-08 23:00:00,g,g_1
384,2021-06-09 00:00:00,g,g_1
385,2021-06-09 01:00:00,e,e_1
386,2021-06-09 02:00:00,e,e_1
387,2021-06-09 03:00:00,e,e_1
388,2021-06-09 04:00:00,e,e_1
389,2021-06-09 05:00:00,e,e_1
390,2021-06-09 06:00:00,e,e_1
391,2021-06-09 07:00:00,e,e_1
392,2021-06-09 08:00:00,e,e_1
393,2021-06-09 09:00:00,h,h_0
394,2021-06-09 10:00:00,f,f_1
395,2021-06-09 11:00:00,f,f_1
396,2021-06-09 12:00:00,f,f_1
397,2021-06-09 13:00:00,f,f_1
398,2021-06-09 14:00:00,f,f_1
399,2021-06-09 15:00:00,f,f_1
400,2021-06-09 16:00:00,f,f_1
401,2021-06-09 17:00:00,f,f_1
402,2021-06-09 18:00:00,c,c_0
403,2021-06-09 19:00:00,h,h_1
404,2021-06-09 20:00:00,h,h_1
405,2021-06-09 21:00:00,d,d_0
406,2021-06-09 22:00:00,d,d_0
407,2021-06-09 23:00:00,a,a_0
408,2021-06-10 00:00:00,g,g_1
409,2021-06-10 01:00:00,g,g_1
410,2021-06-10 02:00:00,d,d_0
411,2021-06-10 03:00:00,d,d_0
412,2021-06-10 04:00:00,e,e_1
413,2021-06-10 05:00:00,e,e_1
414,2021-06-10 06:00:00,e,e_1
415,2021-06-10 07:00:00,e,e_1
416,2021-06-10 08:00:00,e,e_1
417,2021-06-10 09:00:00,e,e_1
418,2021-06-10 10:00:00,e,e_1
419,2021-06-10 11:00:00,a,a_0
420,2021-06-10 12:00:00,h,h_0
421,2021-06-10 13:00:00,g,g_0
422,2021-06-10 14:00:00,e,e_1
423,2021-06-10 15:00:00,e,e_1
424,2021-06-10 16:00:00,e,e_1
425,2021-06-10 17:00:00,e,e_1
426,2021-06-10 18:00:00,e,e_1
427,2021-06-10 19:00:00,e,e_1
428,2021-06-10 20:00:00,e,e_1
429,2021-06-10 21:00:00,f,f_1
430,2021-06-10 22:00:00,f,f_1
431,2021-06-10 23:00:00,f,f_1
432,2021-06-11 00:00:00,f,f_1
433,2021-06-11 01:00:00,f,f_1
434,2021-06-11 02:00:00,f,f_1
435,2021-06-11 03:00:00,f,f_1
436,2021-06-11 04:00:00,a,a_1
437,2021-06-11 05:00:00,a,a_1
438,2021-06-11 06:00:00,a,a_1
439,2021-06-11 07:00:00,a,a_1
440,2021-06-11 08:00:00,a,a_1
441,2021-06-11 09:00:00,a,a_1
442,2021-06-11 10:00:00,a,a_1
443,2021-06-11 11:00:00,h,h_1
444,2021-06-11 12:00:00,h,h_1
445,2021-06-11 13:00:00,f,f_1
446,2021-06-11 14:00:00,f,f_1
447,2021-06-11 15:00:00,f,f_1
448,2021-06-11 16:00:00,f,f_1
449,2021-06-11 17:00:00,f,f_1
450,2021-06-11 18:00:00,f,f_1
451,2021-06-11 19:00:00,f,f_1
452,2021-06-11 20:00:00,f,f_1
453,2021-06-11 21:00:00,c,c_0
454,2021-06-11 22:00:00,c,c_0
455,2021-06-11 23:00:00,h,h_0
456,2021-06-12 00:00:00,d,d_1
457,2021-06-12 01:00:00,d,d_1
458,2021-06-12 02:00:00,d,d_1
459,2021-06-12 03:00:00,d,d_1
460,2021-06-12 04:00:00,d,d_1
461,2021-06-12 05:00:00,d,d_1
462,2021-06-12 06:00:00,d,d_1
463,2021-06-12 07:00:00,c,c_1
464,2021-06-12 08:00:00,c,c_1
465,2021-06-12 09:00:00,c,c_1
466,2021-06-12 10:00:00,c,c_1
467,2021-06-12 11:00:00,c,c_1
468,2021-06-12 12:00:00,c,c_1
469,2021-06-12 13:00:00,c,c_1
470,2021-06-12 14:00:00,a,a_0
471,2021-06-12 15:00:00,a,a_0
472,2021-06-12 16:00:00,g,g_1
473,2021-06-12 17:00:00,g,g_1
474,2021-06-12 18:00:00,b,b_0
475,2021-06-12 19:00:00,h,h_0
476,2021-06-12 20:00:00,d,d_0
477,2021-06-12 21:00:00,d,d_0
478,2021-06-12 22:00:00,a,a_0
479,2021-06-12 23:00:00,c,c_0
480,2021-06-13 00:00:00,c,c_0
481,2021-06-13 01:00:00,d,d_1
482,2021-06-13 02:00:00,d,d_1
483,2021-06-13 03:00:00,d,d_1
484,2021-06-13 04:00:00,d,d_1
485,2021-06-13 05:00:00,d,d_1
486,2021-06-13 06:00:00,d,d_1
487,2021-06-13 07:00:00,d,d_1
488,2021-06-13 08:00:00,f,f_0
489,2021-06-13 09:00:00,b,b_0
490,2021-06-13 10:00:00,a,a_1
491,2021-06-13 11:00:00,a,a_1
492,2021-06-13 12:00:00,a,a_1
493,2021-06-13 13:00:00,a,a_1
494,2021-06-13 14:00:00,a,a_1
495,2021-06-13 15:00:00,a,a_1
496,2021-06-13 16:00:00,a,a_1
497,2021-06-13 17:00:00,a,a_1
498,2021-06-13 18:00:00,g,g_0
499,2021-06-13 19:00:00,e,e_0
500,2021-06-13 20:00:00,c,c_0
501,2021-06-13 21:00:00,c,c_0
502,2021-06-13 22:00:00,b,b_1
503,2021-06-13 23:00:00,b,b_1
504,2021-06-14 00:00:00,b,b_1
505,2021-06-14 01:00:00,b,b_1
506,2021-06-14 02:00:00,b,b_1
507,2021-06-14 03:00:00,b,b_1
508,2021-06-14 04:00:00,b,b_1
509,2021-06-14 05:00:00,a,a_0
510,2021-06-14 06:00:00,e,e_1
511,2021-06-14 07:00:00,e,e_1
512,2021-06-14 08:00:00,e,e_1
513,2021-06-14 09:00:00,e,e_1
514,2021-06-14 10:00:00,e,e_1
515,2021-06-14 11:00:00,e,e_1
516,2021-06-14 12:00:00,e,e_1
517,2021-06-14 13:00:00,e,e_1
518,2021-06-14 14:00:00,d,d_0
519,2021-06-14 15:00:00,b,b_0
520,2021-06-14 16:00:00,a,a_1
521,2021-06-14 17:00:00,a,a_1
522,2021-06-14 18:00:00,a,a_1
523,2021-06-14 19:00:00,a,a_1
524,2021-06-14 20:00:00,a,a_1
525,2021-06-14 21:00:00,a,a_1
526,2021-06-14 22:00:00,a,a_1
527,2021-06-14 23:00:00,b,b_0
528,2021-06-15 00:00:00,b,b_0
529,2021-06-15 01:00:00,f,f_1
530,2021-06-15 02:00:00,f,f_1
531,2021-06-15 03:00:00,f,f_1
532,2021-06-15 04:00:00,f,f_1
533,2021-06-15 05:00:00,f,f_1
534,2021-06-15 06:00:00,f,f_1
535,2021-06-15 07:00:00,f,f_1
536,2021-06-15 08:00:00,f,f_1
537,2021-06-15 09:00:00,e,e_0
538,2021-06-15 10:00:00,e,e_0
539,2021-06-15 11:00:00,c,c_0
540,2021-06-15 12:00:00,c,c_0
541,2021-06-15 13:00:00,f,f_0
542,2021-06-15 14:00:00,d,d_1
543,2021-06-15 15:00:00,d,d_1
544,2021-06-15 16:00:00,d,d_1
545,2021-06-15 17:00:00,d,d_1
546,2021-06-15 18:00:00,d,d_1
547,2021-06-15 19:00:00,d,d_1
548,2021-06-15 20:00:00,d,d_1
549,2021-06-15 21:00:00,g,g_0
550,2021-06-15 22:00:00,f,f_0
551,2021-06-15 23:00:00,f,f_0
552,2021-06-16 00:00:00,d,d_1
553,2021-06-16 01:00:00,d,d_1
554,2021-06-16 02:00:00,d,d_1
555,2021-06-16 03:00:00,d,d_1
556,2021-06-16 04:00:00,d,d_1
557,2021-06-16 05:00:00,d,d_1
558,2021-06-16 06:00:00,d,d_1
559,2021-06-16 07:00:00,d,d_1
560,2021-06-16 08:00:00,e,e_0
561,2021-06-16 09:00:00,e,e_0
562,2021-06-16 10:00:00,h,h_0
563,2021-06-16 11:00:00,g,g_1
564,2021-06-16 12:00:00,g,g_1
565,2021-06-16 13:00:00,f,f_0
566,2021-06-16 14:00:00,h,h_1
567,2021-06-16 15:00:00,h,h_1
568,2021-06-16 16:00:00,a,a_1
569,2021-06-16 17:00:00,a,a_1
570,2021-06-16 18:00:00,a,a_1
571,2021-06-16 19:00:00,a,a_1
572,2021-06-16 20:00:00,a,a_1
573,2021-06-16 21:00:00,a,a_1
574,2021-06-16 22:00:00,a,a_1
575,2021-06-16 23:00:00,a,a_1
576,2021-06-17 00:00:00,e,e_0
577,2021-06-17 01:00:00,e,e_0
578,2021-06-17 02:00:00,f,f_1
579,2021-06-17 03:00:00,f,f_1
580,2021-06-17 04:00:00,f,f_1
581,2021-06-17 05:00:00,f,f_1
582,2021-06-17 06:00:00,f,f_1
583,2021-06-17 07:00:00,f,f_1
584,2021-06-17 08:00:00,f,f_1
585,2021-06-17 09:00:00,f,f_1
586,2021-06-17 10:00:00,g,g_1
587,2021-06-17 11:00:00,g,g_1
588,2021-06-17 12:00:00,b,b_0
589,2021-06-17 13:00:00,b,b_0
590,2021-06-17 14:00:00,d,d_0
591,2021-06-17 15:00:00,f,f_0
592,2021-06-17 16:00:00,h,h_0
593,2021-06-17 17:00:00,e,e_1
594,2021-06-17 18:00:00,e,e_1
595,2021-06-17 19:00:00,e,e_1
596,2021-06-17 20:00:00,e,e_1
597,2021-06-17 21:00:00,e,e_1
598,2021-06-17 22:00:00,e,e_1
599,2021-06-17 23:00:00,e,e_1
600,2021-06-18 00:00:00,d,d_1
601,2021-06-18 01:00:00,d,d_1
602,2021-06-18 02:00:00,d,d_1
603,2021-06-18 03:00:00,d,d_1
604,2021-06-18 04:00:00,d,d_1
605,2021-06-18 05:00:00,d,d_1
606,2021-06-18 06:00:00,d,d_1
607,2021-06-18 07:00:00,c,c_0
608,2021-06-18 08:00:00,c,c_0
609,2021-06-18 09:00:00,g,g_1
610,2021-06-18 10:00:00,g,g_1
611,2021-06-18 11:00:00,b,b_0
612,2021-06-18 12:00:00,c,c_0
613,2021-06-18 13:00:00,d,d_1
614,2021-06-18 14:00:00,d,d_1
615,2021-06-18 15:00:00,d,d_1
616,2021-06-18 16:00:00,d,d_1
617,2021-06-18 17:00:00,d,d_1
618,2021-06-18 18:00:00,d,d_1
619,2021-06-18 19:00:00,d,d_1
620,2021-06-18 20:00:00,d,d_1
621,2021-06-18 21:00:00,a,a_1
622,2021-06-18 22:00:00,a,a_1
623,2021-06-18 23:00:00,a,a_1
624,2021-06-19 00:00:00,a,a_1
625,2021-06-19 01:00:00,a,a_1
626,2021-06-19 02:00:00,a,a_1
627,2021-06-19 03:00:00,a,a_1
628,2021-06-19 04:00:00,b,b_1
629,2021-06-19 05:00:00,b,b_1
630,2021-06-19 06:00:00,b,b_1
631,2021-06-19 07:00:00,b,b_1
632,2021-06-19 08:00:00,b,b_1
633,2021-06-19 09:00:00,b,b_1
634,2021-06-19 10:00:00,b,b_1
635,2021-06-19 11:00:00,f,f_0
636,2021-06-19 12:00:00,e,e_0
637,2021-06-19 13:00:00,e,e_0
638,2021-06-19 14:00:00,c,c_1
639,2021-06-19 15:00:00,c,c_1
640,2021-06-19 16:00:00,c,c_1
641,2021-06-19 17:00:00,c,c_1
642,2021-06-19 18:00:00,c,c_1
643,2021-06-19 19:00:00,c,c_1
644,2021-06-19 20:00:00,c,c_1
645,2021-06-19 21:00:00,c,c_1
646,2021-06-19 22:00:00,f,f_1
647,2021-06-19 23:00:00,f,f_1
648,2021-06-20 00:00:00,f,f_1
649,2021-06-20 01:00:00,f,f_1
650,2021-06-20 02:00:00,f,f_1
651,2021-06-20 03:00:00,f,f_1
652,2021-06-20 04:00:00,f,f_1
653,2021-06-20 05:00:00,f,f_1
654,2021-06-20 06:00:00,b,b_0
655,2021-06-20 07:00:00,b,b_0
656,2021-06-20 08:00:00,c,c_0
657,2021-06-20 09:00:00,c,c_0
658,2021-06-20 10:00:00,d,d_0
659,2021-06-20 11:00:00,e,e_1
660,2021-06-20 12:00:00,e,e_1
661,2021-06-20 13:00:00,e,e_1
662,2021-06-20 14:00:00,e,e_1
663,2021-06-20 15:00:00,e,e_1
664,2021-06-20 16:00:00,e,e_1
665,2021-06-20 17:00:00,e,e_1
666,2021-06-20 18:00:00,e,e_1
667,2021-06-20 19:00:00,b,b_0
668,2021-06-20 20:00:00,c,c_0
669,2021-06-20 21:00:00,e,e_0
670,2021-06-20 22:00:00,d,d_1
671,2021-06-20 23:00:00,d,d_1
672,2021-06-21 00:00:00,d,d_1
673,2021-06-21 01:00:00,d,d_1
674,2021-06-21 02:00:00,d,d_1
675,2021-06-21 03:00:00,d,d_1
676,2021-06-21 04:00:00,d,d_1
677,2021-06-21 05:00:00,f,f_1
678,2021-06-21 06:00:00,f,f_1
679,2021-06-21 07:00:00,f,f_1
680,2021-06-21 08:00:00,f,f_1
681,2021-06-21 09:00:00,f,f_1
682,2021-06-21 10:00:00,f,f_1
683,2021-06-21 11:00:00,f,f_1
684,2021-06-21 12:00:00,g,g_0
685,2021-06-21 13:00:00,d,d_1
686,2021-06-21 14:00:00,d,d_1
687,2021-06-21 15:00:00,d,d_1
688,2021-06-21 16:00:00,d,d_1
689,2021-06-21 17:00:00,d,d_1
690,2021-06-21 18:00:00,d,d_1
691,2021-06-21 19:00:00,d,d_1
692,2021-06-21 20:00:00,h,h_1
693,2021-06-21 21:00:00,h,h_1
694,2021-06-21 22:00:00,g,g_1
695,2021-06-21 23:00:00,g,g_1
696,2021-06-22 00:00:00,h,h_0
697,2021-06-22 01:00:00,c,c_0
698,2021-06-22 02:00:00,e,e_1
699,2021-06-22 03:00:00,e,e_1
700,2021-06-22 04:00:00,e,e_1
701,2021-06-22 05:00:00,e,e_1
702,2021-06-22 06:00:00,e,e_1
703,2021-06-22 07:00:00,e,e_1
704,2021-06-22 08:00:00,e,e_1
705,2021-06-22 09:00:00,e,e_1
706,2021-06-22 10:00:00,d,d_0
707,2021-06-22 11:00:00,d,d_0
708,2021-06-22 12:00:00,h,h_1
709,2021-06-22 13:00:00,h,h_1
710,2021-06-22 14:00:00,e,e_1
711,2021-06-22 15:00:00,e,e_1
712,2021-06-22 16:00:00,e,e_1
713,2021-06-22 17:00:00,e,e_1
714,2021-06-22 18:00:00,e,e_1
715,2021-06-22 19:00:00,e,e_1
716,2021-06-22 20:00:00,e,e_1
717,2021-06-22 21:00:00,d,d_1
718,2021-06-22 22:00:00,d,d_1
719,2021-06-22 23:00:00,d,d_1
720,2021-06-23 00:00:00,d,d_1
721,2021-06-23 01:00:00,d,d_1
722,2021-06-23 02:00:00,d,d_1
723,2021-06-23 03:00:00,d,d_1
724,2021-06-23 04:00:00,d,d_1
725,2021-06-23 05:00:00,c,c_0
726,2021-06-23 06:00:00,c,c_0
727,2021-06-23 07:00:00,d,d_1
728,2021-06-23 08:00:00,d,d_1
729,2021-06-23 09:00:00,d,d_1
730,2021-06-23 10:00:00,d,d_1
731,2021-06-23 11:00:00,d,d_1
732,2021-06-23 12:00:00,d,d_1
733,2021-06-23 13:00:00,d,d_1
734,2021-06-23 14:00:00,e,e_1
735,2021-06-23 15:00:00,e,e_1
736,2021-06-23 16:00:00,e,e_1
737,2021-06-23 17:00:00,e,e_1
738,2021-06-23 18:00:00,e,e_1
739,2021-06-23 19:00:00,e,e_1
740,2021-06-23 20:00:00,e,e_1
741,2021-06-23 21:00:00,a,a_1
742,2021-06-23 22:00:00,a,a_1
743,2021-06-23 23:00:00,a,a_1
744,2021-06-24 00:00:00,a,a_1
745,2021-06-24 01:00:00,a,a_1
746,2021-06-24 02:00:00,a,a_1
747,2021-06-24 03:00:00,a,a_1
748,2021-06-24 04:00:00,h,h_1
749,2021-06-24 05:00:00,h,h_1
750,2021-06-24 06:00:00,f,f_1
751,2021-06-24 07:00:00,f,f_1
752,2021-06-24 08:00:00,f,f_1
753,2021-06-24 09:00:00,f,f_1
754,2021-06-24 10:00:00,f,f_1
755,2021-06-24 11:00:00,f,f_1
756,2021-06-24 12:00:00,f,f_1
757,2021-06-24 13:00:00,f,f_1
758,2021-06-24 14:00:00,c,c_1
759,2021-06-24 15:00:00,c,c_1
760,2021-06-24 16:00:00,c,c_1
761,2021-06-24 17:00:00,c,c_1
762,2021-06-24 18:00:00,c,c_1
763,2021-06-24 19:00:00,c,c_1
764,2021-06-24 20:00:00,c,c_1
765,2021-06-24 21:00:00,c,c_1
766,2021-06-24 22:00:00,e,e_1
767,2021-06-24 23:00:00,e,e_1
768,2021-06-25 00:00:00,e,e_1
769,2021-06-25 01:00:00,e,e_1
770,2021-06-25 02:00:00,e,e_1
771,2021-06-25 03:00:00,e,e_1
772,2021-06-25 04:00:00,e,e_1
773,2021-06-25 05:00:00,d,d_0
774,2021-06-25 06:00:00,d,d_0
775,2021-06-25 07:00:00,c,c_0
776,2021-06-25 08:00:00,e,e_1
777,2021-06-25 09:00:00,e,e_1
778,2021-06-25 10:00:00,e,e_1
779,2021-06-25 11:00:00,e,e_1
780,2021-06-25 12:00:00,e,e_1
781,2021-06-25 13:00:00,e,e_1
782,2021-06-25 14:00:00,e,e_1
783,2021-06-25 15:00:00,h,h_0
784,2021-06-25 16:00:00,g,g_0
785,2021-06-25 17:00:00,f,f_0
786,2021-06-25 18:00:00,f,f_0
787,2021-06-25 19:00:00,d,d_1
788,2021-06-25 20:00:00,d,d_1
789,2021-06-25 21:00:00,d,d_1
790,2021-06-25 22:00:00,d,d_1
791,2021-06-25 23:00:00,d,d_1
792,2021-06-26 00:00:00,d,d_1
793,2021-06-26 01:00:00,d,d_1
794,2021-06-26 02:00:00,b,b_0
795,2021-06-26 03:00:00,g,g_1
796,2021-06-26 04:00:00,g,g_1
797,2021-06-26 05:00:00,h,h_0
798,2021-06-26 06:00:00,f,f_0
799,2021-06-26 07:00:00,h,h_0
800,2021-06-26 08:00:00,a,a_1
801,2021-06-26 09:00:00,a,a_1
802,2021-06-26 10:00:00,a,a_1
803,2021-06-26 11:00:00,a,a_1
804,2021-06-26 12:00:00,a,a_1
805,2021-06-26 13:00:00,a,a_1
806,2021-06-26 14:00:00,a,a_1
807,2021-06-26 15:00:00,a,a_1
808,2021-06-26 16:00:00,b,b_1
809,2021-06-26 17:00:00,b,b_1
810,2021-06-26 18:00:00,b,b_1
811,2021-06-26 19:00:00,b,b_1
812,2021-06-26 20:00:00,b,b_1
813,2021-06-26 21:00:00,b,b_1
814,2021-06-26 22:00:00,b,b_1
815,2021-06-26 23:00:00,g,g_1
816,2021-06-27 00:00:00,g,g_1
817,2021-06-27 01:00:00,c,c_1
818,2021-06-27 02:00:00,c,c_1
819,2021-06-27 03:00:00,c,c_1
820,2021-06-27 04:00:00,c,c_1
821,2021-06-27 05:00:00,c,c_1
822,2021-06-27 06:00:00,c,c_1
823,2021-06-27 07:00:00,c,c_1
824,2021-06-27 08:00:00,b,b_0
825,2021-06-27 09:00:00,c,c_1
826,2021-06-27 10:00:00,c,c_1
827,2021-06-27 11:00:00,c,c_1
828,2021-06-27 12:00:00,c,c_1
829,2021-06-27 13:00:00,c,c_1
830,2021-06-27 14:00:00,c,c_1
831,2021-06-27 15:00:00,c,c_1
832,2021-06-27 16:00:00,c,c_1
833,2021-06-27 17:00:00,a,a_1
834,2021-06-27 18:00:00,a,a_1
835,2021-06-27 19:00:00,a,a_1
836,2021-06-27 20:00:00,a,a_1
837,2021-06-27 21:00:00,a,a_1
838,2021-06-27 22:00:00,a,a_1
839,2021-06-27 23:00:00,a,a_1
840,2021-06-28 00:00:00,h,h_0
841,2021-06-28 01:00:00,d,d_0
842,2021-06-28 02:00:00,d,d_0
843,2021-06-28 03:00:00,b,b_0
844,2021-06-28 04:00:00,g,g_0
845,2021-06-28 05:00:00,b,b_1
846,2021-06-28 06:00:00,b,b_1
847,2021-06-28 07:00:00,b,b_1
848,2021-06-28 08:00:00,b,b_1
849,2021-06-28 09:00:00,b,b_1
850,2021-06-28 10:00:00,b,b_1
851,2021-06-28 11:00:00,b,b_1
852,2021-06-28 12:00:00,b,b_1
853,2021-06-28 13:00:00,c,c_1
854,2021-06-28 14:00:00,c,c_1
855,2021-06-28 15:00:00,c,c_1
856,2021-06-28 16:00:00,c,c_1
857,2021-06-28 17:00:00,c,c_1
858,2021-06-28 18:00:00,c,c_1
859,2021-06-28 19:00:00,c,c_1
860,2021-06-28 20:00:00,b,b_1
861,2021-06-28 21:00:00,b,b_1
862,2021-06-28 22:00:00,b,b_1
863,2021-06-28 23:00:00,b,b_1
864,2021-06-29 00:00:00,b,b_1
865,2021-06-29 01:00:00,b,b_1
866,2021-06-29 02:00:00,b,b_1
867,2021-06-29 03:00:00,b,b_1
868,2021-06-29 04:00:00,d,d_0
869,2021-06-29 05:00:00,d,d_0
870,2021-06-29 06:00:00,f,f_1
871,2021-06-29 07:00:00,f,f_1
872,2021-06-29 08:00:00,f,f_1
873,2021-06-29 09:00:00,f,f_1
874,2021-06-29 10:00:00,f,f_1
875,2021-06-29 11:00:00,f,f_1
876,2021-06-29 12:00:00,f,f_1
877,2021-06-29 13:00:00,f,f_1
878,2021-06-29 14:00:00,h,h_1
879,2021-06-29 15:00:00,h,h_1
880,2021-06-29 16:00:00,a,a_1
881,2021-06-29 17:00:00,a,a_1
882,2021-06-29 18:00:00,a,a_1
883,2021-06-29 19:00:00,a,a_1
884,2021-06-29 20:00:00,a,a_1
885,2021-06-29 21:00:00,a,a_1
886,2021-06-29 22:00:00,a,a_1
887,2021-06-29 23:00:00,c,c_1
888,2021-06-30 00:00:00,c,c_1
889,2021-06-30 01:00:00,c,c_1
890,2021-06-30 02:00:00,c,c_1
891,2021-06-30 03:00:00,c,c_1
892,2021-06-30 04:00:00,c,c_1
893,2021-06-30 05:00:00,c,c_1
894,2021-06-30 06:00:00,c,c_1
895,2021-06-30 07:00:00,a,a_0
896,2021-06-30 08:00:00,d,d_0
897,2021-06-30 09:00:00,g,g_1
898,2021-06-30 10:00:00,g,g_1
899,2021-06-30 11:00:00,b,b_1
900,2021-06-30 12:00:00,b,b_1
901,2021-06-30 13:00:00,b,b_1
902,2021-06-30 14:00:00,b,b_1
903,2021-06-30 15:00:00,b,b_1
904,2021-06-30 16:00:00,b,b_1
905,2021-06-30 17:00:00,b,b_1
906,2021-06-30 18:00:00,b,b_1
907,2021-06-30 19:00:00,h,h_0
908,2021-06-30 20:00:00,b,b_1
909,2021-06-30 21:00:00,b,b_1
910,2021-06-30 22:00:00,b,b_1
911,2021-06-30 23:00:00,b,b_1
912,2021-07-01 00:00:00,b,b_1
913,2021-07-01 01:00:00,b,b_1
914,2021-07-01 02:00:00,b,b_1
915,2021-07-01 03:00:00,b,b_1
916,2021-07-01 04:00:00,h,h_0
917,2021-07-01 05:00:00,a,a_1
918,2021-07-01 06:00:00,a,a_1
919,2021-07-01 07:00:00,a,a_1
920,2021-07-01 08:00:00,a,a_1
921,2021-07-01 09:00:00,a,a_1
922,2021-07-01 10:00:00,a,a_1
923,2021-07-01 11:00:00,a,a_1
924,2021-07-01 12:00:00,c,c_0
925,2021-07-01 13:00:00,c,c_0
926,2021-07-01 14:00:00,e,e_0
927,2021-07-01 15:00:00,e,e_0
928,2021-07-01 16:00:00,f,f_1
929,2021-07-01 17:00:00,f,f_1
930,2021-07-01 18:00:00,f,f_1
931,2021-07-01 19:00:00,f,f_1
932,2021-07-01 20:00:00,f,f_1
933,2021-07-01 21:00:00,f,f_1
934,2021-07-01 22:00:00,f,f_1
935,2021-07-01 23:00:00,c,c_1
936,2021-07-02 00:00:00,c,c_1
937,2021-07-02 01:00:00,c,c_1
938,2021-07-02 02:00:00,c,c_1
939,2021-07-02 03:00:00,c,c_1
940,2021-07-02 04:00:00,c,c_1
941,2021-07-02 05:00:00,c,c_1
942,2021-07-02 06:00:00,b,b_1
943,2021-07-02 07:00:00,b,b_1
944,2021-07-02 08:00:00,b,b_1
945,2021-07-02 09:00:00,b,b_1
946,2021-07-02 10:00:00,b,b_1
947,2021-07-02 11:00:00,b,b_1
948,2021-07-02 12:00:00,b,b_1
949,2021-07-02 13:00:00,h,h_1
950,2021-07-02 14:00:00,h,h_1
951,2021-07-02 15:00:00,d,d_0
952,2021-07-02 16:00:00,c,c_1
953,2021-07-02 17:00:00,c,c_1
954,2021-07-02 18:00:00,c,c_1
955,2021-07-02 19:00:00,c,c_1
956,2021-07-02 20:00:00,c,c_1
957,2021-07-02 21:00:00,c,c_1
958,2021-07-02 22:00:00,c,c_1
959,2021-07-02 23:00:00,e,e_1
960,2021-07-03 00:00:00,e,e_1
961,2021-07-03 01:00:00,e,e_1
962,2021-07-03 02:00:00,e,e_1
963,2021-07-03 03:00:00,e,e_1
964,2021-07-03 04:00:00,e,e_1
965,2021-07-03 05:00:00,e,e_1
966,2021-07-03 06:00:00,e,e_1
967,2021-07-03 07:00:00,d,d_0
968,2021-07-03 08:00:00,d,d_0
969,2021-07-03 09:00:00,a,a_1
970,2021-07-03 10:00:00,a,a_1
971,2021-07-03 11:00:00,a,a_1
972,2021-07-03 12:00:00,a,a_1
973,2021-07-03 13:00:00,a,a_1
974,2021-07-03 14:00:00,a,a_1
975,2021-07-03 15:00:00,a,a_1
976,2021-07-03 16:00:00,a,a_1
977,2021-07-03 17:00:00,c,c_1
978,2021-07-03 18:00:00,c,c_1
979,2021-07-03 19:00:00,c,c_1
980,2021-07-03 20:00:00,c,c_1
981,2021-07-03 21:00:00,c,c_1
982,2021-07-03 22:00:00,c,c_1
983,2021-07-03 23:00:00,c,c_1
984,2021-07-04 00:00:00,g,g_1
985,2021-07-04 01:00:00,g,g_1
986,2021-07-04 02:00:00,f,f_0
987,2021-07-04 03:00:00,h,h_1
988,2021-07-04 04:00:00,h,h_1
989,2021-07-04 05:00:00,a,a_1
990,2021-07-04 06:00:00,a,a_1
991,2021-07-04 07:00:00,a,a_1
992,2021-07-04 08:00:00,a,a_1
993,2021-07-04 09:00:00,a,a_1
994,2021-07-04 10:00:00,a,a_1
995,2021-07-04 11:00:00,a,a_1
996,2021-07-04 12:00:00,b,b_1
997,2021-07-04 13:00:00,b,b_1
998,2021-07-04 14:00:00,b,b_1
999,2021-07-04 15:00:00,b,b_1
1000,2021-07-04 16:00:00,b,b_1
1001,2021-07-04 17:00:00,b,b_1
1002,2021-07-04 18:00:00,b,b_1
1003,2021-07-04 19:00:00,b,b_1
1004,2021-07-04 20:00:00,h,h_1
1005,2021-07-04 21:00:00,h,h_1
1006,2021-07-04 22:00:00,b,b_0
1007,2021-07-04 23:00:00,b,b_0
1008,2021-07-05 00:00:00,c,c_0
1009,2021-07-05 01:00:00,c,c_0
1010,2021-07-05 02:00:00,e,e_1
1011,2021-07-05 03:00:00,e,e_1
1012,2021-07-05 04:00:00,e,e_1
1013,2021-07-05 05:00:00,e,e_1
1014,2021-07-05 06:00:00,e,e_1
1015,2021-07-05 07:00:00,e,e_1
1016,2021-07-05 08:00:00,e,e_1
1017,2021-07-05 09:00:00,b,b_1
1018,2021-07-05 10:00:00,b,b_1
1019,2021-07-05 11:00:00,b,b_1
1020,2021-07-05 12:00:00,b,b_1
1021,2021-07-05 13:00:00,b,b_1
1022,2021-07-05 14:00:00,b,b_1
1023,2021-07-05 15:00:00,b,b_1
1024,2021-07-05 16:00:00,b,b_1
1025,2021-07-05 17:00:00,d,d_1
1026,2021-07-05 18:00:00,d,d_1
1027,2021-07-05 19:00:00,d,d_1
1028,2021-07-05 20:00:00,d,d_1
1029,2021-07-05 21:00:00,d,d_1
1030,2021-07-05 22:00:00,d,d_1
1031,2021-07-05 23:00:00,d,d_1
1032,2021-07-06 00:00:00,d,d_1
1033,2021-07-06 01:00:00,g,g_1
1034,2021-07-06 02:00:00,g,g_1
1035,2021-07-06 03:00:00,f,f_0
1036,2021-07-06 04:00:00,f,f_0
1037,2021-07-06 05:00:00,d,d_1
1038,2021-07-06 06:00:00,d,d_1
1039,2021-07-06 07:00:00,d,d_1
1040,2021-07-06 08:00:00,d,d_1
1041,2021-07-06 09:00:00,d,d_1
1042,2021-07-06 10:00:00,d,d_1
1043,2021-07-06 11:00:00,d,d_1
1044,2021-07-06 12:00:00,d,d_1
1045,2021-07-06 13:00:00,g,g_0
1046,2021-07-06 14:00:00,h,h_1
1047,2021-07-06 15:00:00,h,h_1
1048,2021-07-06 16:00:00,g,g_0
1049,2021-07-06 17:00:00,a,a_1
1050,2021-07-06 18:00:00,a,a_1
1051,2021-07-06 19:00:00,a,a_1
1052,2021-07-06 20:00:00,a,a_1
1053,2021-07-06 21:00:00,a,a_1
1054,2021-07-06 22:00:00,a,a_1
1055,2021-07-06 23:00:00,a,a_1
1056,2021-07-07 00:00:00,h,h_1
1057,2021-07-07 01:00:00,h,h_1
1058,2021-07-07 02:00:00,g,g_0
1059,2021-07-07 03:00:00,c,c_0
1060,2021-07-07 04:00:00,h,h_1
1061,2021-07-07 05:00:00,h,h_1
1062,2021-07-07 06:00:00,c,c_1
1063,2021-07-07 07:00:00,c,c_1
1064,2021-07-07 08:00:00,c,c_1
1065,2021-07-07 09:00:00,c,c_1
1066,2021-07-07 10:00:00,c,c_1
1067,2021-07-07 11:00:00,c,c_1
1068,2021-07-07 12:00:00,c,c_1
1069,2021-07-07 13:00:00,c,c_1
1070,2021-07-07 14:00:00,e,e_0
1071,2021-07-07 15:00:00,h,h_0
1072,2021-07-07 16:00:00,g,g_1
1073,2021-07-07 17:00:00,g,g_1
1074,2021-07-07 18:00:00,d,d_1
1075,2021-07-07 19:00:00,d,d_1
1076,2021-07-07 20:00:00,d,d_1
1077,2021-07-07 21:00:00,d,d_1
1078,2021-07-07 22:00:00,d,d_1
1079,2021-07-07 23:00:00,d,d_1
1080,2021-07-08 00:00:00,d,d_1
1081,2021-07-08 01:00:00,b,b_1
1082,2021-07-08 02:00:00,b,b_1
1083,2021-07-08 03:00:00,b,b_1
1084,2021-07-08 04:00:00,b,b_1
1085,2021-07-08 05:00:00,b,b_1
1086,2021-07-08 06:00:00,b,b_1
1087,2021-07-08 07:00:00,b,b_1
1088,2021-07-08 08:00:00,e,e_0
1089,2021-07-08 09:00:00,e,e_0
1090,2021-07-08 10:00:00,f,f_0
1091,2021-07-08 11:00:00,h,h_1
1092,2021-07-08 12:00:00,h,h_1
1093,2021-07-08 13:00:00,g,g_0
1094,2021-07-08 14:00:00,h,h_1
1095,2021-07-08 15:00:00,h,h_1
1096,2021-07-08 16:00:00,f,f_0
1097,2021-07-08 17:00:00,f,f_0
1098,2021-07-08 18:00:00,g,g_0
1099,2021-07-08 19:00:00,h,h_0
1100,2021-07-08 20:00:00,d,d_1
1101,2021-07-08 21:00:00,d,d_1
1102,2021-07-08 22:00:00,d,d_1
1103,2021-07-08 23:00:00,d,d_1
1104,2021-07-09 00:00:00,d,d_1
1105,2021-07-09 01:00:00,d,d_1
1106,2021-07-09 02:00:00,d,d_1
1107,2021-07-09 03:00:00,d,d_1
1108,2021-07-09 04:00:00,g,g_1
1109,2021-07-09 05:00:00,g,g_1
1110,2021-07-09 06:00:00,e,e_0
1111,2021-07-09 07:00:00,e,e_0
1112,2021-07-09 08:00:00,h,h_0
1113,2021-07-09 09:00:00,d,d_1
1114,2021-07-09 10:00:00,d,d_1
1115,2021-07-09 11:00:00,d,d_1
1116,2021-07-09 12:00:00,d,d_1
1117,2021-07-09 13:00:00,d,d_1
1118,2021-07-09 14:00:00,d,d_1
1119,2021-07-09 15:00:00,d,d_1
1120,2021-07-09 16:00:00,d,d_1
1121,2021-07-09 17:00:00,f,f_0
1122,2021-07-09 18:00:00,f,f_0
1123,2021-07-09 19:00:00,e,e_0
1124,2021-07-09 20:00:00,e,e_0
1125,2021-07-09 21:00:00,d,d_0
1126,2021-07-09 22:00:00,f,f_0
1127,2021-07-09 23:00:00,e,e_0
1128,2021-07-10 00:00:00,c,c_1
1129,2021-07-10 01:00:00,c,c_1
1130,2021-07-10 02:00:00,c,c_1
1131,2021-07-10 03:00:00,c,c_1
1132,2021-07-10 04:00:00,c,c_1
1133,2021-07-10 05:00:00,c,c_1
1134,2021-07-10 06:00:00,c,c_1
1135,2021-07-10 07:00:00,f,f_0
1136,2021-07-10 08:00:00,e,e_1
1137,2021-07-10 09:00:00,e,e_1
1138,2021-07-10 10:00:00,e,e_1
1139,2021-07-10 11:00:00,e,e_1
1140,2021-07-10 12:00:00,e,e_1
1141,2021-07-10 13:00:00,e,e_1
1142,2021-07-10 14:00:00,e,e_1
1143,2021-07-10 15:00:00,d,d_0
1144,2021-07-10 16:00:00,e,e_1
1145,2021-07-10 17:00:00,e,e_1
1146,2021-07-10 18:00:00,e,e_1
1147,2021-07-10 19:00:00,e,e_1
1148,2021-07-10 20:00:00,e,e_1
1149,2021-07-10 21:00:00,e,e_1
1150,2021-07-10 22:00:00,e,e_1
1151,2021-07-10 23:00:00,a,a_1
1152,2021-07-11 00:00:00,a,a_1
1153,2021-07-11 01:00:00,a,a_1
1154,2021-07-11 02:00:00,a,a_1
1155,2021-07-11 03:00:00,a,a_1
1156,2021-07-11 04:00:00,a,a_1
1157,2021-07-11 05:00:00,a,a_1
1158,2021-07-11 06:00:00,f,f_1
1159,2021-07-11 07:00:00,f,f_1
1160,2021-07-11 08:00:00,f,f_1
1161,2021-07-11 09:00:00,f,f_1
1162,2021-07-11 10:00:00,f,f_1
1163,2021-07-11 11:00:00,f,f_1
1164,2021-07-11 12:00:00,f,f_1
1165,2021-07-11 13:00:00,b,b_1
1166,2021-07-11 14:00:00,b,b_1
1167,2021-07-11 15:00:00,b,b_1
1168,2021-07-11 16:00:00,b,b_1
1169,2021-07-11 17:00:00,b,b_1
1170,2021-07-11 18:00:00,b,b_1
1171,2021-07-11 19:00:00,b,b_1
1172,2021-07-11 20:00:00,b,b_1
1173,2021-07-11 21:00:00,f,f_1
1174,2021-07-11 22:00:00,f,f_1
1175,2021-07-11 23:00:00,f,f_1
1176,2021-07-12 00:00:00,f,f_1
1177,2021-07-12 01:00:00,f,f_1
1178,2021-07-12 02:00:00,f,f_1
1179,2021-07-12 03:00:00,f,f_1
1180,2021-07-12 04:00:00,c,c_0
1181,2021-07-12 05:00:00,b,b_1
1182,2021-07-12 06:00:00,b,b_1
1183,2021-07-12 07:00:00,b,b_1
1184,2021-07-12 08:00:00,b,b_1
1185,2021-07-12 09:00:00,b,b_1
1186,2021-07-12 10:00:00,b,b_1
1187,2021-07-12 11:00:00,b,b_1
1188,2021-07-12 12:00:00,b,b_1
1189,2021-07-12 13:00:00,e,e_1
1190,2021-07-12 14:00:00,e,e_1
1191,2021-07-12 15:00:00,e,e_1
1192,2021-07-12 16:00:00,e,e_1
1193,2021-07-12 17:00:00,e,e_1
1194,2021-07-12 18:00:00,e,e_1
1195,2021-07-12 19:00:00,e,e_1
1196,2021-07-12 20:00:00,e,e_1
1197,2021-07-12 21:00:00,h,h_0
1198,2021-07-12 22:00:00,e,e_0
1199,2021-07-12 23:00:00,e,e_0
1200,2021-07-13 00:00:00,a,a_0
1201,2021-07-13 01:00:00,d,d_1
1202,2021-07-13 02:00:00,d,d_1
1203,2021-07-13 03:00:00,d,d_1
1204,2021-07-13 04:00:00,d,d_1
1205,2021-07-13 05:00:00,d,d_1
1206,2021-07-13 06:00:00,d,d_1
1207,2021-07-13 07:00:00,d,d_1
1208,2021-07-13 08:00:00,c,c_1
1209,2021-07-13 09:00:00,c,c_1
1210,2021-07-13 10:00:00,c,c_1
1211,2021-07-13 11:00:00,c,c_1
1212,2021-07-13 12:00:00,c,c_1
1213,2021-07-13 13:00:00,c,c_1
1214,2021-07-13 14:00:00,c,c_1
1215,2021-07-13 15:00:00,c,c_1
1216,2021-07-13 16:00:00,b,b_0
1217,2021-07-13 17:00:00,e,e_1
1218,2021-07-13 18:00:00,e,e_1
1219,2021-07-13 19:00:00,e,e_1
1220,2021-07-13 20:00:00,e,e_1
1221,2021-07-13 21:00:00,e,e_1
1222,2021-07-13 22:00:00,e,e_1
1223,2021-07-13 23:00:00,e,e_1
1224,2021-07-14 00:00:00,e,e_1
1225,2021-07-14 01:00:00,d,d_0
1226,2021-07-14 02:00:00,d,d_0
1227,2021-07-14 03:00:00,e,e_1
1228,2021-07-14 04:00:00,e,e_1
1229,2021-07-14 05:00:00,e,e_1
1230,2021-07-14 06:00:00,e,e_1
1231,2021-07-14 07:00:00,e,e_1
1232,2021-07-14 08:00:00,e,e_1
1233,2021-07-14 09:00:00,e,e_1
1234,2021-07-14 10:00:00,e,e_1
1235,2021-07-14 11:00:00,d,d_0
1236,2021-07-14 12:00:00,d,d_0
1237,2021-07-14 13:00:00,e,e_1
1238,2021-07-14 14:00:00,e,e_1
1239,2021-07-14 15:00:00,e,e_1
1240,2021-07-14 16:00:00,e,e_1
1241,2021-07-14 17:00:00,e,e_1
1242,2021-07-14 18:00:00,e,e_1
1243,2021-07-14 19:00:00,e,e_1
1244,2021-07-14 20:00:00,e,e_1
1245,2021-07-14 21:00:00,f,f_0
1246,2021-07-14 22:00:00,f,f_0
1247,2021-07-14 23:00:00,d,d_0
1248,2021-07-15 00:00:00,a,a_0
1249,2021-07-15 01:00:00,a,a_0
1250,2021-07-15 02:00:00,c,c_0
1251,2021-07-15 03:00:00,c,c_0
1252,2021-07-15 04:00:00,b,b_1
1253,2021-07-15 05:00:00,b,b_1
1254,2021-07-15 06:00:00,b,b_1
1255,2021-07-15 07:00:00,b,b_1
1256,2021-07-15 08:00:00,b,b_1
1257,2021-07-15 09:00:00,b,b_1
1258,2021-07-15 10:00:00,b,b_1
1259,2021-07-15 11:00:00,g,g_0
1260,2021-07-15 12:00:00,e,e_1
1261,2021-07-15 13:00:00,e,e_1
1262,2021-07-15 14:00:00,e,e_1
1263,2021-07-15 15:00:00,e,e_1
1264,2021-07-15 16:00:00,e,e_1
1265,2021-07-15 17:00:00,e,e_1
1266,2021-07-15 18:00:00,e,e_1
1267,2021-07-15 19:00:00,e,e_1
1268,2021-07-15 20:00:00,f,f_0
1269,2021-07-15 21:00:00,d,d_0
1270,2021-07-15 22:00:00,e,e_0
1271,2021-07-15 23:00:00,e,e_0
1272,2021-07-16 00:00:00,b,b_1
1273,2021-07-16 01:00:00,b,b_1
1274,2021-07-16 02:00:00,b,b_1
1275,2021-07-16 03:00:00,b,b_1
1276,2021-07-16 04:00:00,b,b_1
1277,2021-07-16 05:00:00,b,b_1
1278,2021-07-16 06:00:00,b,b_1
1279,2021-07-16 07:00:00,b,b_1
1280,2021-07-16 08:00:00,f,f_1
1281,2021-07-16 09:00:00,f,f_1
1282,2021-07-16 10:00:00,f,f_1
1283,2021-07-16 11:00:00,f,f_1
1284,2021-07-16 12:00:00,f,f_1
1285,2021-07-16 13:00:00,f,f_1
1286,2021-07-16 14:00:00,f,f_1
1287,2021-07-16 15:00:00,c,c_1
1288,2021-07-16 16:00:00,c,c_1
1289,2021-07-16 17:00:00,c,c_1
1290,2021-07-16 18:00:00,c,c_1
1291,2021-07-16 19:00:00,c,c_1
1292,2021-07-16 20:00:00,c,c_1
1293,2021-07-16 21:00:00,c,c_1
1294,2021-07-16 22:00:00,c,c_1
1295,2021-07-16 23:00:00,e,e_1
1296,2021-07-17 00:00:00,e,e_1
1297,2021-07-17 01:00:00,e,e_1
1298,2021-07-17 02:00:00,e,e_1
1299,2021-07-17 03:00:00,e,e_1
1300,2021-07-17 04:00:00,e,e_1
1301,2021-07-17 05:00:00,e,e_1
1302,2021-07-17 06:00:00,g,g_0
1303,2021-07-17 07:00:00,f,f_0
1304,2021-07-17 08:00:00,b,b_0
1305,2021-07-17 09:00:00,b,b_0
1306,2021-07-17 10:00:00,c,c_0
1307,2021-07-17 11:00:00,e,e_1
1308,2021-07-17 12:00:00,e,e_1
1309,2021-07-17 13:00:00,e,e_1
1310,2021-07-17 14:00:00,e,e_1
1311,2021-07-17 15:00:00,e,e_1
1312,2021-07-17 16:00:00,e,e_1
1313,2021-07-17 17:00:00,e,e_1
1314,2021-07-17 18:00:00,h,h_0
1315,2021-07-17 19:00:00,d,d_0
1316,2021-07-17 20:00:00,c,c_0
1317,2021-07-17 21:00:00,g,g_1
1318,2021-07-17 22:00:00,g,g_1
1319,2021-07-17 23:00:00,a,a_1
1320,2021-07-18 00:00:00,a,a_1
1321,2021-07-18 01:00:00,a,a_1
1322,2021-07-18 02:00:00,a,a_1
1323,2021-07-18 03:00:00,a,a_1
1324,2021-07-18 04:00:00,a,a_1
1325,2021-07-18 05:00:00,a,a_1
1326,2021-07-18 06:00:00,c,c_1
1327,2021-07-18 07:00:00,c,c_1
1328,2021-07-18 08:00:00,c,c_1
1329,2021-07-18 09:00:00,c,c_1
1330,2021-07-18 10:00:00,c,c_1
1331,2021-07-18 11:00:00,c,c_1
1332,2021-07-18 12:00:00,c,c_1
1333,2021-07-18 13:00:00,c,c_1
1334,2021-07-18 14:00:00,d,d_1
1335,2021-07-18 15:00:00,d,d_1
1336,2021-07-18 16:00:00,d,d_1
1337,2021-07-18 17:00:00,d,d_1
1338,2021-07-18 18:00:00,d,d_1
1339,2021-07-18 19:00:00,d,d_1
1340,2021-07-18 20:00:00,d,d_1
1341,2021-07-18 21:00:00,d,d_1
1342,2021-07-18 22:00:00,g,g_1
1343,2021-07-18 23:00:00,g,g_1
1344,2021-07-19 00:00:00,h,h_0
1345,2021-07-19 01:00:00,b,b_0
1346,2021-07-19 02:00:00,a,a_0
1347,2021-07-19 03:00:00,g,g_1
1348,2021-07-19 04:00:00,g,g_1
1349,2021-07-19 05:00:00,b,b_1
1350,2021-07-19 06:00:00,b,b_1
1351,2021-07-19 07:00:00,b,b_1
1352,2021-07-19 08:00:00,b,b_1
1353,2021-07-19 09:00:00,b,b_1
1354,2021-07-19 10:00:00,b,b_1
1355,2021-07-19 11:00:00,b,b_1
1356,2021-07-19 12:00:00,f,f_1
1357,2021-07-19 13:00:00,f,f_1
1358,2021-07-19 14:00:00,f,f_1
1359,2021-07-19 15:00:00,f,f_1
1360,2021-07-19 16:00:00,f,f_1
1361,2021-07-19 17:00:00,f,f_1
1362,2021-07-19 18:00:00,f,f_1
1363,2021-07-19 19:00:00,f,f_1
1364,2021-07-19 20:00:00,d,d_0
1365,2021-07-19 21:00:00,a,a_0
1366,2021-07-19 22:00:00,e,e_1
1367,2021-07-19 23:00:00,e,e_1
1368,2021-07-20 00:00:00,e,e_1
1369,2021-07-20 01:00:00,e,e_1
1370,2021-07-20 02:00:00,e,e_1
1371,2021-07-20 03:00:00,e,e_1
1372,2021-07-20 04:00:00,e,e_1
1373,2021-07-20 05:00:00,e,e_1
1374,2021-07-20 06:00:00,h,h_0
1375,2021-07-20 07:00:00,f,f_1
1376,2021-07-20 08:00:00,f,f_1
1377,2021-07-20 09:00:00,f,f_1
1378,2021-07-20 10:00:00,f,f_1
1379,2021-07-20 11:00:00,f,f_1
1380,2021-07-20 12:00:00,f,f_1
1381,2021-07-20 13:00:00,f,f_1
1382,2021-07-20 14:00:00,f,f_1
1383,2021-07-20 15:00:00,h,h_0
1384,2021-07-20 16:00:00,e,e_0
1385,2021-07-20 17:00:00,e,e_0
1386,2021-07-20 18:00:00,a,a_0
1387,2021-07-20 19:00:00,c,c_0
1388,2021-07-20 20:00:00,h,h_1
1389,2021-07-20 21:00:00,h,h_1
1390,2021-07-20 22:00:00,f,f_1
1391,2021-07-20 23:00:00,f,f_1
1392,2021-07-21 00:00:00,f,f_1
1393,2021-07-21 01:00:00,f,f_1
1394,2021-07-21 02:00:00,f,f_1
1395,2021-07-21 03:00:00,f,f_1
1396,2021-07-21 04:00:00,f,f_1
1397,2021-07-21 05:00:00,g,g_1
1398,2021-07-21 06:00:00,g,g_1
1399,2021-07-21 07:00:00,a,a_1
1400,2021-07-21 08:00:00,a,a_1
1401,2021-07-21 09:00:00,a,a_1
1402,2021-07-21 10:00:00,a,a_1
1403,2021-07-21 11:00:00,a,a_1
1404,2021-07-21 12:00:00,a,a_1
1405,2021-07-21 13:00:00,a,a_1
1406,2021-07-21 14:00:00,h,h_0
1407,2021-07-21 15:00:00,d,d_1
1408,2021-07-21 16:00:00,d,d_1
1409,2021-07-21 17:00:00,d,d_1
1410,2021-07-21 18:00:00,d,d_1
1411,2021-07-21 19:00:00,d,d_1
1412,2021-07-21 20:00:00,d,d_1
1413,2021-07-21 21:00:00,d,d_1
1414,2021-07-21 22:00:00,e,e_1
1415,2021-07-21 23:00:00,e,e_1
1416,2021-07-22 00:00:00,e,e_1
1417,2021-07-22 01:00:00,e,e_1
1418,2021-07-22 02:00:00,e,e_1
1419,2021-07-22 03:00:00,e,e_1
1420,2021-07-22 04:00:00,e,e_1
1421,2021-07-22 05:00:00,b,b_1
1422,2021-07-22 06:00:00,b,b_1
1423,2021-07-22 07:00:00,b,b_1
1424,2021-07-22 08:00:00,b,b_1
1425,2021-07-22 09:00:00,b,b_1
1426,2021-07-22 10:00:00,b,b_1
1427,2021-07-22 11:00:00,b,b_1
1428,2021-07-22 12:00:00,b,b_1
1429,2021-07-22 13:00:00,d,d_0
1430,2021-07-22 14:00:00,d,d_0
1431,2021-07-22 15:00:00,h,h_1
1432,2021-07-22 16:00:00,h,h_1
1433,2021-07-22 17:00:00,f,f_1
1434,2021-07-22 18:00:00,f,f_1
1435,2021-07-22 19:00:00,f,f_1
1436,2021-07-22 20:00:00,f,f_1
1437,2021-07-22 21:00:00,f,f_1
1438,2021-07-22 22:00:00,f,f_1
1439,2021-07-22 23:00:00,f,f_1
1440,2021-07-23 00:00:00,f,f_1
1441,2021-07-23 01:00:00,e,e_1
1442,2021-07-23 02:00:00,e,e_1
1443,2021-07-23 03:00:00,e,e_1
1444,2021-07-23 04:00:00,e,e_1
1445,2021-07-23 05:00:00,e,e_1
1446,2021-07-23 06:00:00,e,e_1
1447,2021-07-23 07:00:00,e,e_1
1448,2021-07-23 08:00:00,e,e_1
1449,2021-07-23 09:00:00,g,g_0
1450,2021-07-23 10:00:00,h,h_0
1451,2021-07-23 11:00:00,c,c_0
1452,2021-07-23 12:00:00,c,c_0
1453,2021-07-23 13:00:00,h,h_0
1454,2021-07-23 14:00:00,f,f_1
1455,2021-07-23 15:00:00,f,f_1
1456,2021-07-23 16:00:00,f,f_1
1457,2021-07-23 17:00:00,f,f_1
1458,2021-07-23 18:00:00,f,f_1
1459,2021-07-23 19:00:00,f,f_1
1460,2021-07-23 20:00:00,f,f_1
1461,2021-07-23 21:00:00,f,f_1
1462,2021-07-23 22:00:00,d,d_0
1463,2021-07-23 23:00:00,d,d_0
1464,2021-07-24 00:00:00,h,h_0
1465,2021-07-24 01:00:00,a,a_1
1466,2021-07-24 02:00:00,a,a_1
1467,2021-07-24 03:00:00,a,a_1
1468,2021-07-24 04:00:00,a,a_1
1469,2021-07-24 05:00:00,a,a_1
1470,2021-07-24 06:00:00,a,a_1
1471,2021-07-24 07:00:00,a,a_1
1472,2021-07-24 08:00:00,a,a_1
1473,2021-07-24 09:00:00,c,c_0
1474,2021-07-24 10:00:00,e,e_1
1475,2021-07-24 11:00:00,e,e_1
1476,2021-07-24 12:00:00,e,e_1
1477,2021-07-24 13:00:00,e,e_1
1478,2021-07-24 14:00:00,e,e_1
1479,2021-07-24 15:00:00,e,e_1
1480,2021-07-24 16:00:00,e,e_1
1481,2021-07-24 17:00:00,b,b_1
1482,2021-07-24 18:00:00,b,b_1
1483,2021-07-24 19:00:00,b,b_1
1484,2021-07-24 20:00:00,b,b_1
1485,2021-07-24 21:00:00,b,b_1
1486,2021-07-24 22:00:00,b,b_1
1487,2021-07-24 23:00:00,b,b_1
1488,2021-07-25 00:00:00,b,b_1
1489,2021-07-25 01:00:00,c,c_1
1490,2021-07-25 02:00:00,c,c_1
1491,2021-07-25 03:00:00,c,c_1
1492,2021-07-25 04:00:00,c,c_1
1493,2021-07-25 05:00:00,c,c_1
1494,2021-07-25 06:00:00,c,c_1
1495,2021-07-25 07:00:00,c,c_1
1496,2021-07-25 08:00:00,d,d_1
1497,2021-07-25 09:00:00,d,d_1
1498,2021-07-25 10:00:00,d,d_1
1499,2021-07-25 11:00:00,d,d_1
1500,2021-07-25 12:00:00,d,d_1
1501,2021-07-25 13:00:00,d,d_1
1502,2021-07-25 14:00:00,d,d_1
1503,2021-07-25 15:00:00,a,a_1
1504,2021-07-25 16:00:00,a,a_1
1505,2021-07-25 17:00:00,a,a_1
1506,2021-07-25 18:00:00,a,a_1
1507,2021-07-25 19:00:00,a,a_1
1508,2021-07-25 20:00:00,a,a_1
1509,2021-07-25 21:00:00,a,a_1
1510,2021-07-25 22:00:00,a,a_1
1511,2021-07-25 23:00:00,g,g_1
1512,2021-07-26 00:00:00,g,g_1
1513,2021-07-26 01:00:00,f,f_1
1514,2021-07-26 02:00:00,f,f_1
1515,2021-07-26 03:00:00,f,f_1
1516,2021-07-26 04:00:00,f,f_1
1517,2021-07-26 05:00:00,f,f_1
1518,2021-07-26 06:00:00,f,f_1
1519,2021-07-26 07:00:00,f,f_1
1520,2021-07-26 08:00:00,f,f_1
1521,2021-07-26 09:00:00,d,d_0
1522,2021-07-26 10:00:00,h,h_0
1523,2021-07-26 11:00:00,e,e_1
1524,2021-07-26 12:00:00,e,e_1
1525,2021-07-26 13:00:00,e,e_1
1526,2021-07-26 14:00:00,e,e_1
1527,2021-07-26 15:00:00,e,e_1
1528,2021-07-26 16:00:00,e,e_1
1529,2021-07-26 17:00:00,e,e_1
1530,2021-07-26 18:00:00,e,e_1
1531,2021-07-26 19:00:00,h,h_1
1532,2021-07-26 20:00:00,h,h_1
1533,2021-07-26 21:00:00,a,a_0
1534,2021-07-26 22:00:00,a,a_0
1535,2021-07-26 23:00:00,f,f_0
1536,2021-07-27 00:00:00,f,f_0
1537,2021-07-27 01:00:00,b,b_0
1538,2021-07-27 02:00:00,b,b_0
1539,2021-07-27 03:00:00,a,a_0
1540,2021-07-27 04:00:00,a,a_0
1541,2021-07-27 05:00:00,c,c_1
1542,2021-07-27 06:00:00,c,c_1
1543,2021-07-27 07:00:00,c,c_1
1544,2021-07-27 08:00:00,c,c_1
1545,2021-07-27 09:00:00,c,c_1
1546,2021-07-27 10:00:00,c,c_1
1547,2021-07-27 11:00:00,c,c_1
1548,2021-07-27 12:00:00,c,c_1
1549,2021-07-27 13:00:00,h,h_0
1550,2021-07-27 14:00:00,g,g_0
1551,2021-07-27 15:00:00,f,f_0
1552,2021-07-27 16:00:00,f,f_0
1553,2021-07-27 17:00:00,d,d_0
1554,2021-07-27 18:00:00,g,g_0
1555,2021-07-27 19:00:00,b,b_1
1556,2021-07-27 20:00:00,b,b_1
1557,2021-07-27 21:00:00,b,b_1
1558,2021-07-27 22:00:00,b,b_1
1559,2021-07-27 23:00:00,b,b_1
1560,2021-07-28 00:00:00,b,b_1
1561,2021-07-28 01:00:00,b,b_1
1562,2021-07-28 02:00:00,b,b_1
1563,2021-07-28 03:00:00,a,a_1
1564,2021-07-28 04:00:00,a,a_1
1565,2021-07-28 05:00:00,a,a_1
1566,2021-07-28 06:00:00,a,a_1
1567,2021-07-28 07:00:00,a,a_1
1568,2021-07-28 08:00:00,a,a_1
1569,2021-07-28 09:00:00,a,a_1
1570,2021-07-28 10:00:00,b,b_0
1571,2021-07-28 11:00:00,h,h_1
1572,2021-07-28 12:00:00,h,h_1
1573,2021-07-28 13:00:00,f,f_0
1574,2021-07-28 14:00:00,f,f_0
1575,2021-07-28 15:00:00,a,a_0
1576,2021-07-28 16:00:00,b,b_1
1577,2021-07-28 17:00:00,b,b_1
1578,2021-07-28 18:00:00,b,b_1
1579,2021-07-28 19:00:00,b,b_1
1580,2021-07-28 20:00:00,b,b_1
1581,2021-07-28 21:00:00,b,b_1
1582,2021-07-28 22:00:00,b,b_1
1583,2021-07-28 23:00:00,c,c_0
1584,2021-07-29 00:00:00,g,g_1
1585,2021-07-29 01:00:00,g,g_1
1586,2021-07-29 02:00:00,f,f_1
1587,2021-07-29 03:00:00,f,f_1
1588,2021-07-29 04:00:00,f,f_1
1589,2021-07-29 05:00:00,f,f_1
1590,2021-07-29 06:00:00,f,f_1
1591,2021-07-29 07:00:00,f,f_1
1592,2021-07-29 08:00:00,f,f_1
1593,2021-07-29 09:00:00,f,f_1
1594,2021-07-29 10:00:00,d,d_1
1595,2021-07-29 11:00:00,d,d_1
1596,2021-07-29 12:00:00,d,d_1
1597,2021-07-29 13:00:00,d,d_1
1598,2021-07-29 14:00:00,d,d_1
1599,2021-07-29 15:00:00,d,d_1
1600,2021-07-29 16:00:00,d,d_1
1601,2021-07-29 17:00:00,h,h_1
1602,2021-07-29 18:00:00,h,h_1
1603,2021-07-29 19:00:00,b,b_1
1604,2021-07-29 20:00:00,b,b_1
1605,2021-07-29 21:00:00,b,b_1
1606,2021-07-29 22:00:00,b,b_1
1607,2021-07-29 23:00:00,b,b_1
1608,2021-07-30 00:00:00,b,b_1
1609,2021-07-30 01:00:00,b,b_1
1610,2021-07-30 02:00:00,b,b_1
1611,2021-07-30 03:00:00,c,c_1
1612,2021-07-30 04:00:00,c,c_1
1613,2021-07-30 05:00:00,c,c_1
1614,2021-07-30 06:00:00,c,c_1
1615,2021-07-30 07:00:00,c,c_1
1616,2021-07-30 08:00:00,c,c_1
1617,2021-07-30 09:00:00,c,c_1
1618,2021-07-30 10:00:00,c,c_1
1619,2021-07-30 11:00:00,e,e_1
1620,2021-07-30 12:00:00,e,e_1
1621,2021-07-30 13:00:00,e,e_1
1622,2021-07-30 14:00:00,e,e_1
1623,2021-07-30 15:00:00,e,e_1
1624,2021-07-30 16:00:00,e,e_1
1625,2021-07-30 17:00:00,e,e_1
1626,2021-07-30 18:00:00,e,e_1
1627,2021-07-30 19:00:00,c,c_1
1628,2021-07-30 20:00:00,c,c_1
1629,2021-07-30 21:00:00,c,c_1
1630,2021-07-30 22:00:00,c,c_1
1631,2021-07-30 23:00:00,c,c_1
1632,2021-07-31 00:00:00,c,c_1
1633,2021-07-31 01:00:00,c,c_1
1634,2021-07-31 02:00:00,f,f_1
1635,2021-07-31 03:00:00,f,f_1
1636,2021-07-31 04:00:00,f,f_1
1637,2021-07-31 05:00:00,f,f_1
1638,2021-07-31 06:00:00,f,f_1
1639,2021-07-31 07:00:00,f,f_1
1640,2021-07-31 08:00:00,f,f_1
1641,2021-07-31 09:00:00,e,e_1
1642,2021-07-31 10:00:00,e,e_1
1643,2021-07-31 11:00:00,e,e_1
1644,2021-07-31 12:00:00,e,e_1
1645,2021-07-31 13:00:00,e,e_1
1646,2021-07-31 14:00:00,e,e_1
1647,2021-07-31 15:00:00,e,e_1
1648,2021-07-31 16:00:00,e,e_1
1649,2021-07-31 17:00:00,h,h_0
1650,2021-07-31 18:00:00,d,d_0
1651,2021-07-31 19:00:00,h,h_1
1652,2021-07-31 20:00:00,h,h_1
1653,2021-07-31 21:00:00,e,e_0
1654,2021-07-31 22:00:00,a,a_1
1655,2021-07-31 23:00:00,a,a_1
1656,2021-08-01 00:00:00,a,a_1
1657,2021-08-01 01:00:00,a,a_1
1658,2021-08-01 02:00:00,a,a_1
1659,2021-08-01 03:00:00,a,a_1
1660,2021-08-01 04:00:00,a,a_1
1661,2021-08-01 05:00:00,a,a_1
1662,2021-08-01 06:00:00,h,h_1
1663,2021-08-01 07:00:00,h,h_1
1664,2021-08-01 08:00:00,e,e_1
1665,2021-08-01 09:00:00,e,e_1
1666,2021-08-01 10:00:00,e,e_1
1667,2021-08-01 11:00:00,e,e_1
1668,2021-08-01 12:00:00,e,e_1
1669,2021-08-01 13:00:00,e,e_1
1670,2021-08-01 14:00:00,e,e_1
1671,2021-08-01 15:00:00,e,e_1
1672,2021-08-01 16:00:00,f,f_0
1673,2021-08-01 17:00:00,d,d_0
1674,2021-08-01 18:00:00,e,e_1
1675,2021-08-01 19:00:00,e,e_1
1676,2021-08-01 20:00:00,e,e_1
1677,2021-08-01 21:00:00,e,e_1
1678,2021-08-01 22:00:00,e,e_1
1679,2021-08-01 23:00:00,e,e_1
1680,2021-08-02 00:00:00,e,e_1
1681,2021-08-02 01:00:00,g,g_0
1682,2021-08-02 02:00:00,f,f_1
1683,2021-08-02 03:00:00,f,f_1
1684,2021-08-02 04:00:00,f,f_1
1685,2021-08-02 05:00:00,f,f_1
1686,2021-08-02 06:00:00,f,f_1
1687,2021-08-02 07:00:00,f,f_1
1688,2021-08-02 08:00:00,f,f_1
1689,2021-08-02 09:00:00,h,h_0
1690,2021-08-02 10:00:00,b,b_1
1691,2021-08-02 11:00:00,b,b_1
1692,2021-08-02 12:00:00,b,b_1
1693,2021-08-02 13:00:00,b,b_1
1694,2021-08-02 14:00:00,b,b_1
1695,2021-08-02 15:00:00,b,b_1
1696,2021-08-02 16:00:00,b,b_1
1697,2021-08-02 17:00:00,e,e_1
1698,2021-08-02 18:00:00,e,e_1
1699,2021-08-02 19:00:00,e,e_1
1700,2021-08-02 20:00:00,e,e_1
1701,2021-08-02 21:00:00,e,e_1
1702,2021-08-02 22:00:00,e,e_1
1703,2021-08-02 23:00:00,e,e_1
1704,2021-08-03 00:00:00,e,e_1
1705,2021-08-03 01:00:00,a,a_1
1706,2021-08-03 02:00:00,a,a_1
1707,2021-08-03 03:00:00,a,a_1
1708,2021-08-03 04:00:00,a,a_1
1709,2021-08-03 05:00:00,a,a_1
1710,2021-08-03 06:00:00,a,a_1
1711,2021-08-03 07:00:00,a,a_1
1712,2021-08-03 08:00:00,a,a_1
1713,2021-08-03 09:00:00,h,h_0
1714,2021-08-03 10:00:00,f,f_0
1715,2021-08-03 11:00:00,b,b_1
1716,2021-08-03 12:00:00,b,b_1
1717,2021-08-03 13:00:00,b,b_1
1718,2021-08-03 14:00:00,b,b_1
1719,2021-08-03 15:00:00,b,b_1
1720,2021-08-03 16:00:00,b,b_1
1721,2021-08-03 17:00:00,b,b_1
1722,2021-08-03 18:00:00,g,g_1
1723,2021-08-03 19:00:00,g,g_1
1724,2021-08-03 20:00:00,b,b_1
1725,2021-08-03 21:00:00,b,b_1
1726,2021-08-03 22:00:00,b,b_1
1727,2021-08-03 23:00:00,b,b_1
1728,2021-08-04 00:00:00,b,b_1
1729,2021-08-04 01:00:00,b,b_1
1730,2021-08-04 02:00:00,b,b_1
1731,2021-08-04 03:00:00,h,h_0
1732,2021-08-04 04:00:00,c,c_1
1733,2021-08-04 05:00:00,c,c_1
1734,2021-08-04 06:00:00,c,c_1
1735,2021-08-04 07:00:00,c,c_1
1736,2021-08-04 08:00:00,c,c_1
1737,2021-08-04 09:00:00,c,c_1
1738,2021-08-04 10:00:00,c,c_1
1739,2021-08-04 11:00:00,d,d_0
1740,2021-08-04 12:00:00,e,e_1
1741,2021-08-04 13:00:00,e,e_1
1742,2021-08-04 14:00:00,e,e_1
1743,2021-08-04 15:00:00,e,e_1
1744,2021-08-04 16:00:00,e,e_1
1745,2021-08-04 17:00:00,e,e_1
1746,2021-08-04 18:00:00,e,e_1
1747,2021-08-04 19:00:00,c,c_1
1748,2021-08-04 20:00:00,c,c_1
1749,2021-08-04 21:00:00,c,c_1
1750,2021-08-04 22:00:00,c,c_1
1751,2021-08-04 23:00:00,c,c_1
1752,2021-08-05 00:00:00,c,c_1
1753,2021-08-05 01:00:00,c,c_1
1754,2021-08-05 02:00:00,c,c_1
1755,2021-08-05 03:00:00,h,h_0
1756,2021-08-05 04:00:00,b,b_0
1757,2021-08-05 05:00:00,d,d_0
1758,2021-08-05 06:00:00,d,d_0
1759,2021-08-05 07:00:00,f,f_1
1760,2021-08-05 08:00:00,f,f_1
1761,2021-08-05 09:00:00,f,f_1
1762,2021-08-05 10:00:00,f,f_1
1763,2021-08-05 11:00:00,f,f_1
1764,2021-08-05 12:00:00,f,f_1
1765,2021-08-05 13:00:00,f,f_1
1766,2021-08-05 14:00:00,f,f_1
1767,2021-08-05 15:00:00,e,e_1
1768,2021-08-05 16:00:00,e,e_1
1769,2021-08-05 17:00:00,e,e_1
1770,2021-08-05 18:00:00,e,e_1
1771,2021-08-05 19:00:00,e,e_1
1772,2021-08-05 20:00:00,e,e_1
1773,2021-08-05 21:00:00,e,e_1
1774,2021-08-05 22:00:00,c,c_0
1775,2021-08-05 23:00:00,a,a_1
1776,2021-08-06 00:00:00,a,a_1
1777,2021-08-06 01:00:00,a,a_1
1778,2021-08-06 02:00:00,a,a_1
1779,2021-08-06 03:00:00,a,a_1
1780,2021-08-06 04:00:00,a,a_1
1781,2021-08-06 05:00:00,a,a_1
1782,2021-08-06 06:00:00,a,a_1
1783,2021-08-06 07:00:00,d,d_1
1784,2021-08-06 08:00:00,d,d_1
1785,2021-08-06 09:00:00,d,d_1
1786,2021-08-06 10:00:00,d,d_1
1787,2021-08-06 11:00:00,d,d_1
1788,2021-08-06 12:00:00,d,d_1
1789,2021-08-06 13:00:00,d,d_1
1790,2021-08-06 14:00:00,d,d_1
1791,2021-08-06 15:00:00,e,e_0
1792,2021-08-06 16:00:00,e,e_0
1793,2021-08-06 17:00:00,b,b_1
1794,2021-08-06 18:00:00,b,b_1
1795,2021-08-06 19:00:00,b,b_1
1796,2021-08-06 20:00:00,b,b_1
1797,2021-08-06 21:00:00,b,b_1
1798,2021-08-06 22:00:00,b,b_1
1799,2021-08-06 23:00:00,b,b_1
1800,2021-08-07 00:00:00,d,d_1
1801,2021-08-07 01:00:00,d,d_1
1802,2021-08-07 02:00:00,d,d_1
1803,2021-08-07 03:00:00,d,d_1
1804,2021-08-07 04:00:00,d,d_1
1805,2021-08-07 05:00:00,d,d_1
1806,2021-08-07 06:00:00,d,d_1
1807,2021-08-07 07:00:00,c,c_0
1808,2021-08-07 08:00:00,f,f_1
1809,2021-08-07 09:00:00,f,f_1
1810,2021-08-07 10:00:00,f,f_1
1811,2021-08-07 11:00:00,f,f_1
1812,2021-08-07 12:00:00,f,f_1
1813,2021-08-07 13:00:00,f,f_1
1814,2021-08-07 14:00:00,f,f_1
1815,2021-08-07 15:00:00,a,a_1
1816,2021-08-07 16:00:00,a,a_1
1817,2021-08-07 17:00:00,a,a_1
1818,2021-08-07 18:00:00,a,a_1
1819,2021-08-07 19:00:00,a,a_1
1820,2021-08-07 20:00:00,a,a_1
1821,2021-08-07 21:00:00,a,a_1
1822,2021-08-07 22:00:00,b,b_1
1823,2021-08-07 23:00:00,b,b_1
1824,2021-08-08 00:00:00,b,b_1
1825,2021-08-08 01:00:00,b,b_1
1826,2021-08-08 02:00:00,b,b_1
1827,2021-08-08 03:00:00,b,b_1
1828,2021-08-08 04:00:00,b,b_1
1829,2021-08-08 05:00:00,c,c_1
1830,2021-08-08 06:00:00,c,c_1
1831,2021-08-08 07:00:00,c,c_1
1832,2021-08-08 08:00:00,c,c_1
1833,2021-08-08 09:00:00,c,c_1
1834,2021-08-08 10:00:00,c,c_1
1835,2021-08-08 11:00:00,c,c_1
1836,2021-08-08 12:00:00,h,h_0
1837,2021-08-08 13:00:00,b,b_1
1838,2021-08-08 14:00:00,b,b_1
1839,2021-08-08 15:00:00,b,b_1
1840,2021-08-08 16:00:00,b,b_1
1841,2021-08-08 17:00:00,b,b_1
1842,2021-08-08 18:00:00,b,b_1
1843,2021-08-08 19:00:00,b,b_1
1844,2021-08-08 20:00:00,c,c_1
1845,2021-08-08 21:00:00,c,c_1
1846,2021-08-08 22:00:00,c,c_1
1847,2021-08-08 23:00:00,c,c_1
1848,2021-08-09 00:00:00,c,c_1
1849,2021-08-09 01:00:00,c,c_1
1850,2021-08-09 02:00:00,c,c_1
1851,2021-08-09 03:00:00,c,c_1
1852,2021-08-09 04:00:00,e,e_1
1853,2021-08-09 05:00:00,e,e_1
1854,2021-08-09 06:00:00,e,e_1
1855,2021-08-09 07:00:00,e,e_1
1856,2021-08-09 08:00:00,e,e_1
1857,2021-08-09 09:00:00,e,e_1
1858,2021-08-09 10:00:00,e,e_1
1859,2021-08-09 11:00:00,d,d_0
1860,2021-08-09 12:00:00,d,d_0
1861,2021-08-09 13:00:00,b,b_1
1862,2021-08-09 14:00:00,b,b_1
1863,2021-08-09 15:00:00,b,b_1
1864,2021-08-09 16:00:00,b,b_1
1865,2021-08-09 17:00:00,b,b_1
1866,2021-08-09 18:00:00,b,b_1
1867,2021-08-09 19:00:00,b,b_1
1868,2021-08-09 20:00:00,c,c_1
1869,2021-08-09 21:00:00,c,c_1
1870,2021-08-09 22:00:00,c,c_1
1871,2021-08-09 23:00:00,c,c_1
1872,2021-08-10 00:00:00,c,c_1
1873,2021-08-10 01:00:00,c,c_1
1874,2021-08-10 02:00:00,c,c_1
1875,2021-08-10 03:00:00,e,e_1
1876,2021-08-10 04:00:00,e,e_1
1877,2021-08-10 05:00:00,e,e_1
1878,2021-08-10 06:00:00,e,e_1
1879,2021-08-10 07:00:00,e,e_1
1880,2021-08-10 08:00:00,e,e_1
1881,2021-08-10 09:00:00,e,e_1
1882,2021-08-10 10:00:00,e,e_1
1883,2021-08-10 11:00:00,d,d_1
1884,2021-08-10 12:00:00,d,d_1
1885,2021-08-10 13:00:00,d,d_1
1886,2021-08-10 14:00:00,d,d_1
1887,2021-08-10 15:00:00,d,d_1
1888,2021-08-10 16:00:00,d,d_1
1889,2021-08-10 17:00:00,d,d_1
1890,2021-08-10 18:00:00,d,d_1
1891,2021-08-10 19:00:00,c,c_1
1892,2021-08-10 20:00:00,c,c_1
1893,2021-08-10 21:00:00,c,c_1
1894,2021-08-10 22:00:00,c,c_1
1895,2021-08-10 23:00:00,c,c_1
1896,2021-08-11 00:00:00,c,c_1
1897,2021-08-11 01:00:00,c,c_1
1898,2021-08-11 02:00:00,e,e_0
1899,2021-08-11 03:00:00,b,b_0
1900,2021-08-11 04:00:00,d,d_0
1901,2021-08-11 05:00:00,d,d_0
1902,2021-08-11 06:00:00,c,c_0
1903,2021-08-11 07:00:00,c,c_0
1904,2021-08-11 08:00:00,e,e_1
1905,2021-08-11 09:00:00,e,e_1
1906,2021-08-11 10:00:00,e,e_1
1907,2021-08-11 11:00:00,e,e_1
1908,2021-08-11 12:00:00,e,e_1
1909,2021-08-11 13:00:00,e,e_1
1910,2021-08-11 14:00:00,e,e_1
1911,2021-08-11 15:00:00,e,e_1
1912,2021-08-11 16:00:00,f,f_0
1913,2021-08-11 17:00:00,c,c_1
1914,2021-08-11 18:00:00,c,c_1
1915,2021-08-11 19:00:00,c,c_1
1916,2021-08-11 20:00:00,c,c_1
1917,2021-08-11 21:00:00,c,c_1
1918,2021-08-11 22:00:00,c,c_1
1919,2021-08-11 23:00:00,c,c_1
1920,2021-08-12 00:00:00,e,e_1
1921,2021-08-12 01:00:00,e,e_1
1922,2021-08-12 02:00:00,e,e_1
1923,2021-08-12 03:00:00,e,e_1
1924,2021-08-12 04:00:00,e,e_1
1925,2021-08-12 05:00:00,e,e_1
1926,2021-08-12 06:00:00,e,e_1
1927,2021-08-12 07:00:00,e,e_1
1928,2021-08-12 08:00:00,d,d_1
1929,2021-08-12 09:00:00,d,d_1
1930,2021-08-12 10:00:00,d,d_1
1931,2021-08-12 11:00:00,d,d_1
1932,2021-08-12 12:00:00,d,d_1
1933,2021-08-12 13:00:00,d,d_1
1934,2021-08-12 14:00:00,d,d_1
1935,2021-08-12 15:00:00,g,g_1
1936,2021-08-12 16:00:00,g,g_1
1937,2021-08-12 17:00:00,c,c_1
1938,2021-08-12 18:00:00,c,c_1
1939,2021-08-12 19:00:00,c,c_1
1940,2021-08-12 20:00:00,c,c_1
1941,2021-08-12 21:00:00,c,c_1
1942,2021-08-12 22:00:00,c,c_1
1943,2021-08-12 23:00:00,c,c_1
1944,2021-08-13 00:00:00,c,c_1
1945,2021-08-13 01:00:00,d,d_1
1946,2021-08-13 02:00:00,d,d_1
1947,2021-08-13 03:00:00,d,d_1
1948,2021-08-13 04:00:00,d,d_1
1949,2021-08-13 05:00:00,d,d_1
1950,2021-08-13 06:00:00,d,d_1
1951,2021-08-13 07:00:00,d,d_1
1952,2021-08-13 08:00:00,f,f_0
1953,2021-08-13 09:00:00,f,f_0
1954,2021-08-13 10:00:00,g,g_1
1955,2021-08-13 11:00:00,g,g_1
1956,2021-08-13 12:00:00,c,c_1
1957,2021-08-13 13:00:00,c,c_1
1958,2021-08-13 14:00:00,c,c_1
1959,2021-08-13 15:00:00,c,c_1
1960,2021-08-13 16:00:00,c,c_1
1961,2021-08-13 17:00:00,c,c_1
1962,2021-08-13 18:00:00,c,c_1
1963,2021-08-13 19:00:00,c,c_1
1964,2021-08-13 20:00:00,g,g_1
1965,2021-08-13 21:00:00,g,g_1
1966,2021-08-13 22:00:00,d,d_0
1967,2021-08-13 23:00:00,d,d_0
1968,2021-08-14 00:00:00,g,g_0
1969,2021-08-14 01:00:00,e,e_1
1970,2021-08-14 02:00:00,e,e_1
1971,2021-08-14 03:00:00,e,e_1
1972,2021-08-14 04:00:00,e,e_1
1973,2021-08-14 05:00:00,e,e_1
1974,2021-08-14 06:00:00,e,e_1
1975,2021-08-14 07:00:00,e,e_1
1976,2021-08-14 08:00:00,f,f_1
1977,2021-08-14 09:00:00,f,f_1
1978,2021-08-14 10:00:00,f,f_1
1979,2021-08-14 11:00:00,f,f_1
1980,2021-08-14 12:00:00,f,f_1
1981,2021-08-14 13:00:00,f,f_1
1982,2021-08-14 14:00:00,f,f_1
1983,2021-08-14 15:00:00,f,f_1
1984,2021-08-14 16:00:00,h,h_1
1985,2021-08-14 17:00:00,h,h_1
1986,2021-08-14 18:00:00,a,a_0
1987,2021-08-14 19:00:00,d,d_0
1988,2021-08-14 20:00:00,d,d_0
1989,2021-08-14 21:00:00,f,f_0
1990,2021-08-14 22:00:00,a,a_1
1991,2021-08-14 23:00:00,a,a_1
1992,2021-08-15 00:00:00,a,a_1
1993,2021-08-15 01:00:00,a,a_1
1994,2021-08-15 02:00:00,a,a_1
1995,2021-08-15 03:00:00,a,a_1
1996,2021-08-15 04:00:00,a,a_1
1997,2021-08-15 05:00:00,b,b_0
1998,2021-08-15 06:00:00,b,b_0
1999,2021-08-15 07:00:00,a,a_0
2000,2021-08-15 08:00:00,a,a_0
2001,2021-08-15 09:00:00,c,c_1
2002,2021-08-15 10:00:00,c,c_1
2003,2021-08-15 11:00:00,c,c_1
2004,2021-08-15 12:00:00,c,c_1
2005,2021-08-15 13:00:00,c,c_1
2006,2021-08-15 14:00:00,c,c_1
2007,2021-08-15 15:00:00,c,c_1
2008,2021-08-15 16:00:00,c,c_1
2009,2021-08-15 17:00:00,b,b_0
2010,2021-08-15 18:00:00,d,d_0
2011,2021-08-15 19:00:00,d,d_0
2012,2021-08-15 20:00:00,c,c_0
2013,2021-08-15 21:00:00,c,c_0
2014,2021-08-15 22:00:00,f,f_0
2015,2021-08-15 23:00:00,f,f_0
2016,2021-08-16 00:00:00,e,e_1
2017,2021-08-16 01:00:00,e,e_1
2018,2021-08-16 02:00:00,e,e_1
2019,2021-08-16 03:00:00,e,e_1
2020,2021-08-16 04:00:00,e,e_1
2021,2021-08-16 05:00:00,e,e_1
2022,2021-08-16 06:00:00,e,e_1
2023,2021-08-16 07:00:00,e,e_1
2024,2021-08-16 08:00:00,c,c_1
2025,2021-08-16 09:00:00,c,c_1
2026,2021-08-16 10:00:00,c,c_1
2027,2021-08-16 11:00:00,c,c_1
2028,2021-08-16 12:00:00,c,c_1
2029,2021-08-16 13:00:00,c,c_1
2030,2021-08-16 14:00:00,c,c_1
2031,2021-08-16 15:00:00,b,b_1
2032,2021-08-16 16:00:00,b,b_1
2033,2021-08-16 17:00:00,b,b_1
2034,2021-08-16 18:00:00,b,b_1
2035,2021-08-16 19:00:00,b,b_1
2036,2021-08-16 20:00:00,b,b_1
2037,2021-08-16 21:00:00,b,b_1
2038,2021-08-16 22:00:00,b,b_1
2039,2021-08-16 23:00:00,g,g_1
2040,2021-08-17 00:00:00,g,g_1
2041,2021-08-17 01:00:00,e,e_1
2042,2021-08-17 02:00:00,e,e_1
2043,2021-08-17 03:00:00,e,e_1
2044,2021-08-17 04:00:00,e,e_1
2045,2021-08-17 05:00:00,e,e_1
2046,2021-08-17 06:00:00,e,e_1
2047,2021-08-17 07:00:00,e,e_1
2048,2021-08-17 08:00:00,d,d_0
2049,2021-08-17 09:00:00,h,h_0
2050,2021-08-17 10:00:00,c,c_1
2051,2021-08-17 11:00:00,c,c_1
2052,2021-08-17 12:00:00,c,c_1
2053,2021-08-17 13:00:00,c,c_1
2054,2021-08-17 14:00:00,c,c_1
2055,2021-08-17 15:00:00,c,c_1
2056,2021-08-17 16:00:00,c,c_1
2057,2021-08-17 17:00:00,f,f_1
2058,2021-08-17 18:00:00,f,f_1
2059,2021-08-17 19:00:00,f,f_1
2060,2021-08-17 20:00:00,f,f_1
2061,2021-08-17 21:00:00,f,f_1
2062,2021-08-17 22:00:00,f,f_1
2063,2021-08-17 23:00:00,f,f_1
2064,2021-08-18 00:00:00,f,f_1
2065,2021-08-18 01:00:00,a,a_1
2066,2021-08-18 02:00:00,a,a_1
2067,2021-08-18 03:00:00,a,a_1
2068,2021-08-18 04:00:00,a,a_1
2069,2021-08-18 05:00:00,a,a_1
2070,2021-08-18 06:00:00,a,a_1
2071,2021-08-18 07:00:00,a,a_1
2072,2021-08-18 08:00:00,a,a_1
2073,2021-08-18 09:00:00,e,e_1
2074,2021-08-18 10:00:00,e,e_1
2075,2021-08-18 11:00:00,e,e_1
2076,2021-08-18 12:00:00,e,e_1
2077,2021-08-18 13:00:00,e,e_1
2078,2021-08-18 14:00:00,e,e_1
2079,2021-08-18 15:00:00,e,e_1
2080,2021-08-18 16:00:00,e,e_1
2081,2021-08-18 17:00:00,b,b_0
2082,2021-08-18 18:00:00,d,d_0
2083,2021-08-18 19:00:00,d,d_0
2084,2021-08-18 20:00:00,a,a_0
2085,2021-08-18 21:00:00,f,f_1
2086,2021-08-18 22:00:00,f,f_1
2087,2021-08-18 23:00:00,f,f_1
2088,2021-08-19 00:00:00,f,f_1
2089,2021-08-19 01:00:00,f,f_1
2090,2021-08-19 02:00:00,f,f_1
2091,2021-08-19 03:00:00,f,f_1
2092,2021-08-19 04:00:00,b,b_0
2093,2021-08-19 05:00:00,b,b_0
2094,2021-08-19 06:00:00,h,h_0
2095,2021-08-19 07:00:00,a,a_0
2096,2021-08-19 08:00:00,a,a_0
2097,2021-08-19 09:00:00,c,c_0
2098,2021-08-19 10:00:00,a,a_0
2099,2021-08-19 11:00:00,b,b_0
2100,2021-08-19 12:00:00,b,b_0
2101,2021-08-19 13:00:00,e,e_0
2102,2021-08-19 14:00:00,e,e_0
2103,2021-08-19 15:00:00,d,d_1
2104,2021-08-19 16:00:00,d,d_1
2105,2021-08-19 17:00:00,d,d_1
2106,2021-08-19 18:00:00,d,d_1
2107,2021-08-19 19:00:00,d,d_1
2108,2021-08-19 20:00:00,d,d_1
2109,2021-08-19 21:00:00,d,d_1
2110,2021-08-19 22:00:00,b,b_0
2111,2021-08-19 23:00:00,b,b_0
2112,2021-08-20 00:00:00,c,c_0
2113,2021-08-20 01:00:00,b,b_0
2114,2021-08-20 02:00:00,b,b_0
2115,2021-08-20 03:00:00,g,g_0
2116,2021-08-20 04:00:00,h,h_1
2117,2021-08-20 05:00:00,h,h_1
2118,2021-08-20 06:00:00,f,f_1
2119,2021-08-20 07:00:00,f,f_1
2120,2021-08-20 08:00:00,f,f_1
2121,2021-08-20 09:00:00,f,f_1
2122,2021-08-20 10:00:00,f,f_1
2123,2021-08-20 11:00:00,f,f_1
2124,2021-08-20 12:00:00,f,f_1
2125,2021-08-20 13:00:00,f,f_1
2126,2021-08-20 14:00:00,g,g_0
2127,2021-08-20 15:00:00,h,h_0
2128,2021-08-20 16:00:00,f,f_0
2129,2021-08-20 17:00:00,h,h_1
2130,2021-08-20 18:00:00,h,h_1
2131,2021-08-20 19:00:00,b,b_1
2132,2021-08-20 20:00:00,b,b_1
2133,2021-08-20 21:00:00,b,b_1
2134,2021-08-20 22:00:00,b,b_1
2135,2021-08-20 23:00:00,b,b_1
2136,2021-08-21 00:00:00,b,b_1
2137,2021-08-21 01:00:00,b,b_1
2138,2021-08-21 02:00:00,h,h_0
2139,2021-08-21 03:00:00,a,a_0
2140,2021-08-21 04:00:00,a,a_0
2141,2021-08-21 05:00:00,c,c_0
2142,2021-08-21 06:00:00,f,f_1
2143,2021-08-21 07:00:00,f,f_1
2144,2021-08-21 08:00:00,f,f_1
2145,2021-08-21 09:00:00,f,f_1
2146,2021-08-21 10:00:00,f,f_1
2147,2021-08-21 11:00:00,f,f_1
2148,2021-08-21 12:00:00,f,f_1
2149,2021-08-21 13:00:00,f,f_1
2150,2021-08-21 14:00:00,b,b_1
2151,2021-08-21 15:00:00,b,b_1
2152,2021-08-21 16:00:00,b,b_1
2153,2021-08-21 17:00:00,b,b_1
2154,2021-08-21 18:00:00,b,b_1
2155,2021-08-21 19:00:00,b,b_1
2156,2021-08-21 20:00:00,b,b_1
2157,2021-08-21 21:00:00,b,b_1
2158,2021-08-21 22:00:00,e,e_0
2159,2021-08-21 23:00:00,g,g_0
2160,2021-08-22 00:00:00,f,f_0
2161,2021-08-22 01:00:00,f,f_0
2162,2021-08-22 02:00:00,h,h_0
2163,2021-08-22 03:00:00,c,c_0
2164,2021-08-22 04:00:00,g,g_0
2165,2021-08-22 05:00:00,h,h_0
2166,2021-08-22 06:00:00,e,e_0
2167,2021-08-22 07:00:00,a,a_0
2168,2021-08-22 08:00:00,d,d_1
2169,2021-08-22 09:00:00,d,d_1
2170,2021-08-22 10:00:00,d,d_1
2171,2021-08-22 11:00:00,d,d_1
2172,2021-08-22 12:00:00,d,d_1
2173,2021-08-22 13:00:00,d,d_1
2174,2021-08-22 14:00:00,d,d_1
2175,2021-08-22 15:00:00,g,g_1
2176,2021-08-22 16:00:00,g,g_1
2177,2021-08-22 17:00:00,a,a_0
2178,2021-08-22 18:00:00,a,a_0
2179,2021-08-22 19:00:00,b,b_0
2180,2021-08-22 20:00:00,f,f_1
2181,2021-08-22 21:00:00,f,f_1
2182,2021-08-22 22:00:00,f,f_1
2183,2021-08-22 23:00:00,f,f_1
2184,2021-08-23 00:00:00,f,f_1
2185,2021-08-23 01:00:00,f,f_1
2186,2021-08-23 02:00:00,f,f_1
2187,2021-08-23 03:00:00,f,f_1
2188,2021-08-23 04:00:00,c,c_0
2189,2021-08-23 05:00:00,c,c_0
2190,2021-08-23 06:00:00,a,a_1
2191,2021-08-23 07:00:00,a,a_1
2192,2021-08-23 08:00:00,a,a_1
2193,2021-08-23 09:00:00,a,a_1
2194,2021-08-23 10:00:00,a,a_1
2195,2021-08-23 11:00:00,a,a_1
2196,2021-08-23 12:00:00,a,a_1
2197,2021-08-23 13:00:00,b,b_1
2198,2021-08-23 14:00:00,b,b_1
2199,2021-08-23 15:00:00,b,b_1
2200,2021-08-23 16:00:00,b,b_1
2201,2021-08-23 17:00:00,b,b_1
2202,2021-08-23 18:00:00,b,b_1
2203,2021-08-23 19:00:00,b,b_1
2204,2021-08-23 20:00:00,h,h_0
2205,2021-08-23 21:00:00,d,d_1
2206,2021-08-23 22:00:00,d,d_1
2207,2021-08-23 23:00:00,d,d_1
2208,2021-08-24 00:00:00,d,d_1
2209,2021-08-24 01:00:00,d,d_1
2210,2021-08-24 02:00:00,d,d_1
2211,2021-08-24 03:00:00,d,d_1
2212,2021-08-24 04:00:00,d,d_1
2213,2021-08-24 05:00:00,a,a_0
2214,2021-08-24 06:00:00,b,b_1
2215,2021-08-24 07:00:00,b,b_1
2216,2021-08-24 08:00:00,b,b_1
2217,2021-08-24 09:00:00,b,b_1
2218,2021-08-24 10:00:00,b,b_1
2219,2021-08-24 11:00:00,b,b_1
2220,2021-08-24 12:00:00,b,b_1
2221,2021-08-24 13:00:00,b,b_1
2222,2021-08-24 14:00:00,c,c_0
2223,2021-08-24 15:00:00,c,c_0
2224,2021-08-24 16:00:00,g,g_0
2225,2021-08-24 17:00:00,d,d_0
2226,2021-08-24 18:00:00,d,d_0
2227,2021-08-24 19:00:00,a,a_0
2228,2021-08-24 20:00:00,d,d_1
2229,2021-08-24 21:00:00,d,d_1
2230,2021-08-24 22:00:00,d,d_1
2231,2021-08-24 23:00:00,d,d_1
2232,2021-08-25 00:00:00,d,d_1
2233,2021-08-25 01:00:00,d,d_1
2234,2021-08-25 02:00:00,d,d_1
2235,2021-08-25 03:00:00,f,f_1
2236,2021-08-25 04:00:00,f,f_1
2237,2021-08-25 05:00:00,f,f_1
2238,2021-08-25 06:00:00,f,f_1
2239,2021-08-25 07:00:00,f,f_1
2240,2021-08-25 08:00:00,f,f_1
2241,2021-08-25 09:00:00,f,f_1
2242,2021-08-25 10:00:00,c,c_1
2243,2021-08-25 11:00:00,c,c_1
2244,2021-08-25 12:00:00,c,c_1
2245,2021-08-25 13:00:00,c,c_1
2246,2021-08-25 14:00:00,c,c_1
2247,2021-08-25 15:00:00,c,c_1
2248,2021-08-25 16:00:00,c,c_1
2249,2021-08-25 17:00:00,c,c_1
2250,2021-08-25 18:00:00,h,h_1
2251,2021-08-25 19:00:00,h,h_1
2252,2021-08-25 20:00:00,f,f_0
2253,2021-08-25 21:00:00,f,f_0
2254,2021-08-25 22:00:00,c,c_1
2255,2021-08-25 23:00:00,c,c_1
2256,2021-08-26 00:00:00,c,c_1
2257,2021-08-26 01:00:00,c,c_1
2258,2021-08-26 02:00:00,c,c_1
2259,2021-08-26 03:00:00,c,c_1
2260,2021-08-26 04:00:00,c,c_1
2261,2021-08-26 05:00:00,d,d_1
2262,2021-08-26 06:00:00,d,d_1
2263,2021-08-26 07:00:00,d,d_1
2264,2021-08-26 08:00:00,d,d_1
2265,2021-08-26 09:00:00,d,d_1
2266,2021-08-26 10:00:00,d,d_1
2267,2021-08-26 11:00:00,d,d_1
2268,2021-08-26 12:00:00,b,b_1
2269,2021-08-26 13:00:00,b,b_1
2270,2021-08-26 14:00:00,b,b_1
2271,2021-08-26 15:00:00,b,b_1
2272,2021-08-26 16:00:00,b,b_1
2273,2021-08-26 17:00:00,b,b_1
2274,2021-08-26 18:00:00,b,b_1
2275,2021-08-26 19:00:00,g,g_1
2276,2021-08-26 20:00:00,g,g_1
2277,2021-08-26 21:00:00,d,d_0
2278,2021-08-26 22:00:00,e,e_1
2279,2021-08-26 23:00:00,e,e_1
2280,2021-08-27 00:00:00,e,e_1
2281,2021-08-27 01:00:00,e,e_1
2282,2021-08-27 02:00:00,e,e_1
2283,2021-08-27 03:00:00,e,e_1
2284,2021-08-27 04:00:00,e,e_1
2285,2021-08-27 05:00:00,e,e_1
2286,2021-08-27 06:00:00,h,h_1
2287,2021-08-27 07:00:00,h,h_1
2288,2021-08-27 08:00:00,f,f_1
2289,2021-08-27 09:00:00,f,f_1
2290,2021-08-27 10:00:00,f,f_1
2291,2021-08-27 11:00:00,f,f_1
2292,2021-08-27 12:00:00,f,f_1
2293,2021-08-27 13:00:00,f,f_1
2294,2021-08-27 14:00:00,f,f_1
2295,2021-08-27 15:00:00,f,f_1
2296,2021-08-27 16:00:00,c,c_0
2297,2021-08-27 17:00:00,c,c_0
2298,2021-08-27 18:00:00,h,h_0
2299,2021-08-27 19:00:00,c,c_1
2300,2021-08-27 20:00:00,c,c_1
2301,2021-08-27 21:00:00,c,c_1
2302,2021-08-27 22:00:00,c,c_1
2303,2021-08-27 23:00:00,c,c_1
2304,2021-08-28 00:00:00,c,c_1
2305,2021-08-28 01:00:00,c,c_1
2306,2021-08-28 02:00:00,c,c_1
2307,2021-08-28 03:00:00,e,e_1
2308,2021-08-28 04:00:00,e,e_1
2309,2021-08-28 05:00:00,e,e_1
2310,2021-08-28 06:00:00,e,e_1
2311,2021-08-28 07:00:00,e,e_1
2312,2021-08-28 08:00:00,e,e_1
2313,2021-08-28 09:00:00,e,e_1
2314,2021-08-28 10:00:00,e,e_1
2315,2021-08-28 11:00:00,f,f_1
2316,2021-08-28 12:00:00,f,f_1
2317,2021-08-28 13:00:00,f,f_1
2318,2021-08-28 14:00:00,f,f_1
2319,2021-08-28 15:00:00,f,f_1
2320,2021-08-28 16:00:00,f,f_1
2321,2021-08-28 17:00:00,f,f_1
2322,2021-08-28 18:00:00,d,d_0
2323,2021-08-28 19:00:00,d,d_0
2324,2021-08-28 20:00:00,h,h_1
2325,2021-08-28 21:00:00,h,h_1
2326,2021-08-28 22:00:00,b,b_1
2327,2021-08-28 23:00:00,b,b_1
2328,2021-08-29 00:00:00,b,b_1
2329,2021-08-29 01:00:00,b,b_1
2330,2021-08-29 02:00:00,b,b_1
2331,2021-08-29 03:00:00,b,b_1
2332,2021-08-29 04:00:00,b,b_1
2333,2021-08-29 05:00:00,e,e_1
2334,2021-08-29 06:00:00,e,e_1
2335,2021-08-29 07:00:00,e,e_1
2336,2021-08-29 08:00:00,e,e_1
2337,2021-08-29 09:00:00,e,e_1
2338,2021-08-29 10:00:00,e,e_1
2339,2021-08-29 11:00:00,e,e_1
2340,2021-08-29 12:00:00,f,f_1
2341,2021-08-29 13:00:00,f,f_1
2342,2021-08-29 14:00:00,f,f_1
2343,2021-08-29 15:00:00,f,f_1
2344,2021-08-29 16:00:00,f,f_1
2345,2021-08-29 17:00:00,f,f_1
2346,2021-08-29 18:00:00,f,f_1
2347,2021-08-29 19:00:00,f,f_1
2348,2021-08-29 20:00:00,b,b_0
2349,2021-08-29 21:00:00,b,b_0
2350,2021-08-29 22:00:00,c,c_1
2351,2021-08-29 23:00:00,c,c_1
2352,2021-08-30 00:00:00,c,c_1
2353,2021-08-30 01:00:00,c,c_1
2354,2021-08-30 02:00:00,c,c_1
2355,2021-08-30 03:00:00,c,c_1
2356,2021-08-30 04:00:00,c,c_1
2357,2021-08-30 05:00:00,b,b_0
2358,2021-08-30 06:00:00,c,c_0
2359,2021-08-30 07:00:00,c,c_0
2360,2021-08-30 08:00:00,d,d_1
2361,2021-08-30 09:00:00,d,d_1
2362,2021-08-30 10:00:00,d,d_1
2363,2021-08-30 11:00:00,d,d_1
2364,2021-08-30 12:00:00,d,d_1
2365,2021-08-30 13:00:00,d,d_1
2366,2021-08-30 14:00:00,d,d_1
2367,2021-08-30 15:00:00,c,c_1
2368,2021-08-30 16:00:00,c,c_1
2369,2021-08-30 17:00:00,c,c_1
2370,2021-08-30 18:00:00,c,c_1
2371,2021-08-30 19:00:00,c,c_1
2372,2021-08-30 20:00:00,c,c_1
2373,2021-08-30 21:00:00,c,c_1
2374,2021-08-30 22:00:00,c,c_1
2375,2021-08-30 23:00:00,f,f_0
2376,2021-08-31 00:00:00,g,g_0
2377,2021-08-31 01:00:00,d,d_0
2378,2021-08-31 02:00:00,d,d_0
2379,2021-08-31 03:00:00,f,f_1
2380,2021-08-31 04:00:00,f,f_1
2381,2021-08-31 05:00:00,f,f_1
2382,2021-08-31 06:00:00,f,f_1
2383,2021-08-31 07:00:00,f,f_1
2384,2021-08-31 08:00:00,f,f_1
2385,2021-08-31 09:00:00,f,f_1
2386,2021-08-31 10:00:00,f,f_1
2387,2021-08-31 11:00:00,h,h_1
2388,2021-08-31 12:00:00,h,h_1
2389,2021-08-31 13:00:00,d,d_0
2390,2021-08-31 14:00:00,d,d_0
2391,2021-08-31 15:00:00,e,e_1
2392,2021-08-31 16:00:00,e,e_1
2393,2021-08-31 17:00:00,e,e_1
2394,2021-08-31 18:00:00,e,e_1
2395,2021-08-31 19:00:00,e,e_1
2396,2021-08-31 20:00:00,e,e_1
2397,2021-08-31 21:00:00,e,e_1
2398,2021-08-31 22:00:00,e,e_1
2399,2021-08-31 23:00:00,d,d_0
2400,2021-09-01 00:00:00,d,d_0
2401,2021-09-01 01:00:00,g,g_0
2402,2021-09-01 02:00:00,e,e_0
2403,2021-09-01 03:00:00,c,c_0
2404,2021-09-01 04:00:00,f,f_0
2405,2021-09-01 05:00:00,f,f_0
2406,2021-09-01 06:00:00,h,h_1
2407,2021-09-01 07:00:00,h,h_1
2408,2021-09-01 08:00:00,c,c_1
2409,2021-09-01 09:00:00,c,c_1
2410,2021-09-01 10:00:00,c,c_1
2411,2021-09-01 11:00:00,c,c_1
2412,2021-09-01 12:00:00,c,c_1
2413,2021-09-01 13:00:00,c,c_1
2414,2021-09-01 14:00:00,c,c_1
2415,2021-09-01 15:00:00,f,f_0
2416,2021-09-01 16:00:00,d,d_0
2417,2021-09-01 17:00:00,e,e_1
2418,2021-09-01 18:00:00,e,e_1
2419,2021-09-01 19:00:00,e,e_1
2420,2021-09-01 20:00:00,e,e_1
2421,2021-09-01 21:00:00,e,e_1
2422,2021-09-01 22:00:00,e,e_1
2423,2021-09-01 23:00:00,e,e_1
2424,2021-09-02 00:00:00,e,e_1
2425,2021-09-02 01:00:00,h,h_0
2426,2021-09-02 02:00:00,b,b_0
2427,2021-09-02 03:00:00,b,b_0
2428,2021-09-02 04:00:00,e,e_0
2429,2021-09-02 05:00:00,e,e_0
2430,2021-09-02 06:00:00,c,c_0
2431,2021-09-02 07:00:00,g,g_1
2432,2021-09-02 08:00:00,g,g_1
2433,2021-09-02 09:00:00,h,h_0
2434,2021-09-02 10:00:00,c,c_0
2435,2021-09-02 11:00:00,c,c_0
2436,2021-09-02 12:00:00,f,f_1
2437,2021-09-02 13:00:00,f,f_1
2438,2021-09-02 14:00:00,f,f_1
2439,2021-09-02 15:00:00,f,f_1
2440,2021-09-02 16:00:00,f,f_1
2441,2021-09-02 17:00:00,f,f_1
2442,2021-09-02 18:00:00,f,f_1
2443,2021-09-02 19:00:00,e,e_1
2444,2021-09-02 20:00:00,e,e_1
2445,2021-09-02 21:00:00,e,e_1
2446,2021-09-02 22:00:00,e,e_1
2447,2021-09-02 23:00:00,e,e_1
2448,2021-09-03 00:00:00,e,e_1
2449,2021-09-03 01:00:00,e,e_1
2450,2021-09-03 02:00:00,e,e_1
2451,2021-09-03 03:00:00,f,f_1
2452,2021-09-03 04:00:00,f,f_1
2453,2021-09-03 05:00:00,f,f_1
2454,2021-09-03 06:00:00,f,f_1
2455,2021-09-03 07:00:00,f,f_1
2456,2021-09-03 08:00:00,f,f_1
2457,2021-09-03 09:00:00,f,f_1
2458,2021-09-03 10:00:00,b,b_1
2459,2021-09-03 11:00:00,b,b_1
2460,2021-09-03 12:00:00,b,b_1
2461,2021-09-03 13:00:00,b,b_1
2462,2021-09-03 14:00:00,b,b_1
2463,2021-09-03 15:00:00,b,b_1
2464,2021-09-03 16:00:00,b,b_1
2465,2021-09-03 17:00:00,c,c_1
2466,2021-09-03 18:00:00,c,c_1
2467,2021-09-03 19:00:00,c,c_1
2468,2021-09-03 20:00:00,c,c_1
2469,2021-09-03 21:00:00,c,c_1
2470,2021-09-03 22:00:00,c,c_1
2471,2021-09-03 23:00:00,c,c_1
2472,2021-09-04 00:00:00,h,h_1
2473,2021-09-04 01:00:00,h,h_1
2474,2021-09-04 02:00:00,d,d_1
2475,2021-09-04 03:00:00,d,d_1
2476,2021-09-04 04:00:00,d,d_1
2477,2021-09-04 05:00:00,d,d_1
2478,2021-09-04 06:00:00,d,d_1
2479,2021-09-04 07:00:00,d,d_1
2480,2021-09-04 08:00:00,d,d_1
2481,2021-09-04 09:00:00,d,d_1
2482,2021-09-04 10:00:00,f,f_1
2483,2021-09-04 11:00:00,f,f_1
2484,2021-09-04 12:00:00,f,f_1
2485,2021-09-04 13:00:00,f,f_1
2486,2021-09-04 14:00:00,f,f_1
2487,2021-09-04 15:00:00,f,f_1
2488,2021-09-04 16:00:00,f,f_1
2489,2021-09-04 17:00:00,f,f_1
2490,2021-09-04 18:00:00,d,d_0
2491,2021-09-04 19:00:00,g,g_1
2492,2021-09-04 20:00:00,g,g_1
2493,2021-09-04 21:00:00,c,c_1
2494,2021-09-04 22:00:00,c,c_1
2495,2021-09-04 23:00:00,c,c_1
2496,2021-09-05 00:00:00,c,c_1
2497,2021-09-05 01:00:00,c,c_1
2498,2021-09-05 02:00:00,c,c_1
2499,2021-09-05 03:00:00,c,c_1
2500,2021-09-05 04:00:00,a,a_1
2501,2021-09-05 05:00:00,a,a_1
2502,2021-09-05 06:00:00,a,a_1
2503,2021-09-05 07:00:00,a,a_1
2504,2021-09-05 08:00:00,a,a_1
2505,2021-09-05 09:00:00,a,a_1
2506,2021-09-05 10:00:00,a,a_1
2507,2021-09-05 11:00:00,a,a_1
2508,2021-09-05 12:00:00,h,h_0
2509,2021-09-05 13:00:00,e,e_1
2510,2021-09-05 14:00:00,e,e_1
2511,2021-09-05 15:00:00,e,e_1
2512,2021-09-05 16:00:00,e,e_1
2513,2021-09-05 17:00:00,e,e_1
2514,2021-09-05 18:00:00,e,e_1
2515,2021-09-05 19:00:00,e,e_1
2516,2021-09-05 20:00:00,e,e_1
2517,2021-09-05 21:00:00,d,d_1
2518,2021-09-05 22:00:00,d,d_1
2519,2021-09-05 23:00:00,d,d_1
2520,2021-09-06 00:00:00,d,d_1
2521,2021-09-06 01:00:00,d,d_1
2522,2021-09-06 02:00:00,d,d_1
2523,2021-09-06 03:00:00,d,d_1
2524,2021-09-06 04:00:00,f,f_1
2525,2021-09-06 05:00:00,f,f_1
2526,2021-09-06 06:00:00,f,f_1
2527,2021-09-06 07:00:00,f,f_1
2528,2021-09-06 08:00:00,f,f_1
2529,2021-09-06 09:00:00,f,f_1
2530,2021-09-06 10:00:00,f,f_1
2531,2021-09-06 11:00:00,f,f_1
2532,2021-09-06 12:00:00,b,b_1
2533,2021-09-06 13:00:00,b,b_1
2534,2021-09-06 14:00:00,b,b_1
2535,2021-09-06 15:00:00,b,b_1
2536,2021-09-06 16:00:00,b,b_1
2537,2021-09-06 17:00:00,b,b_1
2538,2021-09-06 18:00:00,b,b_1
2539,2021-09-06 19:00:00,b,b_1
2540,2021-09-06 20:00:00,h,h_0
2541,2021-09-06 21:00:00,f,f_1
2542,2021-09-06 22:00:00,f,f_1
2543,2021-09-06 23:00:00,f,f_1
2544,2021-09-07 00:00:00,f,f_1
2545,2021-09-07 01:00:00,f,f_1
2546,2021-09-07 02:00:00,f,f_1
2547,2021-09-07 03:00:00,f,f_1
2548,2021-09-07 04:00:00,g,g_1
2549,2021-09-07 05:00:00,g,g_1
2550,2021-09-07 06:00:00,e,e_0
2551,2021-09-07 07:00:00,e,e_0
2552,2021-09-07 08:00:00,d,d_0
2553,2021-09-07 09:00:00,b,b_0
2554,2021-09-07 10:00:00,f,f_0
2555,2021-09-07 11:00:00,h,h_1
2556,2021-09-07 12:00:00,h,h_1
2557,2021-09-07 13:00:00,a,a_0
2558,2021-09-07 14:00:00,a,a_0
2559,2021-09-07 15:00:00,b,b_0
2560,2021-09-07 16:00:00,d,d_0
2561,2021-09-07 17:00:00,d,d_0
2562,2021-09-07 18:00:00,e,e_1
2563,2021-09-07 19:00:00,e,e_1
2564,2021-09-07 20:00:00,e,e_1
2565,2021-09-07 21:00:00,e,e_1
2566,2021-09-07 22:00:00,e,e_1
2567,2021-09-07 23:00:00,e,e_1
2568,2021-09-08 00:00:00,e,e_1
2569,2021-09-08 01:00:00,f,f_1
2570,2021-09-08 02:00:00,f,f_1
2571,2021-09-08 03:00:00,f,f_1
2572,2021-09-08 04:00:00,f,f_1
2573,2021-09-08 05:00:00,f,f_1
2574,2021-09-08 06:00:00,f,f_1
2575,2021-09-08 07:00:00,f,f_1
2576,2021-09-08 08:00:00,f,f_1
2577,2021-09-08 09:00:00,b,b_0
2578,2021-09-08 10:00:00,e,e_1
2579,2021-09-08 11:00:00,e,e_1
2580,2021-09-08 12:00:00,e,e_1
2581,2021-09-08 13:00:00,e,e_1
2582,2021-09-08 14:00:00,e,e_1
2583,2021-09-08 15:00:00,e,e_1
2584,2021-09-08 16:00:00,e,e_1
2585,2021-09-08 17:00:00,e,e_1
2586,2021-09-08 18:00:00,a,a_0
2587,2021-09-08 19:00:00,d,d_1
2588,2021-09-08 20:00:00,d,d_1
2589,2021-09-08 21:00:00,d,d_1
2590,2021-09-08 22:00:00,d,d_1
2591,2021-09-08 23:00:00,d,d_1
2592,2021-09-09 00:00:00,d,d_1
2593,2021-09-09 01:00:00,d,d_1
2594,2021-09-09 02:00:00,a,a_1
2595,2021-09-09 03:00:00,a,a_1
2596,2021-09-09 04:00:00,a,a_1
2597,2021-09-09 05:00:00,a,a_1
2598,2021-09-09 06:00:00,a,a_1
2599,2021-09-09 07:00:00,a,a_1
2600,2021-09-09 08:00:00,a,a_1
2601,2021-09-09 09:00:00,c,c_0
2602,2021-09-09 10:00:00,b,b_1
2603,2021-09-09 11:00:00,b,b_1
2604,2021-09-09 12:00:00,b,b_1
2605,2021-09-09 13:00:00,b,b_1
2606,2021-09-09 14:00:00,b,b_1
2607,2021-09-09 15:00:00,b,b_1
2608,2021-09-09 16:00:00,b,b_1
2609,2021-09-09 17:00:00,f,f_0
2610,2021-09-09 18:00:00,f,f_0
2611,2021-09-09 19:00:00,d,d_1
2612,2021-09-09 20:00:00,d,d_1
2613,2021-09-09 21:00:00,d,d_1
2614,2021-09-09 22:00:00,d,d_1
2615,2021-09-09 23:00:00,d,d_1
2616,2021-09-10 00:00:00,d,d_1
2617,2021-09-10 01:00:00,d,d_1
2618,2021-09-10 02:00:00,g,g_1
2619,2021-09-10 03:00:00,g,g_1
2620,2021-09-10 04:00:00,h,h_1
2621,2021-09-10 05:00:00,h,h_1
2622,2021-09-10 06:00:00,e,e_0
2623,2021-09-10 07:00:00,e,e_0
2624,2021-09-10 08:00:00,c,c_1
2625,2021-09-10 09:00:00,c,c_1
2626,2021-09-10 10:00:00,c,c_1
2627,2021-09-10 11:00:00,c,c_1
2628,2021-09-10 12:00:00,c,c_1
2629,2021-09-10 13:00:00,c,c_1
2630,2021-09-10 14:00:00,c,c_1
2631,2021-09-10 15:00:00,c,c_1
2632,2021-09-10 16:00:00,h,h_0
2633,2021-09-10 17:00:00,g,g_1
2634,2021-09-10 18:00:00,g,g_1
2635,2021-09-10 19:00:00,f,f_0
2636,2021-09-10 20:00:00,c,c_1
2637,2021-09-10 21:00:00,c,c_1
2638,2021-09-10 22:00:00,c,c_1
2639,2021-09-10 23:00:00,c,c_1
2640,2021-09-11 00:00:00,c,c_1
2641,2021-09-11 01:00:00,c,c_1
2642,2021-09-11 02:00:00,c,c_1
2643,2021-09-11 03:00:00,d,d_0
2644,2021-09-11 04:00:00,h,h_1
2645,2021-09-11 05:00:00,h,h_1
2646,2021-09-11 06:00:00,a,a_1
2647,2021-09-11 07:00:00,a,a_1
2648,2021-09-11 08:00:00,a,a_1
2649,2021-09-11 09:00:00,a,a_1
2650,2021-09-11 10:00:00,a,a_1
2651,2021-09-11 11:00:00,a,a_1
2652,2021-09-11 12:00:00,a,a_1
2653,2021-09-11 13:00:00,a,a_1
2654,2021-09-11 14:00:00,g,g_0
2655,2021-09-11 15:00:00,h,h_0
2656,2021-09-11 16:00:00,f,f_0
2657,2021-09-11 17:00:00,f,f_0
2658,2021-09-11 18:00:00,c,c_1
2659,2021-09-11 19:00:00,c,c_1
2660,2021-09-11 20:00:00,c,c_1
2661,2021-09-11 21:00:00,c,c_1
2662,2021-09-11 22:00:00,c,c_1
2663,2021-09-11 23:00:00,c,c_1
2664,2021-09-12 00:00:00,c,c_1
2665,2021-09-12 01:00:00,c,c_1
2666,2021-09-12 02:00:00,h,h_0
2667,2021-09-12 03:00:00,c,c_1
2668,2021-09-12 04:00:00,c,c_1
2669,2021-09-12 05:00:00,c,c_1
2670,2021-09-12 06:00:00,c,c_1
2671,2021-09-12 07:00:00,c,c_1
2672,2021-09-12 08:00:00,c,c_1
2673,2021-09-12 09:00:00,c,c_1
2674,2021-09-12 10:00:00,c,c_1
2675,2021-09-12 11:00:00,g,g_0
2676,2021-09-12 12:00:00,h,h_1
2677,2021-09-12 13:00:00,h,h_1
2678,2021-09-12 14:00:00,c,c_0
2679,2021-09-12 15:00:00,c,c_0
2680,2021-09-12 16:00:00,b,b_0
2681,2021-09-12 17:00:00,b,b_0
2682,2021-09-12 18:00:00,e,e_1
2683,2021-09-12 19:00:00,e,e_1
2684,2021-09-12 20:00:00,e,e_1
2685,2021-09-12 21:00:00,e,e_1
2686,2021-09-12 22:00:00,e,e_1
2687,2021-09-12 23:00:00,e,e_1
2688,2021-09-13 00:00:00,e,e_1
2689,2021-09-13 01:00:00,e,e_1
2690,2021-09-13 02:00:00,f,f_1
2691,2021-09-13 03:00:00,f,f_1
2692,2021-09-13 04:00:00,f,f_1
2693,2021-09-13 05:00:00,f,f_1
2694,2021-09-13 06:00:00,f,f_1
2695,2021-09-13 07:00:00,f,f_1
2696,2021-09-13 08:00:00,f,f_1
2697,2021-09-13 09:00:00,f,f_1
2698,2021-09-13 10:00:00,h,h_1
2699,2021-09-13 11:00:00,h,h_1
2700,2021-09-13 12:00:00,c,c_0
2701,2021-09-13 13:00:00,c,c_0
2702,2021-09-13 14:00:00,g,g_1
2703,2021-09-13 15:00:00,g,g_1
2704,2021-09-13 16:00:00,f,f_1
2705,2021-09-13 17:00:00,f,f_1
2706,2021-09-13 18:00:00,f,f_1
2707,2021-09-13 19:00:00,f,f_1
2708,2021-09-13 20:00:00,f,f_1
2709,2021-09-13 21:00:00,f,f_1
2710,2021-09-13 22:00:00,f,f_1
2711,2021-09-13 23:00:00,f,f_1
2712,2021-09-14 00:00:00,h,h_1
2713,2021-09-14 01:00:00,h,h_1
2714,2021-09-14 02:00:00,d,d_1
2715,2021-09-14 03:00:00,d,d_1
2716,2021-09-14 04:00:00,d,d_1
2717,2021-09-14 05:00:00,d,d_1
2718,2021-09-14 06:00:00,d,d_1
2719,2021-09-14 07:00:00,d,d_1
2720,2021-09-14 08:00:00,d,d_1
2721,2021-09-14 09:00:00,c,c_1
2722,2021-09-14 10:00:00,c,c_1
2723,2021-09-14 11:00:00,c,c_1
2724,2021-09-14 12:00:00,c,c_1
2725,2021-09-14 13:00:00,c,c_1
2726,2021-09-14 14:00:00,c,c_1
2727,2021-09-14 15:00:00,c,c_1
2728,2021-09-14 16:00:00,c,c_1
2729,2021-09-14 17:00:00,d,d_0
2730,2021-09-14 18:00:00,d,d_0
2731,2021-09-14 19:00:00,g,g_0
2732,2021-09-14 20:00:00,h,h_0
2733,2021-09-14 21:00:00,e,e_1
2734,2021-09-14 22:00:00,e,e_1
2735,2021-09-14 23:00:00,e,e_1
2736,2021-09-15 00:00:00,e,e_1
2737,2021-09-15 01:00:00,e,e_1
2738,2021-09-15 02:00:00,e,e_1
2739,2021-09-15 03:00:00,e,e_1
2740,2021-09-15 04:00:00,d,d_1
2741,2021-09-15 05:00:00,d,d_1
2742,2021-09-15 06:00:00,d,d_1
2743,2021-09-15 07:00:00,d,d_1
2744,2021-09-15 08:00:00,d,d_1
2745,2021-09-15 09:00:00,d,d_1
2746,2021-09-15 10:00:00,d,d_1
2747,2021-09-15 11:00:00,g,g_1
2748,2021-09-15 12:00:00,g,g_1
2749,2021-09-15 13:00:00,h,h_0
2750,2021-09-15 14:00:00,b,b_1
2751,2021-09-15 15:00:00,b,b_1
2752,2021-09-15 16:00:00,b,b_1
2753,2021-09-15 17:00:00,b,b_1
2754,2021-09-15 18:00:00,b,b_1
2755,2021-09-15 19:00:00,b,b_1
2756,2021-09-15 20:00:00,b,b_1
2757,2021-09-15 21:00:00,b,b_1
2758,2021-09-15 22:00:00,c,c_1
2759,2021-09-15 23:00:00,c,c_1
2760,2021-09-16 00:00:00,c,c_1
2761,2021-09-16 01:00:00,c,c_1
2762,2021-09-16 02:00:00,c,c_1
2763,2021-09-16 03:00:00,c,c_1
2764,2021-09-16 04:00:00,c,c_1
2765,2021-09-16 05:00:00,g,g_0
2766,2021-09-16 06:00:00,e,e_0
2767,2021-09-16 07:00:00,e,e_0
2768,2021-09-16 08:00:00,h,h_1
2769,2021-09-16 09:00:00,h,h_1
2770,2021-09-16 10:00:00,f,f_0
2771,2021-09-16 11:00:00,f,f_0
2772,2021-09-16 12:00:00,d,d_1
2773,2021-09-16 13:00:00,d,d_1
2774,2021-09-16 14:00:00,d,d_1
2775,2021-09-16 15:00:00,d,d_1
2776,2021-09-16 16:00:00,d,d_1
2777,2021-09-16 17:00:00,d,d_1
2778,2021-09-16 18:00:00,d,d_1
2779,2021-09-16 19:00:00,d,d_1
2780,2021-09-16 20:00:00,h,h_1
2781,2021-09-16 21:00:00,h,h_1
2782,2021-09-16 22:00:00,f,f_0
2783,2021-09-16 23:00:00,f,f_0
2784,2021-09-17 00:00:00,g,g_1
2785,2021-09-17 01:00:00,g,g_1
2786,2021-09-17 02:00:00,e,e_1
2787,2021-09-17 03:00:00,e,e_1
2788,2021-09-17 04:00:00,e,e_1
2789,2021-09-17 05:00:00,e,e_1
2790,2021-09-17 06:00:00,e,e_1
2791,2021-09-17 07:00:00,e,e_1
2792,2021-09-17 08:00:00,e,e_1
2793,2021-09-17 09:00:00,a,a_0
2794,2021-09-17 10:00:00,h,h_1
2795,2021-09-17 11:00:00,h,h_1
2796,2021-09-17 12:00:00,f,f_0
2797,2021-09-17 13:00:00,d,d_1
2798,2021-09-17 14:00:00,d,d_1
2799,2021-09-17 15:00:00,d,d_1
2800,2021-09-17 16:00:00,d,d_1
2801,2021-09-17 17:00:00,d,d_1
2802,2021-09-17 18:00:00,d,d_1
2803,2021-09-17 19:00:00,d,d_1
2804,2021-09-17 20:00:00,d,d_1
2805,2021-09-17 21:00:00,g,g_1
2806,2021-09-17 22:00:00,g,g_1
2807,2021-09-17 23:00:00,b,b_0
2808,2021-09-18 00:00:00,b,b_0
2809,2021-09-18 01:00:00,a,a_0
2810,2021-09-18 02:00:00,a,a_0
2811,2021-09-18 03:00:00,g,g_0
2812,2021-09-18 04:00:00,c,c_0
2813,2021-09-18 05:00:00,c,c_0
2814,2021-09-18 06:00:00,b,b_0
2815,2021-09-18 07:00:00,b,b_0
2816,2021-09-18 08:00:00,d,d_1
2817,2021-09-18 09:00:00,d,d_1
2818,2021-09-18 10:00:00,d,d_1
2819,2021-09-18 11:00:00,d,d_1
2820,2021-09-18 12:00:00,d,d_1
2821,2021-09-18 13:00:00,d,d_1
2822,2021-09-18 14:00:00,d,d_1
2823,2021-09-18 15:00:00,a,a_1
2824,2021-09-18 16:00:00,a,a_1
2825,2021-09-18 17:00:00,a,a_1
2826,2021-09-18 18:00:00,a,a_1
2827,2021-09-18 19:00:00,a,a_1
2828,2021-09-18 20:00:00,a,a_1
2829,2021-09-18 21:00:00,a,a_1
2830,2021-09-18 22:00:00,c,c_1
2831,2021-09-18 23:00:00,c,c_1
2832,2021-09-19 00:00:00,c,c_1
2833,2021-09-19 01:00:00,c,c_1
2834,2021-09-19 02:00:00,c,c_1
2835,2021-09-19 03:00:00,c,c_1
2836,2021-09-19 04:00:00,c,c_1
2837,2021-09-19 05:00:00,c,c_1
2838,2021-09-19 06:00:00,b,b_1
2839,2021-09-19 07:00:00,b,b_1
2840,2021-09-19 08:00:00,b,b_1
2841,2021-09-19 09:00:00,b,b_1
2842,2021-09-19 10:00:00,b,b_1
2843,2021-09-19 11:00:00,b,b_1
2844,2021-09-19 12:00:00,b,b_1
2845,2021-09-19 13:00:00,f,f_1
2846,2021-09-19 14:00:00,f,f_1
2847,2021-09-19 15:00:00,f,f_1
2848,2021-09-19 16:00:00,f,f_1
2849,2021-09-19 17:00:00,f,f_1
2850,2021-09-19 18:00:00,f,f_1
2851,2021-09-19 19:00:00,f,f_1
2852,2021-09-19 20:00:00,g,g_1
2853,2021-09-19 21:00:00,g,g_1
2854,2021-09-19 22:00:00,c,c_1
2855,2021-09-19 23:00:00,c,c_1
2856,2021-09-20 00:00:00,c,c_1
2857,2021-09-20 01:00:00,c,c_1
2858,2021-09-20 02:00:00,c,c_1
2859,2021-09-20 03:00:00,c,c_1
2860,2021-09-20 04:00:00,c,c_1
2861,2021-09-20 05:00:00,h,h_1
2862,2021-09-20 06:00:00,h,h_1
2863,2021-09-20 07:00:00,d,d_0
2864,2021-09-20 08:00:00,d,d_0
2865,2021-09-20 09:00:00,e,e_1
2866,2021-09-20 10:00:00,e,e_1
2867,2021-09-20 11:00:00,e,e_1
2868,2021-09-20 12:00:00,e,e_1
2869,2021-09-20 13:00:00,e,e_1
2870,2021-09-20 14:00:00,e,e_1
2871,2021-09-20 15:00:00,e,e_1
2872,2021-09-20 16:00:00,e,e_1
2873,2021-09-20 17:00:00,d,d_0
2874,2021-09-20 18:00:00,d,d_0
2875,2021-09-20 19:00:00,e,e_1
2876,2021-09-20 20:00:00,e,e_1
2877,2021-09-20 21:00:00,e,e_1
2878,2021-09-20 22:00:00,e,e_1
2879,2021-09-20 23:00:00,e,e_1
2880,2021-09-21 00:00:00,e,e_1
2881,2021-09-21 01:00:00,e,e_1
2882,2021-09-21 02:00:00,e,e_1
2883,2021-09-21 03:00:00,f,f_1
2884,2021-09-21 04:00:00,f,f_1
2885,2021-09-21 05:00:00,f,f_1
2886,2021-09-21 06:00:00,f,f_1
2887,2021-09-21 07:00:00,f,f_1
2888,2021-09-21 08:00:00,f,f_1
2889,2021-09-21 09:00:00,f,f_1
2890,2021-09-21 10:00:00,f,f_1
2891,2021-09-21 11:00:00,a,a_0
2892,2021-09-21 12:00:00,a,a_0
2893,2021-09-21 13:00:00,e,e_1
2894,2021-09-21 14:00:00,e,e_1
2895,2021-09-21 15:00:00,e,e_1
2896,2021-09-21 16:00:00,e,e_1
2897,2021-09-21 17:00:00,e,e_1
2898,2021-09-21 18:00:00,e,e_1
2899,2021-09-21 19:00:00,e,e_1
2900,2021-09-21 20:00:00,h,h_0
2901,2021-09-21 21:00:00,d,d_1
2902,2021-09-21 22:00:00,d,d_1
2903,2021-09-21 23:00:00,d,d_1
2904,2021-09-22 00:00:00,d,d_1
2905,2021-09-22 01:00:00,d,d_1
2906,2021-09-22 02:00:00,d,d_1
2907,2021-09-22 03:00:00,d,d_1
2908,2021-09-22 04:00:00,d,d_1
2909,2021-09-22 05:00:00,h,h_1
2910,2021-09-22 06:00:00,h,h_1
2911,2021-09-22 07:00:00,b,b_1
2912,2021-09-22 08:00:00,b,b_1
2913,2021-09-22 09:00:00,b,b_1
2914,2021-09-22 10:00:00,b,b_1
2915,2021-09-22 11:00:00,b,b_1
2916,2021-09-22 12:00:00,b,b_1
2917,2021-09-22 13:00:00,b,b_1
2918,2021-09-22 14:00:00,f,f_0
2919,2021-09-22 15:00:00,f,f_0
2920,2021-09-22 16:00:00,h,h_0
2921,2021-09-22 17:00:00,c,c_0
2922,2021-09-22 18:00:00,d,d_0
2923,2021-09-22 19:00:00,a,a_1
2924,2021-09-22 20:00:00,a,a_1
2925,2021-09-22 21:00:00,a,a_1
2926,2021-09-22 22:00:00,a,a_1
2927,2021-09-22 23:00:00,a,a_1
2928,2021-09-23 00:00:00,a,a_1
2929,2021-09-23 01:00:00,a,a_1
2930,2021-09-23 02:00:00,e,e_1
2931,2021-09-23 03:00:00,e,e_1
2932,2021-09-23 04:00:00,e,e_1
2933,2021-09-23 05:00:00,e,e_1
2934,2021-09-23 06:00:00,e,e_1
2935,2021-09-23 07:00:00,e,e_1
2936,2021-09-23 08:00:00,e,e_1
2937,2021-09-23 09:00:00,d,d_1
2938,2021-09-23 10:00:00,d,d_1
2939,2021-09-23 11:00:00,d,d_1
2940,2021-09-23 12:00:00,d,d_1
2941,2021-09-23 13:00:00,d,d_1
2942,2021-09-23 14:00:00,d,d_1
2943,2021-09-23 15:00:00,d,d_1
2944,2021-09-23 16:00:00,d,d_1
2945,2021-09-23 17:00:00,b,b_0
2946,2021-09-23 18:00:00,g,g_0
2947,2021-09-23 19:00:00,b,b_1
2948,2021-09-23 20:00:00,b,b_1
2949,2021-09-23 21:00:00,b,b_1
2950,2021-09-23 22:00:00,b,b_1
2951,2021-09-23 23:00:00,b,b_1
2952,2021-09-24 00:00:00,b,b_1
2953,2021-09-24 01:00:00,b,b_1
2954,2021-09-24 02:00:00,a,a_0
2955,2021-09-24 03:00:00,a,a_0
2956,2021-09-24 04:00:00,c,c_0
2957,2021-09-24 05:00:00,c,c_0
2958,2021-09-24 06:00:00,h,h_1
2959,2021-09-24 07:00:00,h,h_1
2960,2021-09-24 08:00:00,e,e_0
2961,2021-09-24 09:00:00,e,e_0
2962,2021-09-24 10:00:00,h,h_1
2963,2021-09-24 11:00:00,h,h_1
2964,2021-09-24 12:00:00,f,f_0
2965,2021-09-24 13:00:00,a,a_1
2966,2021-09-24 14:00:00,a,a_1
2967,2021-09-24 15:00:00,a,a_1
2968,2021-09-24 16:00:00,a,a_1
2969,2021-09-24 17:00:00,a,a_1
2970,2021-09-24 18:00:00,a,a_1
2971,2021-09-24 19:00:00,a,a_1
2972,2021-09-24 20:00:00,a,a_1
2973,2021-09-24 21:00:00,d,d_0
2974,2021-09-24 22:00:00,b,b_1
2975,2021-09-24 23:00:00,b,b_1
2976,2021-09-25 00:00:00,b,b_1
2977,2021-09-25 01:00:00,b,b_1
2978,2021-09-25 02:00:00,b,b_1
2979,2021-09-25 03:00:00,b,b_1
2980,2021-09-25 04:00:00,b,b_1
2981,2021-09-25 05:00:00,d,d_0
2982,2021-09-25 06:00:00,g,g_0
2983,2021-09-25 07:00:00,a,a_1
2984,2021-09-25 08:00:00,a,a_1
2985,2021-09-25 09:00:00,a,a_1
2986,2021-09-25 10:00:00,a,a_1
2987,2021-09-25 11:00:00,a,a_1
2988,2021-09-25 12:00:00,a,a_1
2989,2021-09-25 13:00:00,a,a_1
2990,2021-09-25 14:00:00,e,e_1
2991,2021-09-25 15:00:00,e,e_1
2992,2021-09-25 16:00:00,e,e_1
2993,2021-09-25 17:00:00,e,e_1
2994,2021-09-25 18:00:00,e,e_1
2995,2021-09-25 19:00:00,e,e_1
2996,2021-09-25 20:00:00,e,e_1
2997,2021-09-25 21:00:00,c,c_1
2998,2021-09-25 22:00:00,c,c_1
2999,2021-09-25 23:00:00,c,c_1
3000,2021-09-26 00:00:00,c,c_1
3001,2021-09-26 01:00:00,c,c_1
3002,2021-09-26 02:00:00,c,c_1
3003,2021-09-26 03:00:00,c,c_1
3004,2021-09-26 04:00:00,h,h_1
3005,2021-09-26 05:00:00,h,h_1
3006,2021-09-26 06:00:00,b,b_1
3007,2021-09-26 07:00:00,b,b_1
3008,2021-09-26 08:00:00,b,b_1
3009,2021-09-26 09:00:00,b,b_1
3010,2021-09-26 10:00:00,b,b_1
3011,2021-09-26 11:00:00,b,b_1
3012,2021-09-26 12:00:00,b,b_1
3013,2021-09-26 13:00:00,a,a_0
3014,2021-09-26 14:00:00,a,a_0
3015,2021-09-26 15:00:00,d,d_0
3016,2021-09-26 16:00:00,h,h_0
3017,2021-09-26 17:00:00,e,e_1
3018,2021-09-26 18:00:00,e,e_1
3019,2021-09-26 19:00:00,e,e_1
3020,2021-09-26 20:00:00,e,e_1
3021,2021-09-26 21:00:00,e,e_1
3022,2021-09-26 22:00:00,e,e_1
3023,2021-09-26 23:00:00,e,e_1
3024,2021-09-27 00:00:00,a,a_0
3025,2021-09-27 01:00:00,b,b_0
3026,2021-09-27 02:00:00,b,b_0
3027,2021-09-27 03:00:00,f,f_1
3028,2021-09-27 04:00:00,f,f_1
3029,2021-09-27 05:00:00,f,f_1
3030,2021-09-27 06:00:00,f,f_1
3031,2021-09-27 07:00:00,f,f_1
3032,2021-09-27 08:00:00,f,f_1
3033,2021-09-27 09:00:00,f,f_1
3034,2021-09-27 10:00:00,f,f_1
3035,2021-09-27 11:00:00,h,h_0
3036,2021-09-27 12:00:00,c,c_1
3037,2021-09-27 13:00:00,c,c_1
3038,2021-09-27 14:00:00,c,c_1
3039,2021-09-27 15:00:00,c,c_1
3040,2021-09-27 16:00:00,c,c_1
3041,2021-09-27 17:00:00,c,c_1
3042,2021-09-27 18:00:00,c,c_1
3043,2021-09-27 19:00:00,d,d_1
3044,2021-09-27 20:00:00,d,d_1
3045,2021-09-27 21:00:00,d,d_1
3046,2021-09-27 22:00:00,d,d_1
3047,2021-09-27 23:00:00,d,d_1
3048,2021-09-28 00:00:00,d,d_1
3049,2021-09-28 01:00:00,d,d_1
3050,2021-09-28 02:00:00,d,d_1
3051,2021-09-28 03:00:00,b,b_1
3052,2021-09-28 04:00:00,b,b_1
3053,2021-09-28 05:00:00,b,b_1
3054,2021-09-28 06:00:00,b,b_1
3055,2021-09-28 07:00:00,b,b_1
3056,2021-09-28 08:00:00,b,b_1
3057,2021-09-28 09:00:00,b,b_1
3058,2021-09-28 10:00:00,b,b_1
3059,2021-09-28 11:00:00,d,d_0
3060,2021-09-28 12:00:00,g,g_1
3061,2021-09-28 13:00:00,g,g_1
3062,2021-09-28 14:00:00,b,b_1
3063,2021-09-28 15:00:00,b,b_1
3064,2021-09-28 16:00:00,b,b_1
3065,2021-09-28 17:00:00,b,b_1
3066,2021-09-28 18:00:00,b,b_1
3067,2021-09-28 19:00:00,b,b_1
3068,2021-09-28 20:00:00,b,b_1
3069,2021-09-28 21:00:00,c,c_1
3070,2021-09-28 22:00:00,c,c_1
3071,2021-09-28 23:00:00,c,c_1
3072,2021-09-29 00:00:00,c,c_1
3073,2021-09-29 01:00:00,c,c_1
3074,2021-09-29 02:00:00,c,c_1
3075,2021-09-29 03:00:00,c,c_1
3076,2021-09-29 04:00:00,c,c_1
3077,2021-09-29 05:00:00,h,h_0
3078,2021-09-29 06:00:00,b,b_1
3079,2021-09-29 07:00:00,b,b_1
3080,2021-09-29 08:00:00,b,b_1
3081,2021-09-29 09:00:00,b,b_1
3082,2021-09-29 10:00:00,b,b_1
3083,2021-09-29 11:00:00,b,b_1
3084,2021-09-29 12:00:00,b,b_1
3085,2021-09-29 13:00:00,b,b_1
3086,2021-09-29 14:00:00,d,d_0
3087,2021-09-29 15:00:00,c,c_1
3088,2021-09-29 16:00:00,c,c_1
3089,2021-09-29 17:00:00,c,c_1
3090,2021-09-29 18:00:00,c,c_1
3091,2021-09-29 19:00:00,c,c_1
3092,2021-09-29 20:00:00,c,c_1
3093,2021-09-29 21:00:00,c,c_1
3094,2021-09-29 22:00:00,c,c_1
3095,2021-09-29 23:00:00,b,b_0
3096,2021-09-30 00:00:00,d,d_0
3097,2021-09-30 01:00:00,a,a_1
3098,2021-09-30 02:00:00,a,a_1
3099,2021-09-30 03:00:00,a,a_1
3100,2021-09-30 04:00:00,a,a_1
3101,2021-09-30 05:00:00,a,a_1
3102,2021-09-30 06:00:00,a,a_1
3103,2021-09-30 07:00:00,a,a_1
3104,2021-09-30 08:00:00,g,g_0
3105,2021-09-30 09:00:00,f,f_1
3106,2021-09-30 10:00:00,f,f_1
3107,2021-09-30 11:00:00,f,f_1
3108,2021-09-30 12:00:00,f,f_1
3109,2021-09-30 13:00:00,f,f_1
3110,2021-09-30 14:00:00,f,f_1
3111,2021-09-30 15:00:00,f,f_1
3112,2021-09-30 16:00:00,f,f_1
3113,2021-09-30 17:00:00,c,c_0
3114,2021-09-30 18:00:00,h,h_0
3115,2021-09-30 19:00:00,d,d_0
3116,2021-09-30 20:00:00,d,d_0
3117,2021-09-30 21:00:00,a,a_1
3118,2021-09-30 22:00:00,a,a_1
3119,2021-09-30 23:00:00,a,a_1
3120,2021-10-01 00:00:00,a,a_1
3121,2021-10-01 01:00:00,a,a_1
3122,2021-10-01 02:00:00,a,a_1
3123,2021-10-01 03:00:00,a,a_1
3124,2021-10-01 04:00:00,e,e_1
3125,2021-10-01 05:00:00,e,e_1
3126,2021-10-01 06:00:00,e,e_1
3127,2021-10-01 07:00:00,e,e_1
3128,2021-10-01 08:00:00,e,e_1
3129,2021-10-01 09:00:00,e,e_1
3130,2021-10-01 10:00:00,e,e_1
3131,2021-10-01 11:00:00,b,b_1
3132,2021-10-01 12:00:00,b,b_1
3133,2021-10-01 13:00:00,b,b_1
3134,2021-10-01 14:00:00,b,b_1
3135,2021-10-01 15:00:00,b,b_1
3136,2021-10-01 16:00:00,b,b_1
3137,2021-10-01 17:00:00,b,b_1
3138,2021-10-01 18:00:00,b,b_1
3139,2021-10-01 19:00:00,e,e_1
3140,2021-10-01 20:00:00,e,e_1
3141,2021-10-01 21:00:00,e,e_1
3142,2021-10-01 22:00:00,e,e_1
3143,2021-10-01 23:00:00,e,e_1
3144,2021-10-02 00:00:00,e,e_1
3145,2021-10-02 01:00:00,e,e_1
3146,2021-10-02 02:00:00,f,f_1
3147,2021-10-02 03:00:00,f,f_1
3148,2021-10-02 04:00:00,f,f_1
3149,2021-10-02 05:00:00,f,f_1
3150,2021-10-02 06:00:00,f,f_1
3151,2021-10-02 07:00:00,f,f_1
3152,2021-10-02 08:00:00,f,f_1
3153,2021-10-02 09:00:00,f,f_1
3154,2021-10-02 10:00:00,h,h_0
3155,2021-10-02 11:00:00,c,c_1
3156,2021-10-02 12:00:00,c,c_1
3157,2021-10-02 13:00:00,c,c_1
3158,2021-10-02 14:00:00,c,c_1
3159,2021-10-02 15:00:00,c,c_1
3160,2021-10-02 16:00:00,c,c_1
3161,2021-10-02 17:00:00,c,c_1
3162,2021-10-02 18:00:00,b,b_0
3163,2021-10-02 19:00:00,b,b_0
3164,2021-10-02 20:00:00,g,g_0
3165,2021-10-02 21:00:00,b,b_1
3166,2021-10-02 22:00:00,b,b_1
3167,2021-10-02 23:00:00,b,b_1
3168,2021-10-03 00:00:00,b,b_1
3169,2021-10-03 01:00:00,b,b_1
3170,2021-10-03 02:00:00,b,b_1
3171,2021-10-03 03:00:00,b,b_1
3172,2021-10-03 04:00:00,h,h_1
3173,2021-10-03 05:00:00,h,h_1
3174,2021-10-03 06:00:00,d,d_1
3175,2021-10-03 07:00:00,d,d_1
3176,2021-10-03 08:00:00,d,d_1
3177,2021-10-03 09:00:00,d,d_1
3178,2021-10-03 10:00:00,d,d_1
3179,2021-10-03 11:00:00,d,d_1
3180,2021-10-03 12:00:00,d,d_1
3181,2021-10-03 13:00:00,b,b_0
3182,2021-10-03 14:00:00,h,h_1
3183,2021-10-03 15:00:00,h,h_1
3184,2021-10-03 16:00:00,d,d_0
3185,2021-10-03 17:00:00,f,f_1
3186,2021-10-03 18:00:00,f,f_1
3187,2021-10-03 19:00:00,f,f_1
3188,2021-10-03 20:00:00,f,f_1
3189,2021-10-03 21:00:00,f,f_1
3190,2021-10-03 22:00:00,f,f_1
3191,2021-10-03 23:00:00,f,f_1
3192,2021-10-04 00:00:00,f,f_1
3193,2021-10-04 01:00:00,c,c_1
3194,2021-10-04 02:00:00,c,c_1
3195,2021-10-04 03:00:00,c,c_1
3196,2021-10-04 04:00:00,c,c_1
3197,2021-10-04 05:00:00,c,c_1
3198,2021-10-04 06:00:00,c,c_1
3199,2021-10-04 07:00:00,c,c_1
3200,2021-10-04 08:00:00,c,c_1
3201,2021-10-04 09:00:00,d,d_1
3202,2021-10-04 10:00:00,d,d_1
3203,2021-10-04 11:00:00,d,d_1
3204,2021-10-04 12:00:00,d,d_1
3205,2021-10-04 13:00:00,d,d_1
3206,2021-10-04 14:00:00,d,d_1
3207,2021-10-04 15:00:00,d,d_1
3208,2021-10-04 16:00:00,c,c_1
3209,2021-10-04 17:00:00,c,c_1
3210,2021-10-04 18:00:00,c,c_1
3211,2021-10-04 19:00:00,c,c_1
3212,2021-10-04 20:00:00,c,c_1
3213,2021-10-04 21:00:00,c,c_1
3214,2021-10-04 22:00:00,c,c_1
3215,2021-10-04 23:00:00,e,e_1
3216,2021-10-05 00:00:00,e,e_1
3217,2021-10-05 01:00:00,e,e_1
3218,2021-10-05 02:00:00,e,e_1
3219,2021-10-05 03:00:00,e,e_1
3220,2021-10-05 04:00:00,e,e_1
3221,2021-10-05 05:00:00,e,e_1
3222,2021-10-05 06:00:00,f,f_1
3223,2021-10-05 07:00:00,f,f_1
3224,2021-10-05 08:00:00,f,f_1
3225,2021-10-05 09:00:00,f,f_1
3226,2021-10-05 10:00:00,f,f_1
3227,2021-10-05 11:00:00,f,f_1
3228,2021-10-05 12:00:00,f,f_1
3229,2021-10-05 13:00:00,d,d_0
3230,2021-10-05 14:00:00,h,h_1
3231,2021-10-05 15:00:00,h,h_1
3232,2021-10-05 16:00:00,c,c_0
3233,2021-10-05 17:00:00,d,d_1
3234,2021-10-05 18:00:00,d,d_1
3235,2021-10-05 19:00:00,d,d_1
3236,2021-10-05 20:00:00,d,d_1
3237,2021-10-05 21:00:00,d,d_1
3238,2021-10-05 22:00:00,d,d_1
3239,2021-10-05 23:00:00,d,d_1
3240,2021-10-06 00:00:00,b,b_1
3241,2021-10-06 01:00:00,b,b_1
3242,2021-10-06 02:00:00,b,b_1
3243,2021-10-06 03:00:00,b,b_1
3244,2021-10-06 04:00:00,b,b_1
3245,2021-10-06 05:00:00,b,b_1
3246,2021-10-06 06:00:00,b,b_1
3247,2021-10-06 07:00:00,b,b_1
3248,2021-10-06 08:00:00,e,e_1
3249,2021-10-06 09:00:00,e,e_1
3250,2021-10-06 10:00:00,e,e_1
3251,2021-10-06 11:00:00,e,e_1
3252,2021-10-06 12:00:00,e,e_1
3253,2021-10-06 13:00:00,e,e_1
3254,2021-10-06 14:00:00,e,e_1
3255,2021-10-06 15:00:00,d,d_1
3256,2021-10-06 16:00:00,d,d_1
3257,2021-10-06 17:00:00,d,d_1
3258,2021-10-06 18:00:00,d,d_1
3259,2021-10-06 19:00:00,d,d_1
3260,2021-10-06 20:00:00,d,d_1
3261,2021-10-06 21:00:00,d,d_1
3262,2021-10-06 22:00:00,d,d_1
3263,2021-10-06 23:00:00,c,c_1
3264,2021-10-07 00:00:00,c,c_1
3265,2021-10-07 01:00:00,c,c_1
3266,2021-10-07 02:00:00,c,c_1
3267,2021-10-07 03:00:00,c,c_1
3268,2021-10-07 04:00:00,c,c_1
3269,2021-10-07 05:00:00,c,c_1
3270,2021-10-07 06:00:00,c,c_1
3271,2021-10-07 07:00:00,f,f_0
3272,2021-10-07 08:00:00,f,f_0
3273,2021-10-07 09:00:00,g,g_0
3274,2021-10-07 10:00:00,e,e_1
3275,2021-10-07 11:00:00,e,e_1
3276,2021-10-07 12:00:00,e,e_1
3277,2021-10-07 13:00:00,e,e_1
3278,2021-10-07 14:00:00,e,e_1
3279,2021-10-07 15:00:00,e,e_1
3280,2021-10-07 16:00:00,e,e_1
3281,2021-10-07 17:00:00,f,f_0
3282,2021-10-07 18:00:00,d,d_1
3283,2021-10-07 19:00:00,d,d_1
3284,2021-10-07 20:00:00,d,d_1
3285,2021-10-07 21:00:00,d,d_1
3286,2021-10-07 22:00:00,d,d_1
3287,2021-10-07 23:00:00,d,d_1
3288,2021-10-08 00:00:00,d,d_1
3289,2021-10-08 01:00:00,d,d_1
3290,2021-10-08 02:00:00,g,g_1
3291,2021-10-08 03:00:00,g,g_1
3292,2021-10-08 04:00:00,f,f_1
3293,2021-10-08 05:00:00,f,f_1
3294,2021-10-08 06:00:00,f,f_1
3295,2021-10-08 07:00:00,f,f_1
3296,2021-10-08 08:00:00,f,f_1
3297,2021-10-08 09:00:00,f,f_1
3298,2021-10-08 10:00:00,f,f_1
3299,2021-10-08 11:00:00,f,f_1
3300,2021-10-08 12:00:00,d,d_1
3301,2021-10-08 13:00:00,d,d_1
3302,2021-10-08 14:00:00,d,d_1
3303,2021-10-08 15:00:00,d,d_1
3304,2021-10-08 16:00:00,d,d_1
3305,2021-10-08 17:00:00,d,d_1
3306,2021-10-08 18:00:00,d,d_1
3307,2021-10-08 19:00:00,d,d_1
3308,2021-10-08 20:00:00,g,g_0
3309,2021-10-08 21:00:00,h,h_1
3310,2021-10-08 22:00:00,h,h_1
3311,2021-10-08 23:00:00,d,d_0
3312,2021-10-09 00:00:00,d,d_0
3313,2021-10-09 01:00:00,c,c_0
3314,2021-10-09 02:00:00,c,c_0
3315,2021-10-09 03:00:00,a,a_1
3316,2021-10-09 04:00:00,a,a_1
3317,2021-10-09 05:00:00,a,a_1
3318,2021-10-09 06:00:00,a,a_1
3319,2021-10-09 07:00:00,a,a_1
3320,2021-10-09 08:00:00,a,a_1
3321,2021-10-09 09:00:00,a,a_1
3322,2021-10-09 10:00:00,a,a_1
3323,2021-10-09 11:00:00,d,d_1
3324,2021-10-09 12:00:00,d,d_1
3325,2021-10-09 13:00:00,d,d_1
3326,2021-10-09 14:00:00,d,d_1
3327,2021-10-09 15:00:00,d,d_1
3328,2021-10-09 16:00:00,d,d_1
3329,2021-10-09 17:00:00,d,d_1
3330,2021-10-09 18:00:00,f,f_1
3331,2021-10-09 19:00:00,f,f_1
3332,2021-10-09 20:00:00,f,f_1
3333,2021-10-09 21:00:00,f,f_1
3334,2021-10-09 22:00:00,f,f_1
3335,2021-10-09 23:00:00,f,f_1
3336,2021-10-10 00:00:00,f,f_1
3337,2021-10-10 01:00:00,f,f_1
3338,2021-10-10 02:00:00,a,a_0
3339,2021-10-10 03:00:00,c,c_1
3340,2021-10-10 04:00:00,c,c_1
3341,2021-10-10 05:00:00,c,c_1
3342,2021-10-10 06:00:00,c,c_1
3343,2021-10-10 07:00:00,c,c_1
3344,2021-10-10 08:00:00,c,c_1
3345,2021-10-10 09:00:00,c,c_1
3346,2021-10-10 10:00:00,d,d_1
3347,2021-10-10 11:00:00,d,d_1
3348,2021-10-10 12:00:00,d,d_1
3349,2021-10-10 13:00:00,d,d_1
3350,2021-10-10 14:00:00,d,d_1
3351,2021-10-10 15:00:00,d,d_1
3352,2021-10-10 16:00:00,d,d_1
3353,2021-10-10 17:00:00,b,b_0
3354,2021-10-10 18:00:00,b,b_0
3355,2021-10-10 19:00:00,g,g_1
3356,2021-10-10 20:00:00,g,g_1
3357,2021-10-10 21:00:00,h,h_0
3358,2021-10-10 22:00:00,f,f_0
3359,2021-10-10 23:00:00,f,f_0
3360,2021-10-11 00:00:00,g,g_0
3361,2021-10-11 01:00:00,h,h_1
3362,2021-10-11 02:00:00,h,h_1
3363,2021-10-11 03:00:00,g,g_1
3364,2021-10-11 04:00:00,g,g_1
3365,2021-10-11 05:00:00,h,h_1
3366,2021-10-11 06:00:00,h,h_1
3367,2021-10-11 07:00:00,f,f_0
3368,2021-10-11 08:00:00,f,f_0
3369,2021-10-11 09:00:00,e,e_0
3370,2021-10-11 10:00:00,e,e_0
3371,2021-10-11 11:00:00,c,c_1
3372,2021-10-11 12:00:00,c,c_1
3373,2021-10-11 13:00:00,c,c_1
3374,2021-10-11 14:00:00,c,c_1
3375,2021-10-11 15:00:00,c,c_1
3376,2021-10-11 16:00:00,c,c_1
3377,2021-10-11 17:00:00,c,c_1
3378,2021-10-11 18:00:00,d,d_0
3379,2021-10-11 19:00:00,h,h_1
3380,2021-10-11 20:00:00,h,h_1
3381,2021-10-11 21:00:00,b,b_1
3382,2021-10-11 22:00:00,b,b_1
3383,2021-10-11 23:00:00,b,b_1
3384,2021-10-12 00:00:00,b,b_1
3385,2021-10-12 01:00:00,b,b_1
3386,2021-10-12 02:00:00,b,b_1
3387,2021-10-12 03:00:00,b,b_1
3388,2021-10-12 04:00:00,b,b_1
3389,2021-10-12 05:00:00,f,f_0
3390,2021-10-12 06:00:00,d,d_0
3391,2021-10-12 07:00:00,c,c_1
3392,2021-10-12 08:00:00,c,c_1
3393,2021-10-12 09:00:00,c,c_1
3394,2021-10-12 10:00:00,c,c_1
3395,2021-10-12 11:00:00,c,c_1
3396,2021-10-12 12:00:00,c,c_1
3397,2021-10-12 13:00:00,c,c_1
3398,2021-10-12 14:00:00,g,g_0
3399,2021-10-12 15:00:00,b,b_1
3400,2021-10-12 16:00:00,b,b_1
3401,2021-10-12 17:00:00,b,b_1
3402,2021-10-12 18:00:00,b,b_1
3403,2021-10-12 19:00:00,b,b_1
3404,2021-10-12 20:00:00,b,b_1
3405,2021-10-12 21:00:00,b,b_1
3406,2021-10-12 22:00:00,b,b_1
3407,2021-10-12 23:00:00,d,d_0
3408,2021-10-13 00:00:00,d,d_0
3409,2021-10-13 01:00:00,c,c_1
3410,2021-10-13 02:00:00,c,c_1
3411,2021-10-13 03:00:00,c,c_1
3412,2021-10-13 04:00:00,c,c_1
3413,2021-10-13 05:00:00,c,c_1
3414,2021-10-13 06:00:00,c,c_1
3415,2021-10-13 07:00:00,c,c_1
3416,2021-10-13 08:00:00,c,c_1
3417,2021-10-13 09:00:00,e,e_1
3418,2021-10-13 10:00:00,e,e_1
3419,2021-10-13 11:00:00,e,e_1
3420,2021-10-13 12:00:00,e,e_1
3421,2021-10-13 13:00:00,e,e_1
3422,2021-10-13 14:00:00,e,e_1
3423,2021-10-13 15:00:00,e,e_1
3424,2021-10-13 16:00:00,e,e_1
3425,2021-10-13 17:00:00,h,h_1
3426,2021-10-13 18:00:00,h,h_1
3427,2021-10-13 19:00:00,g,g_0
3428,2021-10-13 20:00:00,d,d_0
3429,2021-10-13 21:00:00,h,h_0
3430,2021-10-13 22:00:00,f,f_1
3431,2021-10-13 23:00:00,f,f_1
3432,2021-10-14 00:00:00,f,f_1
3433,2021-10-14 01:00:00,f,f_1
3434,2021-10-14 02:00:00,f,f_1
3435,2021-10-14 03:00:00,f,f_1
3436,2021-10-14 04:00:00,f,f_1
3437,2021-10-14 05:00:00,f,f_1
3438,2021-10-14 06:00:00,e,e_0
3439,2021-10-14 07:00:00,d,d_1
3440,2021-10-14 08:00:00,d,d_1
3441,2021-10-14 09:00:00,d,d_1
3442,2021-10-14 10:00:00,d,d_1
3443,2021-10-14 11:00:00,d,d_1
3444,2021-10-14 12:00:00,d,d_1
3445,2021-10-14 13:00:00,d,d_1
3446,2021-10-14 14:00:00,d,d_1
3447,2021-10-14 15:00:00,f,f_1
3448,2021-10-14 16:00:00,f,f_1
3449,2021-10-14 17:00:00,f,f_1
3450,2021-10-14 18:00:00,f,f_1
3451,2021-10-14 19:00:00,f,f_1
3452,2021-10-14 20:00:00,f,f_1
3453,2021-10-14 21:00:00,f,f_1
3454,2021-10-14 22:00:00,d,d_0
3455,2021-10-14 23:00:00,d,d_0
3456,2021-10-15 00:00:00,g,g_1
3457,2021-10-15 01:00:00,g,g_1
3458,2021-10-15 02:00:00,f,f_1
3459,2021-10-15 03:00:00,f,f_1
3460,2021-10-15 04:00:00,f,f_1
3461,2021-10-15 05:00:00,f,f_1
3462,2021-10-15 06:00:00,f,f_1
3463,2021-10-15 07:00:00,f,f_1
3464,2021-10-15 08:00:00,f,f_1
3465,2021-10-15 09:00:00,f,f_1
3466,2021-10-15 10:00:00,h,h_0
3467,2021-10-15 11:00:00,a,a_0
3468,2021-10-15 12:00:00,a,a_0
3469,2021-10-15 13:00:00,h,h_1
3470,2021-10-15 14:00:00,h,h_1
3471,2021-10-15 15:00:00,a,a_1
3472,2021-10-15 16:00:00,a,a_1
3473,2021-10-15 17:00:00,a,a_1
3474,2021-10-15 18:00:00,a,a_1
3475,2021-10-15 19:00:00,a,a_1
3476,2021-10-15 20:00:00,a,a_1
3477,2021-10-15 21:00:00,a,a_1
3478,2021-10-15 22:00:00,e,e_0
3479,2021-10-15 23:00:00,e,e_0
3480,2021-10-16 00:00:00,g,g_1
3481,2021-10-16 01:00:00,g,g_1
3482,2021-10-16 02:00:00,a,a_1
3483,2021-10-16 03:00:00,a,a_1
3484,2021-10-16 04:00:00,a,a_1
3485,2021-10-16 05:00:00,a,a_1
3486,2021-10-16 06:00:00,a,a_1
3487,2021-10-16 07:00:00,a,a_1
3488,2021-10-16 08:00:00,a,a_1
3489,2021-10-16 09:00:00,d,d_0
3490,2021-10-16 10:00:00,d,d_0
3491,2021-10-16 11:00:00,h,h_0
3492,2021-10-16 12:00:00,b,b_1
3493,2021-10-16 13:00:00,b,b_1
3494,2021-10-16 14:00:00,b,b_1
3495,2021-10-16 15:00:00,b,b_1
3496,2021-10-16 16:00:00,b,b_1
3497,2021-10-16 17:00:00,b,b_1
3498,2021-10-16 18:00:00,b,b_1
3499,2021-10-16 19:00:00,e,e_1
3500,2021-10-16 20:00:00,e,e_1
3501,2021-10-16 21:00:00,e,e_1
3502,2021-10-16 22:00:00,e,e_1
3503,2021-10-16 23:00:00,e,e_1
3504,2021-10-17 00:00:00,e,e_1
3505,2021-10-17 01:00:00,e,e_1
3506,2021-10-17 02:00:00,e,e_1
3507,2021-10-17 03:00:00,c,c_1
3508,2021-10-17 04:00:00,c,c_1
3509,2021-10-17 05:00:00,c,c_1
3510,2021-10-17 06:00:00,c,c_1
3511,2021-10-17 07:00:00,c,c_1
3512,2021-10-17 08:00:00,c,c_1
3513,2021-10-17 09:00:00,c,c_1
3514,2021-10-17 10:00:00,f,f_0
3515,2021-10-17 11:00:00,f,f_0
3516,2021-10-17 12:00:00,a,a_1
3517,2021-10-17 13:00:00,a,a_1
3518,2021-10-17 14:00:00,a,a_1
3519,2021-10-17 15:00:00,a,a_1
3520,2021-10-17 16:00:00,a,a_1
3521,2021-10-17 17:00:00,a,a_1
3522,2021-10-17 18:00:00,a,a_1
3523,2021-10-17 19:00:00,f,f_1
3524,2021-10-17 20:00:00,f,f_1
3525,2021-10-17 21:00:00,f,f_1
3526,2021-10-17 22:00:00,f,f_1
3527,2021-10-17 23:00:00,f,f_1
3528,2021-10-18 00:00:00,f,f_1
3529,2021-10-18 01:00:00,f,f_1
3530,2021-10-18 02:00:00,e,e_1
3531,2021-10-18 03:00:00,e,e_1
3532,2021-10-18 04:00:00,e,e_1
3533,2021-10-18 05:00:00,e,e_1
3534,2021-10-18 06:00:00,e,e_1
3535,2021-10-18 07:00:00,e,e_1
3536,2021-10-18 08:00:00,e,e_1
3537,2021-10-18 09:00:00,f,f_1
3538,2021-10-18 10:00:00,f,f_1
3539,2021-10-18 11:00:00,f,f_1
3540,2021-10-18 12:00:00,f,f_1
3541,2021-10-18 13:00:00,f,f_1
3542,2021-10-18 14:00:00,f,f_1
3543,2021-10-18 15:00:00,f,f_1
3544,2021-10-18 16:00:00,b,b_1
3545,2021-10-18 17:00:00,b,b_1
3546,2021-10-18 18:00:00,b,b_1
3547,2021-10-18 19:00:00,b,b_1
3548,2021-10-18 20:00:00,b,b_1
3549,2021-10-18 21:00:00,b,b_1
3550,2021-10-18 22:00:00,b,b_1
3551,2021-10-18 23:00:00,g,g_1
3552,2021-10-19 00:00:00,g,g_1
3553,2021-10-19 01:00:00,c,c_0
3554,2021-10-19 02:00:00,c,c_0
3555,2021-10-19 03:00:00,d,d_1
3556,2021-10-19 04:00:00,d,d_1
3557,2021-10-19 05:00:00,d,d_1
3558,2021-10-19 06:00:00,d,d_1
3559,2021-10-19 07:00:00,d,d_1
3560,2021-10-19 08:00:00,d,d_1
3561,2021-10-19 09:00:00,d,d_1
3562,2021-10-19 10:00:00,h,h_1
3563,2021-10-19 11:00:00,h,h_1
3564,2021-10-19 12:00:00,a,a_1
3565,2021-10-19 13:00:00,a,a_1
3566,2021-10-19 14:00:00,a,a_1
3567,2021-10-19 15:00:00,a,a_1
3568,2021-10-19 16:00:00,a,a_1
3569,2021-10-19 17:00:00,a,a_1
3570,2021-10-19 18:00:00,a,a_1
3571,2021-10-19 19:00:00,a,a_1
3572,2021-10-19 20:00:00,h,h_0
3573,2021-10-19 21:00:00,b,b_0
3574,2021-10-19 22:00:00,d,d_0
3575,2021-10-19 23:00:00,b,b_1
3576,2021-10-20 00:00:00,b,b_1
3577,2021-10-20 01:00:00,b,b_1
3578,2021-10-20 02:00:00,b,b_1
3579,2021-10-20 03:00:00,b,b_1
3580,2021-10-20 04:00:00,b,b_1
3581,2021-10-20 05:00:00,b,b_1
3582,2021-10-20 06:00:00,b,b_1
3583,2021-10-20 07:00:00,c,c_0
3584,2021-10-20 08:00:00,a,a_0
3585,2021-10-20 09:00:00,a,a_0
3586,2021-10-20 10:00:00,e,e_1
3587,2021-10-20 11:00:00,e,e_1
3588,2021-10-20 12:00:00,e,e_1
3589,2021-10-20 13:00:00,e,e_1
3590,2021-10-20 14:00:00,e,e_1
3591,2021-10-20 15:00:00,e,e_1
3592,2021-10-20 16:00:00,e,e_1
3593,2021-10-20 17:00:00,e,e_1
3594,2021-10-20 18:00:00,b,b_1
3595,2021-10-20 19:00:00,b,b_1
3596,2021-10-20 20:00:00,b,b_1
3597,2021-10-20 21:00:00,b,b_1
3598,2021-10-20 22:00:00,b,b_1
3599,2021-10-20 23:00:00,b,b_1
3600,2021-10-21 00:00:00,b,b_1
3601,2021-10-21 01:00:00,b,b_1
3602,2021-10-21 02:00:00,e,e_1
3603,2021-10-21 03:00:00,e,e_1
3604,2021-10-21 04:00:00,e,e_1
3605,2021-10-21 05:00:00,e,e_1
3606,2021-10-21 06:00:00,e,e_1
3607,2021-10-21 07:00:00,e,e_1
3608,2021-10-21 08:00:00,e,e_1
3609,2021-10-21 09:00:00,f,f_1
3610,2021-10-21 10:00:00,f,f_1
3611,2021-10-21 11:00:00,f,f_1
3612,2021-10-21 12:00:00,f,f_1
3613,2021-10-21 13:00:00,f,f_1
3614,2021-10-21 14:00:00,f,f_1
3615,2021-10-21 15:00:00,f,f_1
3616,2021-10-21 16:00:00,f,f_1
3617,2021-10-21 17:00:00,c,c_1
3618,2021-10-21 18:00:00,c,c_1
3619,2021-10-21 19:00:00,c,c_1
3620,2021-10-21 20:00:00,c,c_1
3621,2021-10-21 21:00:00,c,c_1
3622,2021-10-21 22:00:00,c,c_1
3623,2021-10-21 23:00:00,c,c_1
3624,2021-10-22 00:00:00,f,f_1
3625,2021-10-22 01:00:00,f,f_1
3626,2021-10-22 02:00:00,f,f_1
3627,2021-10-22 03:00:00,f,f_1
3628,2021-10-22 04:00:00,f,f_1
3629,2021-10-22 05:00:00,f,f_1
3630,2021-10-22 06:00:00,f,f_1
3631,2021-10-22 07:00:00,f,f_1
3632,2021-10-22 08:00:00,e,e_0
3633,2021-10-22 09:00:00,e,e_0
3634,2021-10-22 10:00:00,h,h_0
3635,2021-10-22 11:00:00,e,e_0
3636,2021-10-22 12:00:00,e,e_0
3637,2021-10-22 13:00:00,d,d_1
3638,2021-10-22 14:00:00,d,d_1
3639,2021-10-22 15:00:00,d,d_1
3640,2021-10-22 16:00:00,d,d_1
3641,2021-10-22 17:00:00,d,d_1
3642,2021-10-22 18:00:00,d,d_1
3643,2021-10-22 19:00:00,d,d_1
3644,2021-10-22 20:00:00,h,h_1
3645,2021-10-22 21:00:00,h,h_1
3646,2021-10-22 22:00:00,b,b_1
3647,2021-10-22 23:00:00,b,b_1
3648,2021-10-23 00:00:00,b,b_1
3649,2021-10-23 01:00:00,b,b_1
3650,2021-10-23 02:00:00,b,b_1
3651,2021-10-23 03:00:00,b,b_1
3652,2021-10-23 04:00:00,b,b_1
3653,2021-10-23 05:00:00,b,b_1
3654,2021-10-23 06:00:00,c,c_0
3655,2021-10-23 07:00:00,c,c_0
3656,2021-10-23 08:00:00,f,f_0
3657,2021-10-23 09:00:00,d,d_1
3658,2021-10-23 10:00:00,d,d_1
3659,2021-10-23 11:00:00,d,d_1
3660,2021-10-23 12:00:00,d,d_1
3661,2021-10-23 13:00:00,d,d_1
3662,2021-10-23 14:00:00,d,d_1
3663,2021-10-23 15:00:00,d,d_1
3664,2021-10-23 16:00:00,f,f_1
3665,2021-10-23 17:00:00,f,f_1
3666,2021-10-23 18:00:00,f,f_1
3667,2021-10-23 19:00:00,f,f_1
3668,2021-10-23 20:00:00,f,f_1
3669,2021-10-23 21:00:00,f,f_1
3670,2021-10-23 22:00:00,f,f_1
3671,2021-10-23 23:00:00,f,f_1
3672,2021-10-24 00:00:00,a,a_0
3673,2021-10-24 01:00:00,a,a_0
3674,2021-10-24 02:00:00,h,h_0
3675,2021-10-24 03:00:00,f,f_0
3676,2021-10-24 04:00:00,f,f_0
3677,2021-10-24 05:00:00,b,b_0
3678,2021-10-24 06:00:00,g,g_0
3679,2021-10-24 07:00:00,c,c_0
3680,2021-10-24 08:00:00,c,c_0
3681,2021-10-24 09:00:00,b,b_0
3682,2021-10-24 10:00:00,b,b_0
3683,2021-10-24 11:00:00,a,a_1
3684,2021-10-24 12:00:00,a,a_1
3685,2021-10-24 13:00:00,a,a_1
3686,2021-10-24 14:00:00,a,a_1
3687,2021-10-24 15:00:00,a,a_1
3688,2021-10-24 16:00:00,a,a_1
3689,2021-10-24 17:00:00,a,a_1
3690,2021-10-24 18:00:00,a,a_1
3691,2021-10-24 19:00:00,d,d_1
3692,2021-10-24 20:00:00,d,d_1
3693,2021-10-24 21:00:00,d,d_1
3694,2021-10-24 22:00:00,d,d_1
3695,2021-10-24 23:00:00,d,d_1
3696,2021-10-25 00:00:00,d,d_1
3697,2021-10-25 01:00:00,d,d_1
3698,2021-10-25 02:00:00,h,h_1
3699,2021-10-25 03:00:00,h,h_1
3700,2021-10-25 04:00:00,b,b_1
3701,2021-10-25 05:00:00,b,b_1
3702,2021-10-25 06:00:00,b,b_1
3703,2021-10-25 07:00:00,b,b_1
3704,2021-10-25 08:00:00,b,b_1
3705,2021-10-25 09:00:00,b,b_1
3706,2021-10-25 10:00:00,b,b_1
3707,2021-10-25 11:00:00,f,f_0
3708,2021-10-25 12:00:00,g,g_1
3709,2021-10-25 13:00:00,g,g_1
3710,2021-10-25 14:00:00,b,b_0
3711,2021-10-25 15:00:00,g,g_1
3712,2021-10-25 16:00:00,g,g_1
3713,2021-10-25 17:00:00,d,d_0
3714,2021-10-25 18:00:00,d,d_0
3715,2021-10-25 19:00:00,f,f_0
3716,2021-10-25 20:00:00,d,d_0
3717,2021-10-25 21:00:00,d,d_0
3718,2021-10-25 22:00:00,g,g_1
3719,2021-10-25 23:00:00,g,g_1
3720,2021-10-26 00:00:00,e,e_1
3721,2021-10-26 01:00:00,e,e_1
3722,2021-10-26 02:00:00,e,e_1
3723,2021-10-26 03:00:00,e,e_1
3724,2021-10-26 04:00:00,e,e_1
3725,2021-10-26 05:00:00,e,e_1
3726,2021-10-26 06:00:00,e,e_1
3727,2021-10-26 07:00:00,f,f_1
3728,2021-10-26 08:00:00,f,f_1
3729,2021-10-26 09:00:00,f,f_1
3730,2021-10-26 10:00:00,f,f_1
3731,2021-10-26 11:00:00,f,f_1
3732,2021-10-26 12:00:00,f,f_1
3733,2021-10-26 13:00:00,f,f_1
3734,2021-10-26 14:00:00,f,f_1
3735,2021-10-26 15:00:00,h,h_1
3736,2021-10-26 16:00:00,h,h_1
3737,2021-10-26 17:00:00,g,g_1
3738,2021-10-26 18:00:00,g,g_1
3739,2021-10-26 19:00:00,e,e_1
3740,2021-10-26 20:00:00,e,e_1
3741,2021-10-26 21:00:00,e,e_1
3742,2021-10-26 22:00:00,e,e_1
3743,2021-10-26 23:00:00,e,e_1
3744,2021-10-27 00:00:00,e,e_1
3745,2021-10-27 01:00:00,e,e_1
3746,2021-10-27 02:00:00,e,e_1
3747,2021-10-27 03:00:00,f,f_0
3748,2021-10-27 04:00:00,f,f_0
3749,2021-10-27 05:00:00,a,a_1
3750,2021-10-27 06:00:00,a,a_1
3751,2021-10-27 07:00:00,a,a_1
3752,2021-10-27 08:00:00,a,a_1
3753,2021-10-27 09:00:00,a,a_1
3754,2021-10-27 10:00:00,a,a_1
3755,2021-10-27 11:00:00,a,a_1
3756,2021-10-27 12:00:00,a,a_1
3757,2021-10-27 13:00:00,c,c_1
3758,2021-10-27 14:00:00,c,c_1
3759,2021-10-27 15:00:00,c,c_1
3760,2021-10-27 16:00:00,c,c_1
3761,2021-10-27 17:00:00,c,c_1
3762,2021-10-27 18:00:00,c,c_1
3763,2021-10-27 19:00:00,c,c_1
3764,2021-10-27 20:00:00,c,c_1
3765,2021-10-27 21:00:00,b,b_0
3766,2021-10-27 22:00:00,b,b_0
3767,2021-10-27 23:00:00,g,g_1
3768,2021-10-28 00:00:00,g,g_1
3769,2021-10-28 01:00:00,c,c_0
3770,2021-10-28 02:00:00,c,c_0
3771,2021-10-28 03:00:00,h,h_1
3772,2021-10-28 04:00:00,h,h_1
3773,2021-10-28 05:00:00,c,c_0
3774,2021-10-28 06:00:00,d,d_0
3775,2021-10-28 07:00:00,h,h_0
3776,2021-10-28 08:00:00,e,e_1
3777,2021-10-28 09:00:00,e,e_1
3778,2021-10-28 10:00:00,e,e_1
3779,2021-10-28 11:00:00,e,e_1
3780,2021-10-28 12:00:00,e,e_1
3781,2021-10-28 13:00:00,e,e_1
3782,2021-10-28 14:00:00,e,e_1
3783,2021-10-28 15:00:00,e,e_1
3784,2021-10-28 16:00:00,b,b_0
3785,2021-10-28 17:00:00,d,d_1
3786,2021-10-28 18:00:00,d,d_1
3787,2021-10-28 19:00:00,d,d_1
3788,2021-10-28 20:00:00,d,d_1
3789,2021-10-28 21:00:00,d,d_1
3790,2021-10-28 22:00:00,d,d_1
3791,2021-10-28 23:00:00,d,d_1
3792,2021-10-29 00:00:00,d,d_1
3793,2021-10-29 01:00:00,f,f_1
3794,2021-10-29 02:00:00,f,f_1
3795,2021-10-29 03:00:00,f,f_1
3796,2021-10-29 04:00:00,f,f_1
3797,2021-10-29 05:00:00,f,f_1
3798,2021-10-29 06:00:00,f,f_1
3799,2021-10-29 07:00:00,f,f_1
3800,2021-10-29 08:00:00,f,f_1
3801,2021-10-29 09:00:00,e,e_1
3802,2021-10-29 10:00:00,e,e_1
3803,2021-10-29 11:00:00,e,e_1
3804,2021-10-29 12:00:00,e,e_1
3805,2021-10-29 13:00:00,e,e_1
3806,2021-10-29 14:00:00,e,e_1
3807,2021-10-29 15:00:00,e,e_1
3808,2021-10-29 16:00:00,h,h_0
3809,2021-10-29 17:00:00,c,c_0
3810,2021-10-29 18:00:00,c,c_0
3811,2021-10-29 19:00:00,f,f_0
3812,2021-10-29 20:00:00,f,f_0
3813,2021-10-29 21:00:00,e,e_1
3814,2021-10-29 22:00:00,e,e_1
3815,2021-10-29 23:00:00,e,e_1
3816,2021-10-30 00:00:00,e,e_1
3817,2021-10-30 01:00:00,e,e_1
3818,2021-10-30 02:00:00,e,e_1
3819,2021-10-30 03:00:00,e,e_1
3820,2021-10-30 04:00:00,f,f_1
3821,2021-10-30 05:00:00,f,f_1
3822,2021-10-30 06:00:00,f,f_1
3823,2021-10-30 07:00:00,f,f_1
3824,2021-10-30 08:00:00,f,f_1
3825,2021-10-30 09:00:00,f,f_1
3826,2021-10-30 10:00:00,f,f_1
3827,2021-10-30 11:00:00,f,f_1
3828,2021-10-30 12:00:00,g,g_0
3829,2021-10-30 13:00:00,h,h_1
3830,2021-10-30 14:00:00,h,h_1
3831,2021-10-30 15:00:00,g,g_0
3832,2021-10-30 16:00:00,f,f_1
3833,2021-10-30 17:00:00,f,f_1
3834,2021-10-30 18:00:00,f,f_1
3835,2021-10-30 19:00:00,f,f_1
3836,2021-10-30 20:00:00,f,f_1
3837,2021-10-30 21:00:00,f,f_1
3838,2021-10-30 22:00:00,f,f_1
3839,2021-10-30 23:00:00,f,f_1
3840,2021-10-31 00:00:00,d,d_0
3841,2021-10-31 01:00:00,d,d_0
3842,2021-10-31 02:00:00,e,e_1
3843,2021-10-31 03:00:00,e,e_1
3844,2021-10-31 04:00:00,e,e_1
3845,2021-10-31 05:00:00,e,e_1
3846,2021-10-31 06:00:00,e,e_1
3847,2021-10-31 07:00:00,e,e_1
3848,2021-10-31 08:00:00,e,e_1
3849,2021-10-31 09:00:00,h,h_1
3850,2021-10-31 10:00:00,h,h_1
3851,2021-10-31 11:00:00,e,e_1
3852,2021-10-31 12:00:00,e,e_1
3853,2021-10-31 13:00:00,e,e_1
3854,2021-10-31 14:00:00,e,e_1
3855,2021-10-31 15:00:00,e,e_1
3856,2021-10-31 16:00:00,e,e_1
3857,2021-10-31 17:00:00,e,e_1
3858,2021-10-31 18:00:00,d,d_1
3859,2021-10-31 19:00:00,d,d_1
3860,2021-10-31 20:00:00,d,d_1
3861,2021-10-31 21:00:00,d,d_1
3862,2021-10-31 22:00:00,d,d_1
3863,2021-10-31 23:00:00,d,d_1
3864,2021-11-01 00:00:00,d,d_1
3865,2021-11-01 01:00:00,f,f_0
3866,2021-11-01 02:00:00,f,f_0
3867,2021-11-01 03:00:00,a,a_1
3868,2021-11-01 04:00:00,a,a_1
3869,2021-11-01 05:00:00,a,a_1
3870,2021-11-01 06:00:00,a,a_1
3871,2021-11-01 07:00:00,a,a_1
3872,2021-11-01 08:00:00,a,a_1
3873,2021-11-01 09:00:00,a,a_1
3874,2021-11-01 10:00:00,h,h_1
3875,2021-11-01 11:00:00,h,h_1
3876,2021-11-01 12:00:00,b,b_1
3877,2021-11-01 13:00:00,b,b_1
3878,2021-11-01 14:00:00,b,b_1
3879,2021-11-01 15:00:00,b,b_1
3880,2021-11-01 16:00:00,b,b_1
3881,2021-11-01 17:00:00,b,b_1
3882,2021-11-01 18:00:00,b,b_1
3883,2021-11-01 19:00:00,f,f_0
3884,2021-11-01 20:00:00,f,f_0
3885,2021-11-01 21:00:00,c,c_0
3886,2021-11-01 22:00:00,g,g_0
3887,2021-11-01 23:00:00,a,a_1
3888,2021-11-02 00:00:00,a,a_1
3889,2021-11-02 01:00:00,a,a_1
3890,2021-11-02 02:00:00,a,a_1
3891,2021-11-02 03:00:00,a,a_1
3892,2021-11-02 04:00:00,a,a_1
3893,2021-11-02 05:00:00,a,a_1
3894,2021-11-02 06:00:00,a,a_1
3895,2021-11-02 07:00:00,c,c_1
3896,2021-11-02 08:00:00,c,c_1
3897,2021-11-02 09:00:00,c,c_1
3898,2021-11-02 10:00:00,c,c_1
3899,2021-11-02 11:00:00,c,c_1
3900,2021-11-02 12:00:00,c,c_1
3901,2021-11-02 13:00:00,c,c_1
3902,2021-11-02 14:00:00,c,c_1
3903,2021-11-02 15:00:00,a,a_1
3904,2021-11-02 16:00:00,a,a_1
3905,2021-11-02 17:00:00,a,a_1
3906,2021-11-02 18:00:00,a,a_1
3907,2021-11-02 19:00:00,a,a_1
3908,2021-11-02 20:00:00,a,a_1
3909,2021-11-02 21:00:00,a,a_1
3910,2021-11-02 22:00:00,a,a_1
3911,2021-11-02 23:00:00,b,b_1
3912,2021-11-03 00:00:00,b,b_1
3913,2021-11-03 01:00:00,b,b_1
3914,2021-11-03 02:00:00,b,b_1
3915,2021-11-03 03:00:00,b,b_1
3916,2021-11-03 04:00:00,b,b_1
3917,2021-11-03 05:00:00,b,b_1
3918,2021-11-03 06:00:00,a,a_0
3919,2021-11-03 07:00:00,a,a_0
3920,2021-11-03 08:00:00,b,b_1
3921,2021-11-03 09:00:00,b,b_1
3922,2021-11-03 10:00:00,b,b_1
3923,2021-11-03 11:00:00,b,b_1
3924,2021-11-03 12:00:00,b,b_1
3925,2021-11-03 13:00:00,b,b_1
3926,2021-11-03 14:00:00,b,b_1
3927,2021-11-03 15:00:00,b,b_1
3928,2021-11-03 16:00:00,a,a_0
3929,2021-11-03 17:00:00,c,c_1
3930,2021-11-03 18:00:00,c,c_1
3931,2021-11-03 19:00:00,c,c_1
3932,2021-11-03 20:00:00,c,c_1
3933,2021-11-03 21:00:00,c,c_1
3934,2021-11-03 22:00:00,c,c_1
3935,2021-11-03 23:00:00,c,c_1
3936,2021-11-04 00:00:00,c,c_1
3937,2021-11-04 01:00:00,b,b_0
3938,2021-11-04 02:00:00,d,d_0
3939,2021-11-04 03:00:00,e,e_1
3940,2021-11-04 04:00:00,e,e_1
3941,2021-11-04 05:00:00,e,e_1
3942,2021-11-04 06:00:00,e,e_1
3943,2021-11-04 07:00:00,e,e_1
3944,2021-11-04 08:00:00,e,e_1
3945,2021-11-04 09:00:00,e,e_1
3946,2021-11-04 10:00:00,c,c_0
3947,2021-11-04 11:00:00,c,c_0
3948,2021-11-04 12:00:00,d,d_1
3949,2021-11-04 13:00:00,d,d_1
3950,2021-11-04 14:00:00,d,d_1
3951,2021-11-04 15:00:00,d,d_1
3952,2021-11-04 16:00:00,d,d_1
3953,2021-11-04 17:00:00,d,d_1
3954,2021-11-04 18:00:00,d,d_1
3955,2021-11-04 19:00:00,e,e_1
3956,2021-11-04 20:00:00,e,e_1
3957,2021-11-04 21:00:00,e,e_1
3958,2021-11-04 22:00:00,e,e_1
3959,2021-11-04 23:00:00,e,e_1
3960,2021-11-05 00:00:00,e,e_1
3961,2021-11-05 01:00:00,e,e_1
3962,2021-11-05 02:00:00,f,f_1
3963,2021-11-05 03:00:00,f,f_1
3964,2021-11-05 04:00:00,f,f_1
3965,2021-11-05 05:00:00,f,f_1
3966,2021-11-05 06:00:00,f,f_1
3967,2021-11-05 07:00:00,f,f_1
3968,2021-11-05 08:00:00,f,f_1
3969,2021-11-05 09:00:00,f,f_1
3970,2021-11-05 10:00:00,e,e_1
3971,2021-11-05 11:00:00,e,e_1
3972,2021-11-05 12:00:00,e,e_1
3973,2021-11-05 13:00:00,e,e_1
3974,2021-11-05 14:00:00,e,e_1
3975,2021-11-05 15:00:00,e,e_1
3976,2021-11-05 16:00:00,e,e_1
3977,2021-11-05 17:00:00,h,h_0
3978,2021-11-05 18:00:00,e,e_1
3979,2021-11-05 19:00:00,e,e_1
3980,2021-11-05 20:00:00,e,e_1
3981,2021-11-05 21:00:00,e,e_1
3982,2021-11-05 22:00:00,e,e_1
3983,2021-11-05 23:00:00,e,e_1
3984,2021-11-06 00:00:00,e,e_1
3985,2021-11-06 01:00:00,f,f_1
3986,2021-11-06 02:00:00,f,f_1
3987,2021-11-06 03:00:00,f,f_1
3988,2021-11-06 04:00:00,f,f_1
3989,2021-11-06 05:00:00,f,f_1
3990,2021-11-06 06:00:00,f,f_1
3991,2021-11-06 07:00:00,f,f_1
3992,2021-11-06 08:00:00,f,f_1
3993,2021-11-06 09:00:00,h,h_0
3994,2021-11-06 10:00:00,d,d_0
3995,2021-11-06 11:00:00,d,d_0
3996,2021-11-06 12:00:00,a,a_1
3997,2021-11-06 13:00:00,a,a_1
3998,2021-11-06 14:00:00,a,a_1
3999,2021-11-06 15:00:00,a,a_1
4000,2021-11-06 16:00:00,a,a_1
4001,2021-11-06 17:00:00,a,a_1
4002,2021-11-06 18:00:00,a,a_1
4003,2021-11-06 19:00:00,b,b_1
4004,2021-11-06 20:00:00,b,b_1
4005,2021-11-06 21:00:00,b,b_1
4006,2021-11-06 22:00:00,b,b_1
4007,2021-11-06 23:00:00,b,b_1
4008,2021-11-07 00:00:00,b,b_1
4009,2021-11-07 01:00:00,b,b_1
4010,2021-11-07 02:00:00,h,h_0
4011,2021-11-07 03:00:00,c,c_1
4012,2021-11-07 04:00:00,c,c_1
4013,2021-11-07 05:00:00,c,c_1
4014,2021-11-07 06:00:00,c,c_1
4015,2021-11-07 07:00:00,c,c_1
4016,2021-11-07 08:00:00,c,c_1
4017,2021-11-07 09:00:00,c,c_1
4018,2021-11-07 10:00:00,c,c_1
4019,2021-11-07 11:00:00,f,f_0
4020,2021-11-07 12:00:00,d,d_0
4021,2021-11-07 13:00:00,d,d_0
4022,2021-11-07 14:00:00,e,e_1
4023,2021-11-07 15:00:00,e,e_1
4024,2021-11-07 16:00:00,e,e_1
4025,2021-11-07 17:00:00,e,e_1
4026,2021-11-07 18:00:00,e,e_1
4027,2021-11-07 19:00:00,e,e_1
4028,2021-11-07 20:00:00,e,e_1
4029,2021-11-07 21:00:00,g,g_0
4030,2021-11-07 22:00:00,c,c_1
4031,2021-11-07 23:00:00,c,c_1
4032,2021-11-08 00:00:00,c,c_1
4033,2021-11-08 01:00:00,c,c_1
4034,2021-11-08 02:00:00,c,c_1
4035,2021-11-08 03:00:00,c,c_1
4036,2021-11-08 04:00:00,c,c_1
4037,2021-11-08 05:00:00,a,a_0
4038,2021-11-08 06:00:00,d,d_0
4039,2021-11-08 07:00:00,d,d_0
4040,2021-11-08 08:00:00,g,g_0
4041,2021-11-08 09:00:00,f,f_1
4042,2021-11-08 10:00:00,f,f_1
4043,2021-11-08 11:00:00,f,f_1
4044,2021-11-08 12:00:00,f,f_1
4045,2021-11-08 13:00:00,f,f_1
4046,2021-11-08 14:00:00,f,f_1
4047,2021-11-08 15:00:00,f,f_1
4048,2021-11-08 16:00:00,f,f_1
4049,2021-11-08 17:00:00,d,d_1
4050,2021-11-08 18:00:00,d,d_1
4051,2021-11-08 19:00:00,d,d_1
4052,2021-11-08 20:00:00,d,d_1
4053,2021-11-08 21:00:00,d,d_1
4054,2021-11-08 22:00:00,d,d_1
4055,2021-11-08 23:00:00,d,d_1
4056,2021-11-09 00:00:00,d,d_1
4057,2021-11-09 01:00:00,e,e_1
4058,2021-11-09 02:00:00,e,e_1
4059,2021-11-09 03:00:00,e,e_1
4060,2021-11-09 04:00:00,e,e_1
4061,2021-11-09 05:00:00,e,e_1
4062,2021-11-09 06:00:00,e,e_1
4063,2021-11-09 07:00:00,e,e_1
4064,2021-11-09 08:00:00,b,b_1
4065,2021-11-09 09:00:00,b,b_1
4066,2021-11-09 10:00:00,b,b_1
4067,2021-11-09 11:00:00,b,b_1
4068,2021-11-09 12:00:00,b,b_1
4069,2021-11-09 13:00:00,b,b_1
4070,2021-11-09 14:00:00,b,b_1
4071,2021-11-09 15:00:00,b,b_1
4072,2021-11-09 16:00:00,h,h_0
4073,2021-11-09 17:00:00,f,f_1
4074,2021-11-09 18:00:00,f,f_1
4075,2021-11-09 19:00:00,f,f_1
4076,2021-11-09 20:00:00,f,f_1
4077,2021-11-09 21:00:00,f,f_1
4078,2021-11-09 22:00:00,f,f_1
4079,2021-11-09 23:00:00,f,f_1
4080,2021-11-10 00:00:00,f,f_1
4081,2021-11-10 01:00:00,h,h_1
4082,2021-11-10 02:00:00,h,h_1
4083,2021-11-10 03:00:00,c,c_0
4084,2021-11-10 04:00:00,c,c_0
4085,2021-11-10 05:00:00,d,d_0
4086,2021-11-10 06:00:00,c,c_0
4087,2021-11-10 07:00:00,c,c_0
4088,2021-11-10 08:00:00,e,e_0
4089,2021-11-10 09:00:00,e,e_0
4090,2021-11-10 10:00:00,g,g_1
4091,2021-11-10 11:00:00,g,g_1
4092,2021-11-10 12:00:00,d,d_1
4093,2021-11-10 13:00:00,d,d_1
4094,2021-11-10 14:00:00,d,d_1
4095,2021-11-10 15:00:00,d,d_1
4096,2021-11-10 16:00:00,d,d_1
4097,2021-11-10 17:00:00,d,d_1
4098,2021-11-10 18:00:00,d,d_1
4099,2021-11-10 19:00:00,d,d_1
4100,2021-11-10 20:00:00,g,g_0
4101,2021-11-10 21:00:00,a,a_1
4102,2021-11-10 22:00:00,a,a_1
4103,2021-11-10 23:00:00,a,a_1
4104,2021-11-11 00:00:00,a,a_1
4105,2021-11-11 01:00:00,a,a_1
4106,2021-11-11 02:00:00,a,a_1
4107,2021-11-11 03:00:00,a,a_1
4108,2021-11-11 04:00:00,a,a_1
4109,2021-11-11 05:00:00,e,e_1
4110,2021-11-11 06:00:00,e,e_1
4111,2021-11-11 07:00:00,e,e_1
4112,2021-11-11 08:00:00,e,e_1
4113,2021-11-11 09:00:00,e,e_1
4114,2021-11-11 10:00:00,e,e_1
4115,2021-11-11 11:00:00,e,e_1
4116,2021-11-11 12:00:00,e,e_1
4117,2021-11-11 13:00:00,b,b_1
4118,2021-11-11 14:00:00,b,b_1
4119,2021-11-11 15:00:00,b,b_1
4120,2021-11-11 16:00:00,b,b_1
4121,2021-11-11 17:00:00,b,b_1
4122,2021-11-11 18:00:00,b,b_1
4123,2021-11-11 19:00:00,b,b_1
4124,2021-11-11 20:00:00,b,b_1
4125,2021-11-11 21:00:00,c,c_1
4126,2021-11-11 22:00:00,c,c_1
4127,2021-11-11 23:00:00,c,c_1
4128,2021-11-12 00:00:00,c,c_1
4129,2021-11-12 01:00:00,c,c_1
4130,2021-11-12 02:00:00,c,c_1
4131,2021-11-12 03:00:00,c,c_1
4132,2021-11-12 04:00:00,h,h_0
4133,2021-11-12 05:00:00,c,c_1
4134,2021-11-12 06:00:00,c,c_1
4135,2021-11-12 07:00:00,c,c_1
4136,2021-11-12 08:00:00,c,c_1
4137,2021-11-12 09:00:00,c,c_1
4138,2021-11-12 10:00:00,c,c_1
4139,2021-11-12 11:00:00,c,c_1
4140,2021-11-12 12:00:00,f,f_1
4141,2021-11-12 13:00:00,f,f_1
4142,2021-11-12 14:00:00,f,f_1
4143,2021-11-12 15:00:00,f,f_1
4144,2021-11-12 16:00:00,f,f_1
4145,2021-11-12 17:00:00,f,f_1
4146,2021-11-12 18:00:00,f,f_1
4147,2021-11-12 19:00:00,d,d_0
4148,2021-11-12 20:00:00,e,e_0
4149,2021-11-12 21:00:00,h,h_0
4150,2021-11-12 22:00:00,a,a_1
4151,2021-11-12 23:00:00,a,a_1
4152,2021-11-13 00:00:00,a,a_1
4153,2021-11-13 01:00:00,a,a_1
4154,2021-11-13 02:00:00,a,a_1
4155,2021-11-13 03:00:00,a,a_1
4156,2021-11-13 04:00:00,a,a_1
4157,2021-11-13 05:00:00,f,f_0
4158,2021-11-13 06:00:00,b,b_1
4159,2021-11-13 07:00:00,b,b_1
4160,2021-11-13 08:00:00,b,b_1
4161,2021-11-13 09:00:00,b,b_1
4162,2021-11-13 10:00:00,b,b_1
4163,2021-11-13 11:00:00,b,b_1
4164,2021-11-13 12:00:00,b,b_1
4165,2021-11-13 13:00:00,c,c_1
4166,2021-11-13 14:00:00,c,c_1
4167,2021-11-13 15:00:00,c,c_1
4168,2021-11-13 16:00:00,c,c_1
4169,2021-11-13 17:00:00,c,c_1
4170,2021-11-13 18:00:00,c,c_1
4171,2021-11-13 19:00:00,c,c_1
4172,2021-11-13 20:00:00,c,c_1
4173,2021-11-13 21:00:00,f,f_0
4174,2021-11-13 22:00:00,b,b_0
4175,2021-11-13 23:00:00,g,g_0
4176,2021-11-14 00:00:00,d,d_0
4177,2021-11-14 01:00:00,b,b_0
4178,2021-11-14 02:00:00,b,b_0
4179,2021-11-14 03:00:00,d,d_1
4180,2021-11-14 04:00:00,d,d_1
4181,2021-11-14 05:00:00,d,d_1
4182,2021-11-14 06:00:00,d,d_1
4183,2021-11-14 07:00:00,d,d_1
4184,2021-11-14 08:00:00,d,d_1
4185,2021-11-14 09:00:00,d,d_1
4186,2021-11-14 10:00:00,d,d_1
4187,2021-11-14 11:00:00,g,g_1
4188,2021-11-14 12:00:00,g,g_1
4189,2021-11-14 13:00:00,d,d_1
4190,2021-11-14 14:00:00,d,d_1
4191,2021-11-14 15:00:00,d,d_1
4192,2021-11-14 16:00:00,d,d_1
4193,2021-11-14 17:00:00,d,d_1
4194,2021-11-14 18:00:00,d,d_1
4195,2021-11-14 19:00:00,d,d_1
4196,2021-11-14 20:00:00,e,e_1
4197,2021-11-14 21:00:00,e,e_1
4198,2021-11-14 22:00:00,e,e_1
4199,2021-11-14 23:00:00,e,e_1
4200,2021-11-15 00:00:00,e,e_1
4201,2021-11-15 01:00:00,e,e_1
4202,2021-11-15 02:00:00,e,e_1
4203,2021-11-15 03:00:00,c,c_1
4204,2021-11-15 04:00:00,c,c_1
4205,2021-11-15 05:00:00,c,c_1
4206,2021-11-15 06:00:00,c,c_1
4207,2021-11-15 07:00:00,c,c_1
4208,2021-11-15 08:00:00,c,c_1
4209,2021-11-15 09:00:00,c,c_1
4210,2021-11-15 10:00:00,f,f_1
4211,2021-11-15 11:00:00,f,f_1
4212,2021-11-15 12:00:00,f,f_1
4213,2021-11-15 13:00:00,f,f_1
4214,2021-11-15 14:00:00,f,f_1
4215,2021-11-15 15:00:00,f,f_1
4216,2021-11-15 16:00:00,f,f_1
4217,2021-11-15 17:00:00,g,g_0
4218,2021-11-15 18:00:00,e,e_0
4219,2021-11-15 19:00:00,b,b_0
4220,2021-11-15 20:00:00,h,h_1
4221,2021-11-15 21:00:00,h,h_1
4222,2021-11-15 22:00:00,f,f_1
4223,2021-11-15 23:00:00,f,f_1
4224,2021-11-16 00:00:00,f,f_1
4225,2021-11-16 01:00:00,f,f_1
4226,2021-11-16 02:00:00,f,f_1
4227,2021-11-16 03:00:00,f,f_1
4228,2021-11-16 04:00:00,f,f_1
4229,2021-11-16 05:00:00,h,h_1
4230,2021-11-16 06:00:00,h,h_1
4231,2021-11-16 07:00:00,f,f_0
4232,2021-11-16 08:00:00,g,g_1
4233,2021-11-16 09:00:00,g,g_1
4234,2021-11-16 10:00:00,h,h_0
4235,2021-11-16 11:00:00,f,f_1
4236,2021-11-16 12:00:00,f,f_1
4237,2021-11-16 13:00:00,f,f_1
4238,2021-11-16 14:00:00,f,f_1
4239,2021-11-16 15:00:00,f,f_1
4240,2021-11-16 16:00:00,f,f_1
4241,2021-11-16 17:00:00,f,f_1
4242,2021-11-16 18:00:00,f,f_1
4243,2021-11-16 19:00:00,h,h_1
4244,2021-11-16 20:00:00,h,h_1
4245,2021-11-16 21:00:00,g,g_1
4246,2021-11-16 22:00:00,g,g_1
4247,2021-11-16 23:00:00,c,c_1
4248,2021-11-17 00:00:00,c,c_1
4249,2021-11-17 01:00:00,c,c_1
4250,2021-11-17 02:00:00,c,c_1
4251,2021-11-17 03:00:00,c,c_1
4252,2021-11-17 04:00:00,c,c_1
4253,2021-11-17 05:00:00,c,c_1
4254,2021-11-17 06:00:00,h,h_1
4255,2021-11-17 07:00:00,h,h_1
4256,2021-11-17 08:00:00,c,c_0
4257,2021-11-17 09:00:00,b,b_1
4258,2021-11-17 10:00:00,b,b_1
4259,2021-11-17 11:00:00,b,b_1
4260,2021-11-17 12:00:00,b,b_1
4261,2021-11-17 13:00:00,b,b_1
4262,2021-11-17 14:00:00,b,b_1
4263,2021-11-17 15:00:00,b,b_1
4264,2021-11-17 16:00:00,d,d_0
4265,2021-11-17 17:00:00,d,d_0
4266,2021-11-17 18:00:00,e,e_1
4267,2021-11-17 19:00:00,e,e_1
4268,2021-11-17 20:00:00,e,e_1
4269,2021-11-17 21:00:00,e,e_1
4270,2021-11-17 22:00:00,e,e_1
4271,2021-11-17 23:00:00,e,e_1
4272,2021-11-18 00:00:00,e,e_1
4273,2021-11-18 01:00:00,c,c_1
4274,2021-11-18 02:00:00,c,c_1
4275,2021-11-18 03:00:00,c,c_1
4276,2021-11-18 04:00:00,c,c_1
4277,2021-11-18 05:00:00,c,c_1
4278,2021-11-18 06:00:00,c,c_1
4279,2021-11-18 07:00:00,c,c_1
4280,2021-11-18 08:00:00,d,d_1
4281,2021-11-18 09:00:00,d,d_1
4282,2021-11-18 10:00:00,d,d_1
4283,2021-11-18 11:00:00,d,d_1
4284,2021-11-18 12:00:00,d,d_1
4285,2021-11-18 13:00:00,d,d_1
4286,2021-11-18 14:00:00,d,d_1
4287,2021-11-18 15:00:00,f,f_1
4288,2021-11-18 16:00:00,f,f_1
4289,2021-11-18 17:00:00,f,f_1
4290,2021-11-18 18:00:00,f,f_1
4291,2021-11-18 19:00:00,f,f_1
4292,2021-11-18 20:00:00,f,f_1
4293,2021-11-18 21:00:00,f,f_1
4294,2021-11-18 22:00:00,d,d_0
4295,2021-11-18 23:00:00,d,d_0
4296,2021-11-19 00:00:00,b,b_1
4297,2021-11-19 01:00:00,b,b_1
4298,2021-11-19 02:00:00,b,b_1
4299,2021-11-19 03:00:00,b,b_1
4300,2021-11-19 04:00:00,b,b_1
4301,2021-11-19 05:00:00,b,b_1
4302,2021-11-19 06:00:00,b,b_1
4303,2021-11-19 07:00:00,b,b_1
4304,2021-11-19 08:00:00,h,h_1
4305,2021-11-19 09:00:00,h,h_1
4306,2021-11-19 10:00:00,c,c_1
4307,2021-11-19 11:00:00,c,c_1
4308,2021-11-19 12:00:00,c,c_1
4309,2021-11-19 13:00:00,c,c_1
4310,2021-11-19 14:00:00,c,c_1
4311,2021-11-19 15:00:00,c,c_1
4312,2021-11-19 16:00:00,c,c_1
4313,2021-11-19 17:00:00,c,c_1
4314,2021-11-19 18:00:00,e,e_1
4315,2021-11-19 19:00:00,e,e_1
4316,2021-11-19 20:00:00,e,e_1
4317,2021-11-19 21:00:00,e,e_1
4318,2021-11-19 22:00:00,e,e_1
4319,2021-11-19 23:00:00,e,e_1
4320,2021-11-20 00:00:00,e,e_1
4321,2021-11-20 01:00:00,e,e_1
4322,2021-11-20 02:00:00,c,c_0
4323,2021-11-20 03:00:00,b,b_1
4324,2021-11-20 04:00:00,b,b_1
4325,2021-11-20 05:00:00,b,b_1
4326,2021-11-20 06:00:00,b,b_1
4327,2021-11-20 07:00:00,b,b_1
4328,2021-11-20 08:00:00,b,b_1
4329,2021-11-20 09:00:00,b,b_1
4330,2021-11-20 10:00:00,b,b_1
4331,2021-11-20 11:00:00,c,c_1
4332,2021-11-20 12:00:00,c,c_1
4333,2021-11-20 13:00:00,c,c_1
4334,2021-11-20 14:00:00,c,c_1
4335,2021-11-20 15:00:00,c,c_1
4336,2021-11-20 16:00:00,c,c_1
4337,2021-11-20 17:00:00,c,c_1
4338,2021-11-20 18:00:00,g,g_1
4339,2021-11-20 19:00:00,g,g_1
4340,2021-11-20 20:00:00,c,c_1
4341,2021-11-20 21:00:00,c,c_1
4342,2021-11-20 22:00:00,c,c_1
4343,2021-11-20 23:00:00,c,c_1
4344,2021-11-21 00:00:00,c,c_1
4345,2021-11-21 01:00:00,c,c_1
4346,2021-11-21 02:00:00,c,c_1
4347,2021-11-21 03:00:00,d,d_1
4348,2021-11-21 04:00:00,d,d_1
4349,2021-11-21 05:00:00,d,d_1
4350,2021-11-21 06:00:00,d,d_1
4351,2021-11-21 07:00:00,d,d_1
4352,2021-11-21 08:00:00,d,d_1
4353,2021-11-21 09:00:00,d,d_1
4354,2021-11-21 10:00:00,e,e_1
4355,2021-11-21 11:00:00,e,e_1
4356,2021-11-21 12:00:00,e,e_1
4357,2021-11-21 13:00:00,e,e_1
4358,2021-11-21 14:00:00,e,e_1
4359,2021-11-21 15:00:00,e,e_1
4360,2021-11-21 16:00:00,e,e_1
4361,2021-11-21 17:00:00,b,b_0
4362,2021-11-21 18:00:00,b,b_0
4363,2021-11-21 19:00:00,h,h_0
4364,2021-11-21 20:00:00,c,c_0
4365,2021-11-21 21:00:00,c,c_0
4366,2021-11-21 22:00:00,b,b_1
4367,2021-11-21 23:00:00,b,b_1
4368,2021-11-22 00:00:00,b,b_1
4369,2021-11-22 01:00:00,b,b_1
4370,2021-11-22 02:00:00,b,b_1
4371,2021-11-22 03:00:00,b,b_1
4372,2021-11-22 04:00:00,b,b_1
4373,2021-11-22 05:00:00,f,f_1
4374,2021-11-22 06:00:00,f,f_1
4375,2021-11-22 07:00:00,f,f_1
4376,2021-11-22 08:00:00,f,f_1
4377,2021-11-22 09:00:00,f,f_1
4378,2021-11-22 10:00:00,f,f_1
4379,2021-11-22 11:00:00,f,f_1
4380,2021-11-22 12:00:00,a,a_1
4381,2021-11-22 13:00:00,a,a_1
4382,2021-11-22 14:00:00,a,a_1
4383,2021-11-22 15:00:00,a,a_1
4384,2021-11-22 16:00:00,a,a_1
4385,2021-11-22 17:00:00,a,a_1
4386,2021-11-22 18:00:00,a,a_1
4387,2021-11-22 19:00:00,a,a_1
4388,2021-11-22 20:00:00,g,g_1
4389,2021-11-22 21:00:00,g,g_1
4390,2021-11-22 22:00:00,f,f_1
4391,2021-11-22 23:00:00,f,f_1
4392,2021-11-23 00:00:00,f,f_1
4393,2021-11-23 01:00:00,f,f_1
4394,2021-11-23 02:00:00,f,f_1
4395,2021-11-23 03:00:00,f,f_1
4396,2021-11-23 04:00:00,f,f_1
4397,2021-11-23 05:00:00,f,f_1
4398,2021-11-23 06:00:00,h,h_0
4399,2021-11-23 07:00:00,b,b_1
4400,2021-11-23 08:00:00,b,b_1
4401,2021-11-23 09:00:00,b,b_1
4402,2021-11-23 10:00:00,b,b_1
4403,2021-11-23 11:00:00,b,b_1
4404,2021-11-23 12:00:00,b,b_1
4405,2021-11-23 13:00:00,b,b_1
4406,2021-11-23 14:00:00,b,b_1
4407,2021-11-23 15:00:00,d,d_0
4408,2021-11-23 16:00:00,a,a_0
4409,2021-11-23 17:00:00,e,e_0
4410,2021-11-23 18:00:00,b,b_0
4411,2021-11-23 19:00:00,b,b_0
4412,2021-11-23 20:00:00,c,c_0
4413,2021-11-23 21:00:00,c,c_0
4414,2021-11-23 22:00:00,a,a_0
4415,2021-11-23 23:00:00,b,b_0
4416,2021-11-24 00:00:00,d,d_1
4417,2021-11-24 01:00:00,d,d_1
4418,2021-11-24 02:00:00,d,d_1
4419,2021-11-24 03:00:00,d,d_1
4420,2021-11-24 04:00:00,d,d_1
4421,2021-11-24 05:00:00,d,d_1
4422,2021-11-24 06:00:00,d,d_1
4423,2021-11-24 07:00:00,c,c_0
4424,2021-11-24 08:00:00,c,c_0
4425,2021-11-24 09:00:00,f,f_1
4426,2021-11-24 10:00:00,f,f_1
4427,2021-11-24 11:00:00,f,f_1
4428,2021-11-24 12:00:00,f,f_1
4429,2021-11-24 13:00:00,f,f_1
4430,2021-11-24 14:00:00,f,f_1
4431,2021-11-24 15:00:00,f,f_1
4432,2021-11-24 16:00:00,f,f_1
4433,2021-11-24 17:00:00,e,e_1
4434,2021-11-24 18:00:00,e,e_1
4435,2021-11-24 19:00:00,e,e_1
4436,2021-11-24 20:00:00,e,e_1
4437,2021-11-24 21:00:00,e,e_1
4438,2021-11-24 22:00:00,e,e_1
4439,2021-11-24 23:00:00,e,e_1
4440,2021-11-25 00:00:00,e,e_1
4441,2021-11-25 01:00:00,f,f_1
4442,2021-11-25 02:00:00,f,f_1
4443,2021-11-25 03:00:00,f,f_1
4444,2021-11-25 04:00:00,f,f_1
4445,2021-11-25 05:00:00,f,f_1
4446,2021-11-25 06:00:00,f,f_1
4447,2021-11-25 07:00:00,f,f_1
4448,2021-11-25 08:00:00,c,c_1
4449,2021-11-25 09:00:00,c,c_1
4450,2021-11-25 10:00:00,c,c_1
4451,2021-11-25 11:00:00,c,c_1
4452,2021-11-25 12:00:00,c,c_1
4453,2021-11-25 13:00:00,c,c_1
4454,2021-11-25 14:00:00,c,c_1
4455,2021-11-25 15:00:00,f,f_1
4456,2021-11-25 16:00:00,f,f_1
4457,2021-11-25 17:00:00,f,f_1
4458,2021-11-25 18:00:00,f,f_1
4459,2021-11-25 19:00:00,f,f_1
4460,2021-11-25 20:00:00,f,f_1
4461,2021-11-25 21:00:00,f,f_1
4462,2021-11-25 22:00:00,d,d_0
4463,2021-11-25 23:00:00,d,d_0
4464,2021-11-26 00:00:00,e,e_1
4465,2021-11-26 01:00:00,e,e_1
4466,2021-11-26 02:00:00,e,e_1
4467,2021-11-26 03:00:00,e,e_1
4468,2021-11-26 04:00:00,e,e_1
4469,2021-11-26 05:00:00,e,e_1
4470,2021-11-26 06:00:00,e,e_1
4471,2021-11-26 07:00:00,e,e_1
4472,2021-11-26 08:00:00,a,a_0
4473,2021-11-26 09:00:00,e,e_1
4474,2021-11-26 10:00:00,e,e_1
4475,2021-11-26 11:00:00,e,e_1
4476,2021-11-26 12:00:00,e,e_1
4477,2021-11-26 13:00:00,e,e_1
4478,2021-11-26 14:00:00,e,e_1
4479,2021-11-26 15:00:00,e,e_1
4480,2021-11-26 16:00:00,e,e_1
4481,2021-11-26 17:00:00,f,f_1
4482,2021-11-26 18:00:00,f,f_1
4483,2021-11-26 19:00:00,f,f_1
4484,2021-11-26 20:00:00,f,f_1
4485,2021-11-26 21:00:00,f,f_1
4486,2021-11-26 22:00:00,f,f_1
4487,2021-11-26 23:00:00,f,f_1
4488,2021-11-27 00:00:00,b,b_0
4489,2021-11-27 01:00:00,f,f_1
4490,2021-11-27 02:00:00,f,f_1
4491,2021-11-27 03:00:00,f,f_1
4492,2021-11-27 04:00:00,f,f_1
4493,2021-11-27 05:00:00,f,f_1
4494,2021-11-27 06:00:00,f,f_1
4495,2021-11-27 07:00:00,f,f_1
4496,2021-11-27 08:00:00,f,f_1
4497,2021-11-27 09:00:00,e,e_1
4498,2021-11-27 10:00:00,e,e_1
4499,2021-11-27 11:00:00,e,e_1
4500,2021-11-27 12:00:00,e,e_1
4501,2021-11-27 13:00:00,e,e_1
4502,2021-11-27 14:00:00,e,e_1
4503,2021-11-27 15:00:00,e,e_1
4504,2021-11-27 16:00:00,e,e_1
4505,2021-11-27 17:00:00,h,h_1
4506,2021-11-27 18:00:00,h,h_1
4507,2021-11-27 19:00:00,f,f_1
4508,2021-11-27 20:00:00,f,f_1
4509,2021-11-27 21:00:00,f,f_1
4510,2021-11-27 22:00:00,f,f_1
4511,2021-11-27 23:00:00,f,f_1
4512,2021-11-28 00:00:00,f,f_1
4513,2021-11-28 01:00:00,f,f_1
4514,2021-11-28 02:00:00,f,f_1
4515,2021-11-28 03:00:00,d,d_0
4516,2021-11-28 04:00:00,d,d_0
4517,2021-11-28 05:00:00,g,g_1
4518,2021-11-28 06:00:00,g,g_1
4519,2021-11-28 07:00:00,a,a_1
4520,2021-11-28 08:00:00,a,a_1
4521,2021-11-28 09:00:00,a,a_1
4522,2021-11-28 10:00:00,a,a_1
4523,2021-11-28 11:00:00,a,a_1
4524,2021-11-28 12:00:00,a,a_1
4525,2021-11-28 13:00:00,a,a_1
4526,2021-11-28 14:00:00,a,a_1
4527,2021-11-28 15:00:00,h,h_0
4528,2021-11-28 16:00:00,c,c_1
4529,2021-11-28 17:00:00,c,c_1
4530,2021-11-28 18:00:00,c,c_1
4531,2021-11-28 19:00:00,c,c_1
4532,2021-11-28 20:00:00,c,c_1
4533,2021-11-28 21:00:00,c,c_1
4534,2021-11-28 22:00:00,c,c_1
4535,2021-11-28 23:00:00,h,h_1
4536,2021-11-29 00:00:00,h,h_1
4537,2021-11-29 01:00:00,b,b_1
4538,2021-11-29 02:00:00,b,b_1
4539,2021-11-29 03:00:00,b,b_1
4540,2021-11-29 04:00:00,b,b_1
4541,2021-11-29 05:00:00,b,b_1
4542,2021-11-29 06:00:00,b,b_1
4543,2021-11-29 07:00:00,b,b_1
4544,2021-11-29 08:00:00,d,d_0
4545,2021-11-29 09:00:00,d,d_0
4546,2021-11-29 10:00:00,e,e_0
4547,2021-11-29 11:00:00,c,c_0
4548,2021-11-29 12:00:00,e,e_1
4549,2021-11-29 13:00:00,e,e_1
4550,2021-11-29 14:00:00,e,e_1
4551,2021-11-29 15:00:00,e,e_1
4552,2021-11-29 16:00:00,e,e_1
4553,2021-11-29 17:00:00,e,e_1
4554,2021-11-29 18:00:00,e,e_1
4555,2021-11-29 19:00:00,h,h_1
4556,2021-11-29 20:00:00,h,h_1
4557,2021-11-29 21:00:00,d,d_1
4558,2021-11-29 22:00:00,d,d_1
4559,2021-11-29 23:00:00,d,d_1
4560,2021-11-30 00:00:00,d,d_1
4561,2021-11-30 01:00:00,d,d_1
4562,2021-11-30 02:00:00,d,d_1
4563,2021-11-30 03:00:00,d,d_1
4564,2021-11-30 04:00:00,d,d_1
4565,2021-11-30 05:00:00,c,c_1
4566,2021-11-30 06:00:00,c,c_1
4567,2021-11-30 07:00:00,c,c_1
4568,2021-11-30 08:00:00,c,c_1
4569,2021-11-30 09:00:00,c,c_1
4570,2021-11-30 10:00:00,c,c_1
4571,2021-11-30 11:00:00,c,c_1
4572,2021-11-30 12:00:00,c,c_1
4573,2021-11-30 13:00:00,g,g_0
4574,2021-11-30 14:00:00,d,d_0
4575,2021-11-30 15:00:00,a,a_1
4576,2021-11-30 16:00:00,a,a_1
4577,2021-11-30 17:00:00,a,a_1
4578,2021-11-30 18:00:00,a,a_1
4579,2021-11-30 19:00:00,a,a_1
4580,2021-11-30 20:00:00,a,a_1
4581,2021-11-30 21:00:00,a,a_1
4582,2021-11-30 22:00:00,a,a_1
4583,2021-11-30 23:00:00,h,h_1
4584,2021-12-01 00:00:00,h,h_1
4585,2021-12-01 01:00:00,e,e_1
4586,2021-12-01 02:00:00,e,e_1
4587,2021-12-01 03:00:00,e,e_1
4588,2021-12-01 04:00:00,e,e_1
4589,2021-12-01 05:00:00,e,e_1
4590,2021-12-01 06:00:00,e,e_1
4591,2021-12-01 07:00:00,e,e_1
4592,2021-12-01 08:00:00,d,d_1
4593,2021-12-01 09:00:00,d,d_1
4594,2021-12-01 10:00:00,d,d_1
4595,2021-12-01 11:00:00,d,d_1
4596,2021-12-01 12:00:00,d,d_1
4597,2021-12-01 13:00:00,d,d_1
4598,2021-12-01 14:00:00,d,d_1
4599,2021-12-01 15:00:00,g,g_0
4600,2021-12-01 16:00:00,h,h_0
4601,2021-12-01 17:00:00,c,c_0
4602,2021-12-01 18:00:00,c,c_0
4603,2021-12-01 19:00:00,f,f_1
4604,2021-12-01 20:00:00,f,f_1
4605,2021-12-01 21:00:00,f,f_1
4606,2021-12-01 22:00:00,f,f_1
4607,2021-12-01 23:00:00,f,f_1
4608,2021-12-02 00:00:00,f,f_1
4609,2021-12-02 01:00:00,f,f_1
4610,2021-12-02 02:00:00,f,f_1
4611,2021-12-02 03:00:00,e,e_1
4612,2021-12-02 04:00:00,e,e_1
4613,2021-12-02 05:00:00,e,e_1
4614,2021-12-02 06:00:00,e,e_1
4615,2021-12-02 07:00:00,e,e_1
4616,2021-12-02 08:00:00,e,e_1
4617,2021-12-02 09:00:00,e,e_1
4618,2021-12-02 10:00:00,g,g_1
4619,2021-12-02 11:00:00,g,g_1
4620,2021-12-02 12:00:00,d,d_1
4621,2021-12-02 13:00:00,d,d_1
4622,2021-12-02 14:00:00,d,d_1
4623,2021-12-02 15:00:00,d,d_1
4624,2021-12-02 16:00:00,d,d_1
4625,2021-12-02 17:00:00,d,d_1
4626,2021-12-02 18:00:00,d,d_1
4627,2021-12-02 19:00:00,d,d_1
4628,2021-12-02 20:00:00,h,h_0
4629,2021-12-02 21:00:00,f,f_0
4630,2021-12-02 22:00:00,f,f_0
4631,2021-12-02 23:00:00,g,g_0
4632,2021-12-03 00:00:00,h,h_0
4633,2021-12-03 01:00:00,c,c_1
4634,2021-12-03 02:00:00,c,c_1
4635,2021-12-03 03:00:00,c,c_1
4636,2021-12-03 04:00:00,c,c_1
4637,2021-12-03 05:00:00,c,c_1
4638,2021-12-03 06:00:00,c,c_1
4639,2021-12-03 07:00:00,c,c_1
4640,2021-12-03 08:00:00,c,c_1
4641,2021-12-03 09:00:00,d,d_1
4642,2021-12-03 10:00:00,d,d_1
4643,2021-12-03 11:00:00,d,d_1
4644,2021-12-03 12:00:00,d,d_1
4645,2021-12-03 13:00:00,d,d_1
4646,2021-12-03 14:00:00,d,d_1
4647,2021-12-03 15:00:00,d,d_1
4648,2021-12-03 16:00:00,h,h_1
4649,2021-12-03 17:00:00,h,h_1
4650,2021-12-03 18:00:00,a,a_0
4651,2021-12-03 19:00:00,b,b_0
4652,2021-12-03 20:00:00,d,d_0
4653,2021-12-03 21:00:00,d,d_0
4654,2021-12-03 22:00:00,a,a_0
4655,2021-12-03 23:00:00,c,c_0
4656,2021-12-04 00:00:00,c,c_0
4657,2021-12-04 01:00:00,e,e_1
4658,2021-12-04 02:00:00,e,e_1
4659,2021-12-04 03:00:00,e,e_1
4660,2021-12-04 04:00:00,e,e_1
4661,2021-12-04 05:00:00,e,e_1
4662,2021-12-04 06:00:00,e,e_1
4663,2021-12-04 07:00:00,e,e_1
4664,2021-12-04 08:00:00,e,e_1
4665,2021-12-04 09:00:00,d,d_0
4666,2021-12-04 10:00:00,d,d_0
4667,2021-12-04 11:00:00,b,b_0
4668,2021-12-04 12:00:00,b,b_0
4669,2021-12-04 13:00:00,f,f_1
4670,2021-12-04 14:00:00,f,f_1
4671,2021-12-04 15:00:00,f,f_1
4672,2021-12-04 16:00:00,f,f_1
4673,2021-12-04 17:00:00,f,f_1
4674,2021-12-04 18:00:00,f,f_1
4675,2021-12-04 19:00:00,f,f_1
4676,2021-12-04 20:00:00,f,f_1
4677,2021-12-04 21:00:00,d,d_0
4678,2021-12-04 22:00:00,b,b_0
4679,2021-12-04 23:00:00,c,c_0
4680,2021-12-05 00:00:00,c,c_0
4681,2021-12-05 01:00:00,e,e_0
4682,2021-12-05 02:00:00,e,e_0
4683,2021-12-05 03:00:00,c,c_0
4684,2021-12-05 04:00:00,c,c_0
4685,2021-12-05 05:00:00,f,f_0
4686,2021-12-05 06:00:00,d,d_1
4687,2021-12-05 07:00:00,d,d_1
4688,2021-12-05 08:00:00,d,d_1
4689,2021-12-05 09:00:00,d,d_1
4690,2021-12-05 10:00:00,d,d_1
4691,2021-12-05 11:00:00,d,d_1
4692,2021-12-05 12:00:00,d,d_1
4693,2021-12-05 13:00:00,d,d_1
4694,2021-12-05 14:00:00,c,c_0
4695,2021-12-05 15:00:00,g,g_1
4696,2021-12-05 16:00:00,g,g_1
4697,2021-12-05 17:00:00,f,f_1
4698,2021-12-05 18:00:00,f,f_1
4699,2021-12-05 19:00:00,f,f_1
4700,2021-12-05 20:00:00,f,f_1
4701,2021-12-05 21:00:00,f,f_1
4702,2021-12-05 22:00:00,f,f_1
4703,2021-12-05 23:00:00,f,f_1
4704,2021-12-06 00:00:00,f,f_1
4705,2021-12-06 01:00:00,b,b_0
4706,2021-12-06 02:00:00,b,b_0
4707,2021-12-06 03:00:00,d,d_1
4708,2021-12-06 04:00:00,d,d_1
4709,2021-12-06 05:00:00,d,d_1
4710,2021-12-06 06:00:00,d,d_1
4711,2021-12-06 07:00:00,d,d_1
4712,2021-12-06 08:00:00,d,d_1
4713,2021-12-06 09:00:00,d,d_1
4714,2021-12-06 10:00:00,a,a_1
4715,2021-12-06 11:00:00,a,a_1
4716,2021-12-06 12:00:00,a,a_1
4717,2021-12-06 13:00:00,a,a_1
4718,2021-12-06 14:00:00,a,a_1
4719,2021-12-06 15:00:00,a,a_1
4720,2021-12-06 16:00:00,a,a_1
4721,2021-12-06 17:00:00,h,h_0
4722,2021-12-06 18:00:00,a,a_0
4723,2021-12-06 19:00:00,a,a_0
4724,2021-12-06 20:00:00,b,b_1
4725,2021-12-06 21:00:00,b,b_1
4726,2021-12-06 22:00:00,b,b_1
4727,2021-12-06 23:00:00,b,b_1
4728,2021-12-07 00:00:00,b,b_1
4729,2021-12-07 01:00:00,b,b_1
4730,2021-12-07 02:00:00,b,b_1
4731,2021-12-07 03:00:00,c,c_1
4732,2021-12-07 04:00:00,c,c_1
4733,2021-12-07 05:00:00,c,c_1
4734,2021-12-07 06:00:00,c,c_1
4735,2021-12-07 07:00:00,c,c_1
4736,2021-12-07 08:00:00,c,c_1
4737,2021-12-07 09:00:00,c,c_1
4738,2021-12-07 10:00:00,c,c_1
4739,2021-12-07 11:00:00,a,a_1
4740,2021-12-07 12:00:00,a,a_1
4741,2021-12-07 13:00:00,a,a_1
4742,2021-12-07 14:00:00,a,a_1
4743,2021-12-07 15:00:00,a,a_1
4744,2021-12-07 16:00:00,a,a_1
4745,2021-12-07 17:00:00,a,a_1
4746,2021-12-07 18:00:00,f,f_1
4747,2021-12-07 19:00:00,f,f_1
4748,2021-12-07 20:00:00,f,f_1
4749,2021-12-07 21:00:00,f,f_1
4750,2021-12-07 22:00:00,f,f_1
4751,2021-12-07 23:00:00,f,f_1
4752,2021-12-08 00:00:00,f,f_1
4753,2021-12-08 01:00:00,f,f_1
4754,2021-12-08 02:00:00,b,b_1
4755,2021-12-08 03:00:00,b,b_1
4756,2021-12-08 04:00:00,b,b_1
4757,2021-12-08 05:00:00,b,b_1
4758,2021-12-08 06:00:00,b,b_1
4759,2021-12-08 07:00:00,b,b_1
4760,2021-12-08 08:00:00,b,b_1
4761,2021-12-08 09:00:00,c,c_1
4762,2021-12-08 10:00:00,c,c_1
4763,2021-12-08 11:00:00,c,c_1
4764,2021-12-08 12:00:00,c,c_1
4765,2021-12-08 13:00:00,c,c_1
4766,2021-12-08 14:00:00,c,c_1
4767,2021-12-08 15:00:00,c,c_1
4768,2021-12-08 16:00:00,c,c_1
4769,2021-12-08 17:00:00,e,e_0
4770,2021-12-08 18:00:00,e,e_0
4771,2021-12-08 19:00:00,b,b_1
4772,2021-12-08 20:00:00,b,b_1
4773,2021-12-08 21:00:00,b,b_1
4774,2021-12-08 22:00:00,b,b_1
4775,2021-12-08 23:00:00,b,b_1
4776,2021-12-09 00:00:00,b,b_1
4777,2021-12-09 01:00:00,b,b_1
4778,2021-12-09 02:00:00,c,c_1
4779,2021-12-09 03:00:00,c,c_1
4780,2021-12-09 04:00:00,c,c_1
4781,2021-12-09 05:00:00,c,c_1
4782,2021-12-09 06:00:00,c,c_1
4783,2021-12-09 07:00:00,c,c_1
4784,2021-12-09 08:00:00,c,c_1
4785,2021-12-09 09:00:00,d,d_0
4786,2021-12-09 10:00:00,d,d_0
4787,2021-12-09 11:00:00,h,h_1
4788,2021-12-09 12:00:00,h,h_1
4789,2021-12-09 13:00:00,g,g_1
4790,2021-12-09 14:00:00,g,g_1
4791,2021-12-09 15:00:00,d,d_0
4792,2021-12-09 16:00:00,d,d_0
4793,2021-12-09 17:00:00,h,h_0
4794,2021-12-09 18:00:00,e,e_1
4795,2021-12-09 19:00:00,e,e_1
4796,2021-12-09 20:00:00,e,e_1
4797,2021-12-09 21:00:00,e,e_1
4798,2021-12-09 22:00:00,e,e_1
4799,2021-12-09 23:00:00,e,e_1
4800,2021-12-10 00:00:00,e,e_1
4801,2021-12-10 01:00:00,f,f_0
4802,2021-12-10 02:00:00,e,e_1
4803,2021-12-10 03:00:00,e,e_1
4804,2021-12-10 04:00:00,e,e_1
4805,2021-12-10 05:00:00,e,e_1
4806,2021-12-10 06:00:00,e,e_1
4807,2021-12-10 07:00:00,e,e_1
4808,2021-12-10 08:00:00,e,e_1
4809,2021-12-10 09:00:00,c,c_1
4810,2021-12-10 10:00:00,c,c_1
4811,2021-12-10 11:00:00,c,c_1
4812,2021-12-10 12:00:00,c,c_1
4813,2021-12-10 13:00:00,c,c_1
4814,2021-12-10 14:00:00,c,c_1
4815,2021-12-10 15:00:00,c,c_1
4816,2021-12-10 16:00:00,c,c_1
4817,2021-12-10 17:00:00,g,g_1
4818,2021-12-10 18:00:00,g,g_1
4819,2021-12-10 19:00:00,d,d_0
4820,2021-12-10 20:00:00,d,d_0
4821,2021-12-10 21:00:00,b,b_0
4822,2021-12-10 22:00:00,h,h_1
4823,2021-12-10 23:00:00,h,h_1
4824,2021-12-11 00:00:00,f,f_0
4825,2021-12-11 01:00:00,f,f_0
4826,2021-12-11 02:00:00,d,d_0
4827,2021-12-11 03:00:00,d,d_0
4828,2021-12-11 04:00:00,e,e_1
4829,2021-12-11 05:00:00,e,e_1
4830,2021-12-11 06:00:00,e,e_1
4831,2021-12-11 07:00:00,e,e_1
4832,2021-12-11 08:00:00,e,e_1
4833,2021-12-11 09:00:00,e,e_1
4834,2021-12-11 10:00:00,e,e_1
4835,2021-12-11 11:00:00,b,b_1
4836,2021-12-11 12:00:00,b,b_1
4837,2021-12-11 13:00:00,b,b_1
4838,2021-12-11 14:00:00,b,b_1
4839,2021-12-11 15:00:00,b,b_1
4840,2021-12-11 16:00:00,b,b_1
4841,2021-12-11 17:00:00,b,b_1
4842,2021-12-11 18:00:00,b,b_1
4843,2021-12-11 19:00:00,h,h_1
4844,2021-12-11 20:00:00,h,h_1
4845,2021-12-11 21:00:00,c,c_1
4846,2021-12-11 22:00:00,c,c_1
4847,2021-12-11 23:00:00,c,c_1
4848,2021-12-12 00:00:00,c,c_1
4849,2021-12-12 01:00:00,c,c_1
4850,2021-12-12 02:00:00,c,c_1
4851,2021-12-12 03:00:00,c,c_1
4852,2021-12-12 04:00:00,b,b_0
4853,2021-12-12 05:00:00,b,b_0
4854,2021-12-12 06:00:00,f,f_1
4855,2021-12-12 07:00:00,f,f_1
4856,2021-12-12 08:00:00,f,f_1
4857,2021-12-12 09:00:00,f,f_1
4858,2021-12-12 10:00:00,f,f_1
4859,2021-12-12 11:00:00,f,f_1
4860,2021-12-12 12:00:00,f,f_1
4861,2021-12-12 13:00:00,f,f_1
4862,2021-12-12 14:00:00,c,c_0
4863,2021-12-12 15:00:00,d,d_1
4864,2021-12-12 16:00:00,d,d_1
4865,2021-12-12 17:00:00,d,d_1
4866,2021-12-12 18:00:00,d,d_1
4867,2021-12-12 19:00:00,d,d_1
4868,2021-12-12 20:00:00,d,d_1
4869,2021-12-12 21:00:00,d,d_1
4870,2021-12-12 22:00:00,d,d_1
4871,2021-12-12 23:00:00,e,e_0
4872,2021-12-13 00:00:00,f,f_0
4873,2021-12-13 01:00:00,f,f_0
4874,2021-12-13 02:00:00,a,a_1
4875,2021-12-13 03:00:00,a,a_1
4876,2021-12-13 04:00:00,a,a_1
4877,2021-12-13 05:00:00,a,a_1
4878,2021-12-13 06:00:00,a,a_1
4879,2021-12-13 07:00:00,a,a_1
4880,2021-12-13 08:00:00,a,a_1
4881,2021-12-13 09:00:00,g,g_0
4882,2021-12-13 10:00:00,f,f_0
4883,2021-12-13 11:00:00,f,f_0
4884,2021-12-13 12:00:00,b,b_1
4885,2021-12-13 13:00:00,b,b_1
4886,2021-12-13 14:00:00,b,b_1
4887,2021-12-13 15:00:00,b,b_1
4888,2021-12-13 16:00:00,b,b_1
4889,2021-12-13 17:00:00,b,b_1
4890,2021-12-13 18:00:00,b,b_1
4891,2021-12-13 19:00:00,b,b_1
4892,2021-12-13 20:00:00,e,e_1
4893,2021-12-13 21:00:00,e,e_1
4894,2021-12-13 22:00:00,e,e_1
4895,2021-12-13 23:00:00,e,e_1
4896,2021-12-14 00:00:00,e,e_1
4897,2021-12-14 01:00:00,e,e_1
4898,2021-12-14 02:00:00,e,e_1
4899,2021-12-14 03:00:00,b,b_1
4900,2021-12-14 04:00:00,b,b_1
4901,2021-12-14 05:00:00,b,b_1
4902,2021-12-14 06:00:00,b,b_1
4903,2021-12-14 07:00:00,b,b_1
4904,2021-12-14 08:00:00,b,b_1
4905,2021-12-14 09:00:00,b,b_1
4906,2021-12-14 10:00:00,g,g_0
4907,2021-12-14 11:00:00,h,h_0
4908,2021-12-14 12:00:00,c,c_1
4909,2021-12-14 13:00:00,c,c_1
4910,2021-12-14 14:00:00,c,c_1
4911,2021-12-14 15:00:00,c,c_1
4912,2021-12-14 16:00:00,c,c_1
4913,2021-12-14 17:00:00,c,c_1
4914,2021-12-14 18:00:00,c,c_1
4915,2021-12-14 19:00:00,f,f_1
4916,2021-12-14 20:00:00,f,f_1
4917,2021-12-14 21:00:00,f,f_1
4918,2021-12-14 22:00:00,f,f_1
4919,2021-12-14 23:00:00,f,f_1
4920,2021-12-15 00:00:00,f,f_1
4921,2021-12-15 01:00:00,f,f_1
4922,2021-12-15 02:00:00,f,f_1
4923,2021-12-15 03:00:00,d,d_0
4924,2021-12-15 04:00:00,h,h_0
4925,2021-12-15 05:00:00,e,e_1
4926,2021-12-15 06:00:00,e,e_1
4927,2021-12-15 07:00:00,e,e_1
4928,2021-12-15 08:00:00,e,e_1
4929,2021-12-15 09:00:00,e,e_1
4930,2021-12-15 10:00:00,e,e_1
4931,2021-12-15 11:00:00,e,e_1
4932,2021-12-15 12:00:00,e,e_1
4933,2021-12-15 13:00:00,f,f_1
4934,2021-12-15 14:00:00,f,f_1
4935,2021-12-15 15:00:00,f,f_1
4936,2021-12-15 16:00:00,f,f_1
4937,2021-12-15 17:00:00,f,f_1
4938,2021-12-15 18:00:00,f,f_1
4939,2021-12-15 19:00:00,f,f_1
4940,2021-12-15 20:00:00,a,a_0
4941,2021-12-15 21:00:00,h,h_1
4942,2021-12-15 22:00:00,h,h_1
4943,2021-12-15 23:00:00,f,f_1
4944,2021-12-16 00:00:00,f,f_1
4945,2021-12-16 01:00:00,f,f_1
4946,2021-12-16 02:00:00,f,f_1
4947,2021-12-16 03:00:00,f,f_1
4948,2021-12-16 04:00:00,f,f_1
4949,2021-12-16 05:00:00,f,f_1
4950,2021-12-16 06:00:00,b,b_1
4951,2021-12-16 07:00:00,b,b_1
4952,2021-12-16 08:00:00,b,b_1
4953,2021-12-16 09:00:00,b,b_1
4954,2021-12-16 10:00:00,b,b_1
4955,2021-12-16 11:00:00,b,b_1
4956,2021-12-16 12:00:00,b,b_1
4957,2021-12-16 13:00:00,b,b_1
4958,2021-12-16 14:00:00,e,e_0
4959,2021-12-16 15:00:00,e,e_0
4960,2021-12-16 16:00:00,h,h_0
4961,2021-12-16 17:00:00,a,a_0
4962,2021-12-16 18:00:00,a,a_0
4963,2021-12-16 19:00:00,d,d_0
4964,2021-12-16 20:00:00,d,d_0
4965,2021-12-16 21:00:00,h,h_0
4966,2021-12-16 22:00:00,f,f_0
4967,2021-12-16 23:00:00,f,f_0
4968,2021-12-17 00:00:00,g,g_0
4969,2021-12-17 01:00:00,d,d_1
4970,2021-12-17 02:00:00,d,d_1
4971,2021-12-17 03:00:00,d,d_1
4972,2021-12-17 04:00:00,d,d_1
4973,2021-12-17 05:00:00,d,d_1
4974,2021-12-17 06:00:00,d,d_1
4975,2021-12-17 07:00:00,d,d_1
4976,2021-12-17 08:00:00,e,e_0
4977,2021-12-17 09:00:00,e,e_0
4978,2021-12-17 10:00:00,g,g_0
4979,2021-12-17 11:00:00,f,f_0
4980,2021-12-17 12:00:00,f,f_0
4981,2021-12-17 13:00:00,d,d_1
4982,2021-12-17 14:00:00,d,d_1
4983,2021-12-17 15:00:00,d,d_1
4984,2021-12-17 16:00:00,d,d_1
4985,2021-12-17 17:00:00,d,d_1
4986,2021-12-17 18:00:00,d,d_1
4987,2021-12-17 19:00:00,d,d_1
4988,2021-12-17 20:00:00,f,f_0
4989,2021-12-17 21:00:00,f,f_0
4990,2021-12-17 22:00:00,c,c_0
4991,2021-12-17 23:00:00,c,c_0
4992,2021-12-18 00:00:00,d,d_0
4993,2021-12-18 01:00:00,d,d_0
4994,2021-12-18 02:00:00,b,b_1
4995,2021-12-18 03:00:00,b,b_1
4996,2021-12-18 04:00:00,b,b_1
4997,2021-12-18 05:00:00,b,b_1
4998,2021-12-18 06:00:00,b,b_1
4999,2021-12-18 07:00:00,b,b_1
5000,2021-12-18 08:00:00,b,b_1
5001,2021-12-18 09:00:00,g,g_1
5002,2021-12-18 10:00:00,g,g_1
5003,2021-12-18 11:00:00,c,c_0
5004,2021-12-18 12:00:00,e,e_0
5005,2021-12-18 13:00:00,e,e_0
5006,2021-12-18 14:00:00,h,h_1
5007,2021-12-18 15:00:00,h,h_1
5008,2021-12-18 16:00:00,f,f_1
5009,2021-12-18 17:00:00,f,f_1
5010,2021-12-18 18:00:00,f,f_1
5011,2021-12-18 19:00:00,f,f_1
5012,2021-12-18 20:00:00,f,f_1
5013,2021-12-18 21:00:00,f,f_1
5014,2021-12-18 22:00:00,f,f_1
5015,2021-12-18 23:00:00,f,f_1
5016,2021-12-19 00:00:00,d,d_0
5017,2021-12-19 01:00:00,a,a_0
5018,2021-12-19 02:00:00,a,a_0
5019,2021-12-19 03:00:00,b,b_0
5020,2021-12-19 04:00:00,b,b_0
5021,2021-12-19 05:00:00,e,e_1
5022,2021-12-19 06:00:00,e,e_1
5023,2021-12-19 07:00:00,e,e_1
5024,2021-12-19 08:00:00,e,e_1
5025,2021-12-19 09:00:00,e,e_1
5026,2021-12-19 10:00:00,e,e_1
5027,2021-12-19 11:00:00,e,e_1
5028,2021-12-19 12:00:00,f,f_0
5029,2021-12-19 13:00:00,f,f_0
5030,2021-12-19 14:00:00,g,g_1
5031,2021-12-19 15:00:00,g,g_1
5032,2021-12-19 16:00:00,f,f_1
5033,2021-12-19 17:00:00,f,f_1
5034,2021-12-19 18:00:00,f,f_1
5035,2021-12-19 19:00:00,f,f_1
5036,2021-12-19 20:00:00,f,f_1
5037,2021-12-19 21:00:00,f,f_1
5038,2021-12-19 22:00:00,f,f_1
5039,2021-12-19 23:00:00,h,h_0
5040,2021-12-20 00:00:00,c,c_1
5041,2021-12-20 01:00:00,c,c_1
5042,2021-12-20 02:00:00,c,c_1
5043,2021-12-20 03:00:00,c,c_1
5044,2021-12-20 04:00:00,c,c_1
5045,2021-12-20 05:00:00,c,c_1
5046,2021-12-20 06:00:00,c,c_1
5047,2021-12-20 07:00:00,b,b_1
5048,2021-12-20 08:00:00,b,b_1
5049,2021-12-20 09:00:00,b,b_1
5050,2021-12-20 10:00:00,b,b_1
5051,2021-12-20 11:00:00,b,b_1
5052,2021-12-20 12:00:00,b,b_1
5053,2021-12-20 13:00:00,b,b_1
5054,2021-12-20 14:00:00,g,g_0
5055,2021-12-20 15:00:00,h,h_0
5056,2021-12-20 16:00:00,a,a_0
5057,2021-12-20 17:00:00,d,d_0
5058,2021-12-20 18:00:00,d,d_0
5059,2021-12-20 19:00:00,b,b_0
5060,2021-12-20 20:00:00,b,b_0
5061,2021-12-20 21:00:00,c,c_0
5062,2021-12-20 22:00:00,b,b_0
5063,2021-12-20 23:00:00,e,e_1
5064,2021-12-21 00:00:00,e,e_1
5065,2021-12-21 01:00:00,e,e_1
5066,2021-12-21 02:00:00,e,e_1
5067,2021-12-21 03:00:00,e,e_1
5068,2021-12-21 04:00:00,e,e_1
5069,2021-12-21 05:00:00,e,e_1
5070,2021-12-21 06:00:00,e,e_1
5071,2021-12-21 07:00:00,c,c_0
5072,2021-12-21 08:00:00,c,c_0
5073,2021-12-21 09:00:00,f,f_1
5074,2021-12-21 10:00:00,f,f_1
5075,2021-12-21 11:00:00,f,f_1
5076,2021-12-21 12:00:00,f,f_1
5077,2021-12-21 13:00:00,f,f_1
5078,2021-12-21 14:00:00,f,f_1
5079,2021-12-21 15:00:00,f,f_1
5080,2021-12-21 16:00:00,f,f_1
5081,2021-12-21 17:00:00,b,b_1
5082,2021-12-21 18:00:00,b,b_1
5083,2021-12-21 19:00:00,b,b_1
5084,2021-12-21 20:00:00,b,b_1
5085,2021-12-21 21:00:00,b,b_1
5086,2021-12-21 22:00:00,b,b_1
5087,2021-12-21 23:00:00,b,b_1
5088,2021-12-22 00:00:00,c,c_0
5089,2021-12-22 01:00:00,f,f_0
5090,2021-12-22 02:00:00,e,e_0
5091,2021-12-22 03:00:00,b,b_1
5092,2021-12-22 04:00:00,b,b_1
5093,2021-12-22 05:00:00,b,b_1
5094,2021-12-22 06:00:00,b,b_1
5095,2021-12-22 07:00:00,b,b_1
5096,2021-12-22 08:00:00,b,b_1
5097,2021-12-22 09:00:00,b,b_1
5098,2021-12-22 10:00:00,b,b_1
5099,2021-12-22 11:00:00,h,h_1
5100,2021-12-22 12:00:00,h,h_1
5101,2021-12-22 13:00:00,c,c_1
5102,2021-12-22 14:00:00,c,c_1
5103,2021-12-22 15:00:00,c,c_1
5104,2021-12-22 16:00:00,c,c_1
5105,2021-12-22 17:00:00,c,c_1
5106,2021-12-22 18:00:00,c,c_1
5107,2021-12-22 19:00:00,c,c_1
5108,2021-12-22 20:00:00,e,e_0
5109,2021-12-22 21:00:00,d,d_1
5110,2021-12-22 22:00:00,d,d_1
5111,2021-12-22 23:00:00,d,d_1
5112,2021-12-23 00:00:00,d,d_1
5113,2021-12-23 01:00:00,d,d_1
5114,2021-12-23 02:00:00,d,d_1
5115,2021-12-23 03:00:00,d,d_1
5116,2021-12-23 04:00:00,d,d_1
5117,2021-12-23 05:00:00,c,c_1
5118,2021-12-23 06:00:00,c,c_1
5119,2021-12-23 07:00:00,c,c_1
5120,2021-12-23 08:00:00,c,c_1
5121,2021-12-23 09:00:00,c,c_1
5122,2021-12-23 10:00:00,c,c_1
5123,2021-12-23 11:00:00,c,c_1
5124,2021-12-23 12:00:00,c,c_1
5125,2021-12-23 13:00:00,f,f_0
5126,2021-12-23 14:00:00,f,f_0
5127,2021-12-23 15:00:00,g,g_1
5128,2021-12-23 16:00:00,g,g_1
5129,2021-12-23 17:00:00,d,d_0
5130,2021-12-23 18:00:00,g,g_0
5131,2021-12-23 19:00:00,h,h_0
5132,2021-12-23 20:00:00,f,f_0
5133,2021-12-23 21:00:00,h,h_0
5134,2021-12-23 22:00:00,g,g_0
5135,2021-12-23 23:00:00,b,b_1
5136,2021-12-24 00:00:00,b,b_1
5137,2021-12-24 01:00:00,b,b_1
5138,2021-12-24 02:00:00,b,b_1
5139,2021-12-24 03:00:00,b,b_1
5140,2021-12-24 04:00:00,b,b_1
5141,2021-12-24 05:00:00,b,b_1
5142,2021-12-24 06:00:00,c,c_1
5143,2021-12-24 07:00:00,c,c_1
5144,2021-12-24 08:00:00,c,c_1
5145,2021-12-24 09:00:00,c,c_1
5146,2021-12-24 10:00:00,c,c_1
5147,2021-12-24 11:00:00,c,c_1
5148,2021-12-24 12:00:00,c,c_1
5149,2021-12-24 13:00:00,c,c_1
5150,2021-12-24 14:00:00,d,d_1
5151,2021-12-24 15:00:00,d,d_1
5152,2021-12-24 16:00:00,d,d_1
5153,2021-12-24 17:00:00,d,d_1
5154,2021-12-24 18:00:00,d,d_1
5155,2021-12-24 19:00:00,d,d_1
5156,2021-12-24 20:00:00,d,d_1
5157,2021-12-24 21:00:00,a,a_0
5158,2021-12-24 22:00:00,a,a_0
5159,2021-12-24 23:00:00,e,e_1
5160,2021-12-25 00:00:00,e,e_1
5161,2021-12-25 01:00:00,e,e_1
5162,2021-12-25 02:00:00,e,e_1
5163,2021-12-25 03:00:00,e,e_1
5164,2021-12-25 04:00:00,e,e_1
5165,2021-12-25 05:00:00,e,e_1
5166,2021-12-25 06:00:00,e,e_1
5167,2021-12-25 07:00:00,h,h_0
5168,2021-12-25 08:00:00,b,b_0
5169,2021-12-25 09:00:00,f,f_1
5170,2021-12-25 10:00:00,f,f_1
5171,2021-12-25 11:00:00,f,f_1
5172,2021-12-25 12:00:00,f,f_1
5173,2021-12-25 13:00:00,f,f_1
5174,2021-12-25 14:00:00,f,f_1
5175,2021-12-25 15:00:00,f,f_1
5176,2021-12-25 16:00:00,c,c_0
5177,2021-12-25 17:00:00,e,e_1
5178,2021-12-25 18:00:00,e,e_1
5179,2021-12-25 19:00:00,e,e_1
5180,2021-12-25 20:00:00,e,e_1
5181,2021-12-25 21:00:00,e,e_1
5182,2021-12-25 22:00:00,e,e_1
5183,2021-12-25 23:00:00,e,e_1
5184,2021-12-26 00:00:00,e,e_1
5185,2021-12-26 01:00:00,f,f_1
5186,2021-12-26 02:00:00,f,f_1
5187,2021-12-26 03:00:00,f,f_1
5188,2021-12-26 04:00:00,f,f_1
5189,2021-12-26 05:00:00,f,f_1
5190,2021-12-26 06:00:00,f,f_1
5191,2021-12-26 07:00:00,f,f_1
5192,2021-12-26 08:00:00,f,f_1
5193,2021-12-26 09:00:00,e,e_1
5194,2021-12-26 10:00:00,e,e_1
5195,2021-12-26 11:00:00,e,e_1
5196,2021-12-26 12:00:00,e,e_1
5197,2021-12-26 13:00:00,e,e_1
5198,2021-12-26 14:00:00,e,e_1
5199,2021-12-26 15:00:00,e,e_1
5200,2021-12-26 16:00:00,h,h_1
5201,2021-12-26 17:00:00,h,h_1
5202,2021-12-26 18:00:00,f,f_0
5203,2021-12-26 19:00:00,f,f_0
5204,2021-12-26 20:00:00,b,b_0
5205,2021-12-26 21:00:00,e,e_0
5206,2021-12-26 22:00:00,e,e_0
5207,2021-12-26 23:00:00,f,f_0
5208,2021-12-27 00:00:00,c,c_0
5209,2021-12-27 01:00:00,c,c_0
5210,2021-12-27 02:00:00,b,b_1
5211,2021-12-27 03:00:00,b,b_1
5212,2021-12-27 04:00:00,b,b_1
5213,2021-12-27 05:00:00,b,b_1
5214,2021-12-27 06:00:00,b,b_1
5215,2021-12-27 07:00:00,b,b_1
5216,2021-12-27 08:00:00,b,b_1
5217,2021-12-27 09:00:00,b,b_1
5218,2021-12-27 10:00:00,g,g_1
5219,2021-12-27 11:00:00,g,g_1
5220,2021-12-27 12:00:00,h,h_1
5221,2021-12-27 13:00:00,h,h_1
5222,2021-12-27 14:00:00,d,d_0
5223,2021-12-27 15:00:00,d,d_0
5224,2021-12-27 16:00:00,e,e_1
5225,2021-12-27 17:00:00,e,e_1
5226,2021-12-27 18:00:00,e,e_1
5227,2021-12-27 19:00:00,e,e_1
5228,2021-12-27 20:00:00,e,e_1
5229,2021-12-27 21:00:00,e,e_1
5230,2021-12-27 22:00:00,e,e_1
5231,2021-12-27 23:00:00,e,e_1
5232,2021-12-28 00:00:00,a,a_1
5233,2021-12-28 01:00:00,a,a_1
5234,2021-12-28 02:00:00,a,a_1
5235,2021-12-28 03:00:00,a,a_1
5236,2021-12-28 04:00:00,a,a_1
5237,2021-12-28 05:00:00,a,a_1
5238,2021-12-28 06:00:00,a,a_1
5239,2021-12-28 07:00:00,a,a_1
5240,2021-12-28 08:00:00,h,h_1
5241,2021-12-28 09:00:00,h,h_1
5242,2021-12-28 10:00:00,b,b_0
5243,2021-12-28 11:00:00,e,e_1
5244,2021-12-28 12:00:00,e,e_1
5245,2021-12-28 13:00:00,e,e_1
5246,2021-12-28 14:00:00,e,e_1
5247,2021-12-28 15:00:00,e,e_1
5248,2021-12-28 16:00:00,e,e_1
5249,2021-12-28 17:00:00,e,e_1
5250,2021-12-28 18:00:00,e,e_1
5251,2021-12-28 19:00:00,a,a_0
5252,2021-12-28 20:00:00,a,a_0
5253,2021-12-28 21:00:00,f,f_1
5254,2021-12-28 22:00:00,f,f_1
5255,2021-12-28 23:00:00,f,f_1
5256,2021-12-29 00:00:00,f,f_1
5257,2021-12-29 01:00:00,f,f_1
5258,2021-12-29 02:00:00,f,f_1
5259,2021-12-29 03:00:00,f,f_1
5260,2021-12-29 04:00:00,f,f_1
5261,2021-12-29 05:00:00,d,d_0
5262,2021-12-29 06:00:00,b,b_1
5263,2021-12-29 07:00:00,b,b_1
5264,2021-12-29 08:00:00,b,b_1
5265,2021-12-29 09:00:00,b,b_1
5266,2021-12-29 10:00:00,b,b_1
5267,2021-12-29 11:00:00,b,b_1
5268,2021-12-29 12:00:00,b,b_1
5269,2021-12-29 13:00:00,c,c_0
5270,2021-12-29 14:00:00,d,d_0
5271,2021-12-29 15:00:00,d,d_0
5272,2021-12-29 16:00:00,h,h_1
5273,2021-12-29 17:00:00,h,h_1
5274,2021-12-29 18:00:00,b,b_0
5275,2021-12-29 19:00:00,e,e_0
5276,2021-12-29 20:00:00,d,d_1
5277,2021-12-29 21:00:00,d,d_1
5278,2021-12-29 22:00:00,d,d_1
5279,2021-12-29 23:00:00,d,d_1
5280,2021-12-30 00:00:00,d,d_1
5281,2021-12-30 01:00:00,d,d_1
5282,2021-12-30 02:00:00,d,d_1
5283,2021-12-30 03:00:00,d,d_1
5284,2021-12-30 04:00:00,f,f_1
5285,2021-12-30 05:00:00,f,f_1
5286,2021-12-30 06:00:00,f,f_1
5287,2021-12-30 07:00:00,f,f_1
5288,2021-12-30 08:00:00,f,f_1
5289,2021-12-30 09:00:00,f,f_1
5290,2021-12-30 10:00:00,f,f_1
5291,2021-12-30 11:00:00,c,c_0
5292,2021-12-30 12:00:00,c,c_0
5293,2021-12-30 13:00:00,g,g_1
5294,2021-12-30 14:00:00,g,g_1
5295,2021-12-30 15:00:00,e,e_0
5296,2021-12-30 16:00:00,e,e_0
5297,2021-12-30 17:00:00,d,d_1
5298,2021-12-30 18:00:00,d,d_1
5299,2021-12-30 19:00:00,d,d_1
5300,2021-12-30 20:00:00,d,d_1
5301,2021-12-30 21:00:00,d,d_1
5302,2021-12-30 22:00:00,d,d_1
5303,2021-12-30 23:00:00,d,d_1
5304,2021-12-31 00:00:00,h,h_0
5305,2021-12-31 01:00:00,g,g_1
5306,2021-12-31 02:00:00,g,g_1
5307,2021-12-31 03:00:00,e,e_0
5308,2021-12-31 04:00:00,b,b_1
5309,2021-12-31 05:00:00,b,b_1
5310,2021-12-31 06:00:00,b,b_1
5311,2021-12-31 07:00:00,b,b_1
5312,2021-12-31 08:00:00,b,b_1
5313,2021-12-31 09:00:00,b,b_1
5314,2021-12-31 10:00:00,b,b_1
5315,2021-12-31 11:00:00,g,g_1
5316,2021-12-31 12:00:00,g,g_1
5317,2021-12-31 13:00:00,b,b_0
5318,2021-12-31 14:00:00,f,f_0
5319,2021-12-31 15:00:00,f,f_0
5320,2021-12-31 16:00:00,h,h_1
5321,2021-12-31 17:00:00,h,h_1
5322,2021-12-31 18:00:00,e,e_0
5323,2021-12-31 19:00:00,e,e_0
5324,2021-12-31 20:00:00,a,a_1
5325,2021-12-31 21:00:00,a,a_1
5326,2021-12-31 22:00:00,a,a_1
5327,2021-12-31 23:00:00,a,a_1
5328,2022-01-01 00:00:00,a,a_1
5329,2022-01-01 01:00:00,a,a_1
5330,2022-01-01 02:00:00,a,a_1
5331,2022-01-01 03:00:00,a,a_1
5332,2022-01-01 04:00:00,c,c_0
5333,2022-01-01 05:00:00,d,d_0
5334,2022-01-01 06:00:00,d,d_0
5335,2022-01-01 07:00:00,f,f_0
5336,2022-01-01 08:00:00,f,f_0
5337,2022-01-01 09:00:00,b,b_1
5338,2022-01-01 10:00:00,b,b_1
5339,2022-01-01 11:00:00,b,b_1
5340,2022-01-01 12:00:00,b,b_1
5341,2022-01-01 13:00:00,b,b_1
5342,2022-01-01 14:00:00,b,b_1
5343,2022-01-01 15:00:00,b,b_1
5344,2022-01-01 16:00:00,d,d_1
5345,2022-01-01 17:00:00,d,d_1
5346,2022-01-01 18:00:00,d,d_1
5347,2022-01-01 19:00:00,d,d_1
5348,2022-01-01 20:00:00,d,d_1
5349,2022-01-01 21:00:00,d,d_1
5350,2022-01-01 22:00:00,d,d_1
5351,2022-01-01 23:00:00,g,g_1
5352,2022-01-02 00:00:00,g,g_1
5353,2022-01-02 01:00:00,c,c_0
5354,2022-01-02 02:00:00,a,a_1
5355,2022-01-02 03:00:00,a,a_1
5356,2022-01-02 04:00:00,a,a_1
5357,2022-01-02 05:00:00,a,a_1
5358,2022-01-02 06:00:00,a,a_1
5359,2022-01-02 07:00:00,a,a_1
5360,2022-01-02 08:00:00,a,a_1
5361,2022-01-02 09:00:00,b,b_1
5362,2022-01-02 10:00:00,b,b_1
5363,2022-01-02 11:00:00,b,b_1
5364,2022-01-02 12:00:00,b,b_1
5365,2022-01-02 13:00:00,b,b_1
5366,2022-01-02 14:00:00,b,b_1
5367,2022-01-02 15:00:00,b,b_1
5368,2022-01-02 16:00:00,b,b_1
5369,2022-01-02 17:00:00,d,d_0
5370,2022-01-02 18:00:00,d,d_0
5371,2022-01-02 19:00:00,h,h_0
5372,2022-01-02 20:00:00,e,e_0
5373,2022-01-02 21:00:00,f,f_1
5374,2022-01-02 22:00:00,f,f_1
5375,2022-01-02 23:00:00,f,f_1
5376,2022-01-03 00:00:00,f,f_1
5377,2022-01-03 01:00:00,f,f_1
5378,2022-01-03 02:00:00,f,f_1
5379,2022-01-03 03:00:00,f,f_1
5380,2022-01-03 04:00:00,f,f_1
5381,2022-01-03 05:00:00,b,b_1
5382,2022-01-03 06:00:00,b,b_1
5383,2022-01-03 07:00:00,b,b_1
5384,2022-01-03 08:00:00,b,b_1
5385,2022-01-03 09:00:00,b,b_1
5386,2022-01-03 10:00:00,b,b_1
5387,2022-01-03 11:00:00,b,b_1
5388,2022-01-03 12:00:00,d,d_1
5389,2022-01-03 13:00:00,d,d_1
5390,2022-01-03 14:00:00,d,d_1
5391,2022-01-03 15:00:00,d,d_1
5392,2022-01-03 16:00:00,d,d_1
5393,2022-01-03 17:00:00,d,d_1
5394,2022-01-03 18:00:00,d,d_1
5395,2022-01-03 19:00:00,d,d_1
5396,2022-01-03 20:00:00,f,f_0
5397,2022-01-03 21:00:00,f,f_0
5398,2022-01-03 22:00:00,b,b_0
5399,2022-01-03 23:00:00,b,b_0
5400,2022-01-04 00:00:00,h,h_1
5401,2022-01-04 01:00:00,h,h_1
5402,2022-01-04 02:00:00,c,c_1
5403,2022-01-04 03:00:00,c,c_1
5404,2022-01-04 04:00:00,c,c_1
5405,2022-01-04 05:00:00,c,c_1
5406,2022-01-04 06:00:00,c,c_1
5407,2022-01-04 07:00:00,c,c_1
5408,2022-01-04 08:00:00,c,c_1
5409,2022-01-04 09:00:00,c,c_1
5410,2022-01-04 10:00:00,g,g_0
5411,2022-01-04 11:00:00,h,h_1
5412,2022-01-04 12:00:00,h,h_1
5413,2022-01-04 13:00:00,c,c_0
5414,2022-01-04 14:00:00,c,c_0
5415,2022-01-04 15:00:00,h,h_1
5416,2022-01-04 16:00:00,h,h_1
5417,2022-01-04 17:00:00,d,d_1
5418,2022-01-04 18:00:00,d,d_1
5419,2022-01-04 19:00:00,d,d_1
5420,2022-01-04 20:00:00,d,d_1
5421,2022-01-04 21:00:00,d,d_1
5422,2022-01-04 22:00:00,d,d_1
5423,2022-01-04 23:00:00,d,d_1
5424,2022-01-05 00:00:00,d,d_1
5425,2022-01-05 01:00:00,e,e_0
5426,2022-01-05 02:00:00,e,e_0
5427,2022-01-05 03:00:00,g,g_0
5428,2022-01-05 04:00:00,a,a_0
5429,2022-01-05 05:00:00,g,g_1
5430,2022-01-05 06:00:00,g,g_1
5431,2022-01-05 07:00:00,h,h_0
5432,2022-01-05 08:00:00,a,a_0
5433,2022-01-05 09:00:00,a,a_0
5434,2022-01-05 10:00:00,c,c_0
5435,2022-01-05 11:00:00,c,c_0
5436,2022-01-05 12:00:00,d,d_1
5437,2022-01-05 13:00:00,d,d_1
5438,2022-01-05 14:00:00,d,d_1
5439,2022-01-05 15:00:00,d,d_1
5440,2022-01-05 16:00:00,d,d_1
5441,2022-01-05 17:00:00,d,d_1
5442,2022-01-05 18:00:00,d,d_1
5443,2022-01-05 19:00:00,b,b_0
5444,2022-01-05 20:00:00,b,b_0
5445,2022-01-05 21:00:00,h,h_1
5446,2022-01-05 22:00:00,h,h_1
5447,2022-01-05 23:00:00,g,g_0
5448,2022-01-06 00:00:00,c,c_0
5449,2022-01-06 01:00:00,c,c_0
5450,2022-01-06 02:00:00,g,g_1
5451,2022-01-06 03:00:00,g,g_1
5452,2022-01-06 04:00:00,h,h_0
5453,2022-01-06 05:00:00,a,a_1
5454,2022-01-06 06:00:00,a,a_1
5455,2022-01-06 07:00:00,a,a_1
5456,2022-01-06 08:00:00,a,a_1
5457,2022-01-06 09:00:00,a,a_1
5458,2022-01-06 10:00:00,a,a_1
5459,2022-01-06 11:00:00,a,a_1
5460,2022-01-06 12:00:00,d,d_1
5461,2022-01-06 13:00:00,d,d_1
5462,2022-01-06 14:00:00,d,d_1
5463,2022-01-06 15:00:00,d,d_1
5464,2022-01-06 16:00:00,d,d_1
5465,2022-01-06 17:00:00,d,d_1
5466,2022-01-06 18:00:00,d,d_1
5467,2022-01-06 19:00:00,d,d_1
5468,2022-01-06 20:00:00,c,c_0
5469,2022-01-06 21:00:00,g,g_1
5470,2022-01-06 22:00:00,g,g_1
5471,2022-01-06 23:00:00,c,c_0
5472,2022-01-07 00:00:00,a,a_0
5473,2022-01-07 01:00:00,h,h_1
5474,2022-01-07 02:00:00,h,h_1
5475,2022-01-07 03:00:00,g,g_1
5476,2022-01-07 04:00:00,g,g_1
5477,2022-01-07 05:00:00,d,d_0
5478,2022-01-07 06:00:00,d,d_0
5479,2022-01-07 07:00:00,f,f_1
5480,2022-01-07 08:00:00,f,f_1
5481,2022-01-07 09:00:00,f,f_1
5482,2022-01-07 10:00:00,f,f_1
5483,2022-01-07 11:00:00,f,f_1
5484,2022-01-07 12:00:00,f,f_1
5485,2022-01-07 13:00:00,f,f_1
5486,2022-01-07 14:00:00,f,f_1
5487,2022-01-07 15:00:00,h,h_0
5488,2022-01-07 16:00:00,e,e_1
5489,2022-01-07 17:00:00,e,e_1
5490,2022-01-07 18:00:00,e,e_1
5491,2022-01-07 19:00:00,e,e_1
5492,2022-01-07 20:00:00,e,e_1
5493,2022-01-07 21:00:00,e,e_1
5494,2022-01-07 22:00:00,e,e_1
5495,2022-01-07 23:00:00,f,f_1
5496,2022-01-08 00:00:00,f,f_1
5497,2022-01-08 01:00:00,f,f_1
5498,2022-01-08 02:00:00,f,f_1
5499,2022-01-08 03:00:00,f,f_1
5500,2022-01-08 04:00:00,f,f_1
5501,2022-01-08 05:00:00,f,f_1
5502,2022-01-08 06:00:00,f,f_1
5503,2022-01-08 07:00:00,a,a_1
5504,2022-01-08 08:00:00,a,a_1
5505,2022-01-08 09:00:00,a,a_1
5506,2022-01-08 10:00:00,a,a_1
5507,2022-01-08 11:00:00,a,a_1
5508,2022-01-08 12:00:00,a,a_1
5509,2022-01-08 13:00:00,a,a_1
5510,2022-01-08 14:00:00,a,a_1
5511,2022-01-08 15:00:00,f,f_0
5512,2022-01-08 16:00:00,b,b_1
5513,2022-01-08 17:00:00,b,b_1
5514,2022-01-08 18:00:00,b,b_1
5515,2022-01-08 19:00:00,b,b_1
5516,2022-01-08 20:00:00,b,b_1
5517,2022-01-08 21:00:00,b,b_1
5518,2022-01-08 22:00:00,b,b_1
5519,2022-01-08 23:00:00,c,c_0
5520,2022-01-09 00:00:00,d,d_1
5521,2022-01-09 01:00:00,d,d_1
5522,2022-01-09 02:00:00,d,d_1
5523,2022-01-09 03:00:00,d,d_1
5524,2022-01-09 04:00:00,d,d_1
5525,2022-01-09 05:00:00,d,d_1
5526,2022-01-09 06:00:00,d,d_1
5527,2022-01-09 07:00:00,g,g_0
5528,2022-01-09 08:00:00,a,a_0
5529,2022-01-09 09:00:00,a,a_0
5530,2022-01-09 10:00:00,g,g_0
5531,2022-01-09 11:00:00,d,d_1
5532,2022-01-09 12:00:00,d,d_1
5533,2022-01-09 13:00:00,d,d_1
5534,2022-01-09 14:00:00,d,d_1
5535,2022-01-09 15:00:00,d,d_1
5536,2022-01-09 16:00:00,d,d_1
5537,2022-01-09 17:00:00,d,d_1
5538,2022-01-09 18:00:00,h,h_0
5539,2022-01-09 19:00:00,c,c_1
5540,2022-01-09 20:00:00,c,c_1
5541,2022-01-09 21:00:00,c,c_1
5542,2022-01-09 22:00:00,c,c_1
5543,2022-01-09 23:00:00,c,c_1
5544,2022-01-10 00:00:00,c,c_1
5545,2022-01-10 01:00:00,c,c_1
5546,2022-01-10 02:00:00,a,a_1
5547,2022-01-10 03:00:00,a,a_1
5548,2022-01-10 04:00:00,a,a_1
5549,2022-01-10 05:00:00,a,a_1
5550,2022-01-10 06:00:00,a,a_1
5551,2022-01-10 07:00:00,a,a_1
5552,2022-01-10 08:00:00,a,a_1
5553,2022-01-10 09:00:00,g,g_0
5554,2022-01-10 10:00:00,b,b_1
5555,2022-01-10 11:00:00,b,b_1
5556,2022-01-10 12:00:00,b,b_1
5557,2022-01-10 13:00:00,b,b_1
5558,2022-01-10 14:00:00,b,b_1
5559,2022-01-10 15:00:00,b,b_1
5560,2022-01-10 16:00:00,b,b_1
5561,2022-01-10 17:00:00,d,d_0
5562,2022-01-10 18:00:00,d,d_0
5563,2022-01-10 19:00:00,e,e_1
5564,2022-01-10 20:00:00,e,e_1
5565,2022-01-10 21:00:00,e,e_1
5566,2022-01-10 22:00:00,e,e_1
5567,2022-01-10 23:00:00,e,e_1
5568,2022-01-11 00:00:00,e,e_1
5569,2022-01-11 01:00:00,e,e_1
5570,2022-01-11 02:00:00,f,f_0
5571,2022-01-11 03:00:00,f,f_0
5572,2022-01-11 04:00:00,c,c_1
5573,2022-01-11 05:00:00,c,c_1
5574,2022-01-11 06:00:00,c,c_1
5575,2022-01-11 07:00:00,c,c_1
5576,2022-01-11 08:00:00,c,c_1
5577,2022-01-11 09:00:00,c,c_1
5578,2022-01-11 10:00:00,c,c_1
5579,2022-01-11 11:00:00,c,c_1
5580,2022-01-11 12:00:00,d,d_0
5581,2022-01-11 13:00:00,a,a_1
5582,2022-01-11 14:00:00,a,a_1
5583,2022-01-11 15:00:00,a,a_1
5584,2022-01-11 16:00:00,a,a_1
5585,2022-01-11 17:00:00,a,a_1
5586,2022-01-11 18:00:00,a,a_1
5587,2022-01-11 19:00:00,a,a_1
5588,2022-01-11 20:00:00,h,h_0
5589,2022-01-11 21:00:00,b,b_1
5590,2022-01-11 22:00:00,b,b_1
5591,2022-01-11 23:00:00,b,b_1
5592,2022-01-12 00:00:00,b,b_1
5593,2022-01-12 01:00:00,b,b_1
5594,2022-01-12 02:00:00,b,b_1
5595,2022-01-12 03:00:00,b,b_1
5596,2022-01-12 04:00:00,b,b_1
5597,2022-01-12 05:00:00,a,a_0
5598,2022-01-12 06:00:00,e,e_0
5599,2022-01-12 07:00:00,c,c_1
5600,2022-01-12 08:00:00,c,c_1
5601,2022-01-12 09:00:00,c,c_1
5602,2022-01-12 10:00:00,c,c_1
5603,2022-01-12 11:00:00,c,c_1
5604,2022-01-12 12:00:00,c,c_1
5605,2022-01-12 13:00:00,c,c_1
5606,2022-01-12 14:00:00,c,c_1
5607,2022-01-12 15:00:00,f,f_0
5608,2022-01-12 16:00:00,h,h_0
5609,2022-01-12 17:00:00,f,f_0
5610,2022-01-12 18:00:00,d,d_0
5611,2022-01-12 19:00:00,c,c_1
5612,2022-01-12 20:00:00,c,c_1
5613,2022-01-12 21:00:00,c,c_1
5614,2022-01-12 22:00:00,c,c_1
5615,2022-01-12 23:00:00,c,c_1
5616,2022-01-13 00:00:00,c,c_1
5617,2022-01-13 01:00:00,c,c_1
5618,2022-01-13 02:00:00,c,c_1
5619,2022-01-13 03:00:00,f,f_1
5620,2022-01-13 04:00:00,f,f_1
5621,2022-01-13 05:00:00,f,f_1
5622,2022-01-13 06:00:00,f,f_1
5623,2022-01-13 07:00:00,f,f_1
5624,2022-01-13 08:00:00,f,f_1
5625,2022-01-13 09:00:00,f,f_1
5626,2022-01-13 10:00:00,f,f_1
5627,2022-01-13 11:00:00,d,d_1
5628,2022-01-13 12:00:00,d,d_1
5629,2022-01-13 13:00:00,d,d_1
5630,2022-01-13 14:00:00,d,d_1
5631,2022-01-13 15:00:00,d,d_1
5632,2022-01-13 16:00:00,d,d_1
5633,2022-01-13 17:00:00,d,d_1
5634,2022-01-13 18:00:00,d,d_1
5635,2022-01-13 19:00:00,h,h_1
5636,2022-01-13 20:00:00,h,h_1
5637,2022-01-13 21:00:00,g,g_0
5638,2022-01-13 22:00:00,f,f_0
5639,2022-01-13 23:00:00,h,h_1
5640,2022-01-14 00:00:00,h,h_1
5641,2022-01-14 01:00:00,a,a_1
5642,2022-01-14 02:00:00,a,a_1
5643,2022-01-14 03:00:00,a,a_1
5644,2022-01-14 04:00:00,a,a_1
5645,2022-01-14 05:00:00,a,a_1
5646,2022-01-14 06:00:00,a,a_1
5647,2022-01-14 07:00:00,a,a_1
5648,2022-01-14 08:00:00,a,a_1
5649,2022-01-14 09:00:00,e,e_0
5650,2022-01-14 10:00:00,e,e_0
5651,2022-01-14 11:00:00,g,g_0
5652,2022-01-14 12:00:00,b,b_0
5653,2022-01-14 13:00:00,b,b_0
5654,2022-01-14 14:00:00,d,d_1
5655,2022-01-14 15:00:00,d,d_1
5656,2022-01-14 16:00:00,d,d_1
5657,2022-01-14 17:00:00,d,d_1
5658,2022-01-14 18:00:00,d,d_1
5659,2022-01-14 19:00:00,d,d_1
5660,2022-01-14 20:00:00,d,d_1
5661,2022-01-14 21:00:00,d,d_1
5662,2022-01-14 22:00:00,a,a_0
5663,2022-01-14 23:00:00,b,b_0
5664,2022-01-15 00:00:00,b,b_0
5665,2022-01-15 01:00:00,g,g_1
5666,2022-01-15 02:00:00,g,g_1
5667,2022-01-15 03:00:00,h,h_1
5668,2022-01-15 04:00:00,h,h_1
5669,2022-01-15 05:00:00,b,b_0
5670,2022-01-15 06:00:00,b,b_0
5671,2022-01-15 07:00:00,c,c_0
5672,2022-01-15 08:00:00,f,f_0
5673,2022-01-15 09:00:00,f,f_0
5674,2022-01-15 10:00:00,d,d_1
5675,2022-01-15 11:00:00,d,d_1
5676,2022-01-15 12:00:00,d,d_1
5677,2022-01-15 13:00:00,d,d_1
5678,2022-01-15 14:00:00,d,d_1
5679,2022-01-15 15:00:00,d,d_1
5680,2022-01-15 16:00:00,d,d_1
5681,2022-01-15 17:00:00,d,d_1
5682,2022-01-15 18:00:00,a,a_0
5683,2022-01-15 19:00:00,c,c_1
5684,2022-01-15 20:00:00,c,c_1
5685,2022-01-15 21:00:00,c,c_1
5686,2022-01-15 22:00:00,c,c_1
5687,2022-01-15 23:00:00,c,c_1
5688,2022-01-16 00:00:00,c,c_1
5689,2022-01-16 01:00:00,c,c_1
5690,2022-01-16 02:00:00,c,c_1
5691,2022-01-16 03:00:00,d,d_1
5692,2022-01-16 04:00:00,d,d_1
5693,2022-01-16 05:00:00,d,d_1
5694,2022-01-16 06:00:00,d,d_1
5695,2022-01-16 07:00:00,d,d_1
5696,2022-01-16 08:00:00,d,d_1
5697,2022-01-16 09:00:00,d,d_1
5698,2022-01-16 10:00:00,g,g_0
5699,2022-01-16 11:00:00,b,b_0
5700,2022-01-16 12:00:00,b,b_0
5701,2022-01-16 13:00:00,a,a_1
5702,2022-01-16 14:00:00,a,a_1
5703,2022-01-16 15:00:00,a,a_1
5704,2022-01-16 16:00:00,a,a_1
5705,2022-01-16 17:00:00,a,a_1
5706,2022-01-16 18:00:00,a,a_1
5707,2022-01-16 19:00:00,a,a_1
5708,2022-01-16 20:00:00,h,h_0
5709,2022-01-16 21:00:00,f,f_0
5710,2022-01-16 22:00:00,d,d_0
5711,2022-01-16 23:00:00,d,d_0
5712,2022-01-17 00:00:00,c,c_0
5713,2022-01-17 01:00:00,f,f_0
5714,2022-01-17 02:00:00,e,e_1
5715,2022-01-17 03:00:00,e,e_1
5716,2022-01-17 04:00:00,e,e_1
5717,2022-01-17 05:00:00,e,e_1
5718,2022-01-17 06:00:00,e,e_1
5719,2022-01-17 07:00:00,e,e_1
5720,2022-01-17 08:00:00,e,e_1
5721,2022-01-17 09:00:00,e,e_1
5722,2022-01-17 10:00:00,d,d_1
5723,2022-01-17 11:00:00,d,d_1
5724,2022-01-17 12:00:00,d,d_1
5725,2022-01-17 13:00:00,d,d_1
5726,2022-01-17 14:00:00,d,d_1
5727,2022-01-17 15:00:00,d,d_1
5728,2022-01-17 16:00:00,d,d_1
5729,2022-01-17 17:00:00,g,g_0
5730,2022-01-17 18:00:00,d,d_1
5731,2022-01-17 19:00:00,d,d_1
5732,2022-01-17 20:00:00,d,d_1
5733,2022-01-17 21:00:00,d,d_1
5734,2022-01-17 22:00:00,d,d_1
5735,2022-01-17 23:00:00,d,d_1
5736,2022-01-18 00:00:00,d,d_1
5737,2022-01-18 01:00:00,d,d_1
5738,2022-01-18 02:00:00,f,f_1
5739,2022-01-18 03:00:00,f,f_1
5740,2022-01-18 04:00:00,f,f_1
5741,2022-01-18 05:00:00,f,f_1
5742,2022-01-18 06:00:00,f,f_1
5743,2022-01-18 07:00:00,f,f_1
5744,2022-01-18 08:00:00,f,f_1
5745,2022-01-18 09:00:00,d,d_1
5746,2022-01-18 10:00:00,d,d_1
5747,2022-01-18 11:00:00,d,d_1
5748,2022-01-18 12:00:00,d,d_1
5749,2022-01-18 13:00:00,d,d_1
5750,2022-01-18 14:00:00,d,d_1
5751,2022-01-18 15:00:00,d,d_1
5752,2022-01-18 16:00:00,g,g_0
5753,2022-01-18 17:00:00,f,f_1
5754,2022-01-18 18:00:00,f,f_1
5755,2022-01-18 19:00:00,f,f_1
5756,2022-01-18 20:00:00,f,f_1
5757,2022-01-18 21:00:00,f,f_1
5758,2022-01-18 22:00:00,f,f_1
5759,2022-01-18 23:00:00,f,f_1
5760,2022-01-19 00:00:00,g,g_1
5761,2022-01-19 01:00:00,g,g_1
5762,2022-01-19 02:00:00,c,c_1
5763,2022-01-19 03:00:00,c,c_1
5764,2022-01-19 04:00:00,c,c_1
5765,2022-01-19 05:00:00,c,c_1
5766,2022-01-19 06:00:00,c,c_1
5767,2022-01-19 07:00:00,c,c_1
5768,2022-01-19 08:00:00,c,c_1
5769,2022-01-19 09:00:00,c,c_1
5770,2022-01-19 10:00:00,b,b_1
5771,2022-01-19 11:00:00,b,b_1
5772,2022-01-19 12:00:00,b,b_1
5773,2022-01-19 13:00:00,b,b_1
5774,2022-01-19 14:00:00,b,b_1
5775,2022-01-19 15:00:00,b,b_1
5776,2022-01-19 16:00:00,b,b_1
5777,2022-01-19 17:00:00,h,h_0
5778,2022-01-19 18:00:00,d,d_1
5779,2022-01-19 19:00:00,d,d_1
5780,2022-01-19 20:00:00,d,d_1
5781,2022-01-19 21:00:00,d,d_1
5782,2022-01-19 22:00:00,d,d_1
5783,2022-01-19 23:00:00,d,d_1
5784,2022-01-20 00:00:00,d,d_1
5785,2022-01-20 01:00:00,g,g_1
5786,2022-01-20 02:00:00,g,g_1
5787,2022-01-20 03:00:00,f,f_0
5788,2022-01-20 04:00:00,f,f_0
5789,2022-01-20 05:00:00,e,e_0
5790,2022-01-20 06:00:00,e,e_0
5791,2022-01-20 07:00:00,c,c_1
5792,2022-01-20 08:00:00,c,c_1
5793,2022-01-20 09:00:00,c,c_1
5794,2022-01-20 10:00:00,c,c_1
5795,2022-01-20 11:00:00,c,c_1
5796,2022-01-20 12:00:00,c,c_1
5797,2022-01-20 13:00:00,c,c_1
5798,2022-01-20 14:00:00,c,c_1
5799,2022-01-20 15:00:00,h,h_0
5800,2022-01-20 16:00:00,g,g_1
5801,2022-01-20 17:00:00,g,g_1
5802,2022-01-20 18:00:00,b,b_0
5803,2022-01-20 19:00:00,b,b_0
5804,2022-01-20 20:00:00,c,c_0
5805,2022-01-20 21:00:00,c,c_0
5806,2022-01-20 22:00:00,b,b_1
5807,2022-01-20 23:00:00,b,b_1
5808,2022-01-21 00:00:00,b,b_1
5809,2022-01-21 01:00:00,b,b_1
5810,2022-01-21 02:00:00,b,b_1
5811,2022-01-21 03:00:00,b,b_1
5812,2022-01-21 04:00:00,b,b_1
5813,2022-01-21 05:00:00,b,b_1
5814,2022-01-21 06:00:00,a,a_0
5815,2022-01-21 07:00:00,a,a_0
5816,2022-01-21 08:00:00,d,d_1
5817,2022-01-21 09:00:00,d,d_1
5818,2022-01-21 10:00:00,d,d_1
5819,2022-01-21 11:00:00,d,d_1
5820,2022-01-21 12:00:00,d,d_1
5821,2022-01-21 13:00:00,d,d_1
5822,2022-01-21 14:00:00,d,d_1
5823,2022-01-21 15:00:00,d,d_1
5824,2022-01-21 16:00:00,g,g_1
5825,2022-01-21 17:00:00,g,g_1
5826,2022-01-21 18:00:00,h,h_0
5827,2022-01-21 19:00:00,c,c_1
5828,2022-01-21 20:00:00,c,c_1
5829,2022-01-21 21:00:00,c,c_1
5830,2022-01-21 22:00:00,c,c_1
5831,2022-01-21 23:00:00,c,c_1
5832,2022-01-22 00:00:00,c,c_1
5833,2022-01-22 01:00:00,c,c_1
5834,2022-01-22 02:00:00,c,c_1
5835,2022-01-22 03:00:00,d,d_1
5836,2022-01-22 04:00:00,d,d_1
5837,2022-01-22 05:00:00,d,d_1
5838,2022-01-22 06:00:00,d,d_1
5839,2022-01-22 07:00:00,d,d_1
5840,2022-01-22 08:00:00,d,d_1
5841,2022-01-22 09:00:00,d,d_1
5842,2022-01-22 10:00:00,d,d_1
5843,2022-01-22 11:00:00,e,e_1
5844,2022-01-22 12:00:00,e,e_1
5845,2022-01-22 13:00:00,e,e_1
5846,2022-01-22 14:00:00,e,e_1
5847,2022-01-22 15:00:00,e,e_1
5848,2022-01-22 16:00:00,e,e_1
5849,2022-01-22 17:00:00,e,e_1
5850,2022-01-22 18:00:00,e,e_1
5851,2022-01-22 19:00:00,b,b_0
5852,2022-01-22 20:00:00,b,b_0
5853,2022-01-22 21:00:00,d,d_0
5854,2022-01-22 22:00:00,h,h_1
5855,2022-01-22 23:00:00,h,h_1
5856,2022-01-23 00:00:00,f,f_1
5857,2022-01-23 01:00:00,f,f_1
5858,2022-01-23 02:00:00,f,f_1
5859,2022-01-23 03:00:00,f,f_1
5860,2022-01-23 04:00:00,f,f_1
5861,2022-01-23 05:00:00,f,f_1
5862,2022-01-23 06:00:00,f,f_1
5863,2022-01-23 07:00:00,f,f_1
5864,2022-01-23 08:00:00,b,b_0
5865,2022-01-23 09:00:00,b,b_0
5866,2022-01-23 10:00:00,h,h_0
5867,2022-01-23 11:00:00,c,c_0
5868,2022-01-23 12:00:00,c,c_0
5869,2022-01-23 13:00:00,g,g_0
5870,2022-01-23 14:00:00,d,d_1
5871,2022-01-23 15:00:00,d,d_1
5872,2022-01-23 16:00:00,d,d_1
5873,2022-01-23 17:00:00,d,d_1
5874,2022-01-23 18:00:00,d,d_1
5875,2022-01-23 19:00:00,d,d_1
5876,2022-01-23 20:00:00,d,d_1
5877,2022-01-23 21:00:00,d,d_1
5878,2022-01-23 22:00:00,g,g_1
5879,2022-01-23 23:00:00,g,g_1
5880,2022-01-24 00:00:00,h,h_0
5881,2022-01-24 01:00:00,e,e_1
5882,2022-01-24 02:00:00,e,e_1
5883,2022-01-24 03:00:00,e,e_1
5884,2022-01-24 04:00:00,e,e_1
5885,2022-01-24 05:00:00,e,e_1
5886,2022-01-24 06:00:00,e,e_1
5887,2022-01-24 07:00:00,e,e_1
5888,2022-01-24 08:00:00,e,e_1
5889,2022-01-24 09:00:00,b,b_1
5890,2022-01-24 10:00:00,b,b_1
5891,2022-01-24 11:00:00,b,b_1
5892,2022-01-24 12:00:00,b,b_1
5893,2022-01-24 13:00:00,b,b_1
5894,2022-01-24 14:00:00,b,b_1
5895,2022-01-24 15:00:00,b,b_1
5896,2022-01-24 16:00:00,b,b_1
5897,2022-01-24 17:00:00,g,g_1
5898,2022-01-24 18:00:00,g,g_1
5899,2022-01-24 19:00:00,c,c_1
5900,2022-01-24 20:00:00,c,c_1
5901,2022-01-24 21:00:00,c,c_1
5902,2022-01-24 22:00:00,c,c_1
5903,2022-01-24 23:00:00,c,c_1
5904,2022-01-25 00:00:00,c,c_1
5905,2022-01-25 01:00:00,c,c_1
5906,2022-01-25 02:00:00,c,c_1
5907,2022-01-25 03:00:00,f,f_0
5908,2022-01-25 04:00:00,h,h_0
5909,2022-01-25 05:00:00,d,d_0
5910,2022-01-25 06:00:00,g,g_0
5911,2022-01-25 07:00:00,f,f_1
5912,2022-01-25 08:00:00,f,f_1
5913,2022-01-25 09:00:00,f,f_1
5914,2022-01-25 10:00:00,f,f_1
5915,2022-01-25 11:00:00,f,f_1
5916,2022-01-25 12:00:00,f,f_1
5917,2022-01-25 13:00:00,f,f_1
5918,2022-01-25 14:00:00,f,f_1
5919,2022-01-25 15:00:00,e,e_1
5920,2022-01-25 16:00:00,e,e_1
5921,2022-01-25 17:00:00,e,e_1
5922,2022-01-25 18:00:00,e,e_1
5923,2022-01-25 19:00:00,e,e_1
5924,2022-01-25 20:00:00,e,e_1
5925,2022-01-25 21:00:00,e,e_1
5926,2022-01-25 22:00:00,e,e_1
5927,2022-01-25 23:00:00,h,h_1
5928,2022-01-26 00:00:00,h,h_1
5929,2022-01-26 01:00:00,c,c_1
5930,2022-01-26 02:00:00,c,c_1
5931,2022-01-26 03:00:00,c,c_1
5932,2022-01-26 04:00:00,c,c_1
5933,2022-01-26 05:00:00,c,c_1
5934,2022-01-26 06:00:00,c,c_1
5935,2022-01-26 07:00:00,c,c_1
5936,2022-01-26 08:00:00,c,c_1
5937,2022-01-26 09:00:00,d,d_0
5938,2022-01-26 10:00:00,d,d_0
5939,2022-01-26 11:00:00,e,e_1
5940,2022-01-26 12:00:00,e,e_1
5941,2022-01-26 13:00:00,e,e_1
5942,2022-01-26 14:00:00,e,e_1
5943,2022-01-26 15:00:00,e,e_1
5944,2022-01-26 16:00:00,e,e_1
5945,2022-01-26 17:00:00,e,e_1
5946,2022-01-26 18:00:00,e,e_1
5947,2022-01-26 19:00:00,b,b_1
5948,2022-01-26 20:00:00,b,b_1
5949,2022-01-26 21:00:00,b,b_1
5950,2022-01-26 22:00:00,b,b_1
5951,2022-01-26 23:00:00,b,b_1
5952,2022-01-27 00:00:00,b,b_1
5953,2022-01-27 01:00:00,b,b_1
5954,2022-01-27 02:00:00,e,e_1
5955,2022-01-27 03:00:00,e,e_1
5956,2022-01-27 04:00:00,e,e_1
5957,2022-01-27 05:00:00,e,e_1
5958,2022-01-27 06:00:00,e,e_1
5959,2022-01-27 07:00:00,e,e_1
5960,2022-01-27 08:00:00,e,e_1
5961,2022-01-27 09:00:00,e,e_1
5962,2022-01-27 10:00:00,f,f_1
5963,2022-01-27 11:00:00,f,f_1
5964,2022-01-27 12:00:00,f,f_1
5965,2022-01-27 13:00:00,f,f_1
5966,2022-01-27 14:00:00,f,f_1
5967,2022-01-27 15:00:00,f,f_1
5968,2022-01-27 16:00:00,f,f_1
5969,2022-01-27 17:00:00,d,d_1
5970,2022-01-27 18:00:00,d,d_1
5971,2022-01-27 19:00:00,d,d_1
5972,2022-01-27 20:00:00,d,d_1
5973,2022-01-27 21:00:00,d,d_1
5974,2022-01-27 22:00:00,d,d_1
5975,2022-01-27 23:00:00,d,d_1
5976,2022-01-28 00:00:00,d,d_1
5977,2022-01-28 01:00:00,h,h_1
5978,2022-01-28 02:00:00,h,h_1
5979,2022-01-28 03:00:00,g,g_0
5980,2022-01-28 04:00:00,c,c_1
5981,2022-01-28 05:00:00,c,c_1
5982,2022-01-28 06:00:00,c,c_1
5983,2022-01-28 07:00:00,c,c_1
5984,2022-01-28 08:00:00,c,c_1
5985,2022-01-28 09:00:00,c,c_1
5986,2022-01-28 10:00:00,c,c_1
5987,2022-01-28 11:00:00,c,c_1
5988,2022-01-28 12:00:00,d,d_0
5989,2022-01-28 13:00:00,d,d_0
5990,2022-01-28 14:00:00,c,c_0
5991,2022-01-28 15:00:00,d,d_1
5992,2022-01-28 16:00:00,d,d_1
5993,2022-01-28 17:00:00,d,d_1
5994,2022-01-28 18:00:00,d,d_1
5995,2022-01-28 19:00:00,d,d_1
5996,2022-01-28 20:00:00,d,d_1
5997,2022-01-28 21:00:00,d,d_1
5998,2022-01-28 22:00:00,d,d_1
5999,2022-01-28 23:00:00,f,f_1
6000,2022-01-29 00:00:00,f,f_1
6001,2022-01-29 01:00:00,f,f_1
6002,2022-01-29 02:00:00,f,f_1
6003,2022-01-29 03:00:00,f,f_1
6004,2022-01-29 04:00:00,f,f_1
6005,2022-01-29 05:00:00,f,f_1
6006,2022-01-29 06:00:00,e,e_1
6007,2022-01-29 07:00:00,e,e_1
6008,2022-01-29 08:00:00,e,e_1
6009,2022-01-29 09:00:00,e,e_1
6010,2022-01-29 10:00:00,e,e_1
6011,2022-01-29 11:00:00,e,e_1
6012,2022-01-29 12:00:00,e,e_1
6013,2022-01-29 13:00:00,g,g_0
6014,2022-01-29 14:00:00,d,d_1
6015,2022-01-29 15:00:00,d,d_1
6016,2022-01-29 16:00:00,d,d_1
6017,2022-01-29 17:00:00,d,d_1
6018,2022-01-29 18:00:00,d,d_1
6019,2022-01-29 19:00:00,d,d_1
6020,2022-01-29 20:00:00,d,d_1
6021,2022-01-29 21:00:00,b,b_1
6022,2022-01-29 22:00:00,b,b_1
6023,2022-01-29 23:00:00,b,b_1
6024,2022-01-30 00:00:00,b,b_1
6025,2022-01-30 01:00:00,b,b_1
6026,2022-01-30 02:00:00,b,b_1
6027,2022-01-30 03:00:00,b,b_1
6028,2022-01-30 04:00:00,b,b_1
6029,2022-01-30 05:00:00,f,f_1
6030,2022-01-30 06:00:00,f,f_1
6031,2022-01-30 07:00:00,f,f_1
6032,2022-01-30 08:00:00,f,f_1
6033,2022-01-30 09:00:00,f,f_1
6034,2022-01-30 10:00:00,f,f_1
6035,2022-01-30 11:00:00,f,f_1
6036,2022-01-30 12:00:00,h,h_1
6037,2022-01-30 13:00:00,h,h_1
6038,2022-01-30 14:00:00,g,g_1
6039,2022-01-30 15:00:00,g,g_1
6040,2022-01-30 16:00:00,d,d_0
6041,2022-01-30 17:00:00,c,c_1
6042,2022-01-30 18:00:00,c,c_1
6043,2022-01-30 19:00:00,c,c_1
6044,2022-01-30 20:00:00,c,c_1
6045,2022-01-30 21:00:00,c,c_1
6046,2022-01-30 22:00:00,c,c_1
6047,2022-01-30 23:00:00,c,c_1
6048,2022-01-31 00:00:00,c,c_1
6049,2022-01-31 01:00:00,h,h_0
6050,2022-01-31 02:00:00,b,b_0
6051,2022-01-31 03:00:00,b,b_0
6052,2022-01-31 04:00:00,d,d_0
6053,2022-01-31 05:00:00,d,d_0
6054,2022-01-31 06:00:00,c,c_0
6055,2022-01-31 07:00:00,c,c_0
6056,2022-01-31 08:00:00,b,b_0
6057,2022-01-31 09:00:00,b,b_0
6058,2022-01-31 10:00:00,h,h_0
6059,2022-01-31 11:00:00,c,c_0
6060,2022-01-31 12:00:00,c,c_0
6061,2022-01-31 13:00:00,g,g_0
6062,2022-01-31 14:00:00,d,d_1
6063,2022-01-31 15:00:00,d,d_1
6064,2022-01-31 16:00:00,d,d_1
6065,2022-01-31 17:00:00,d,d_1
6066,2022-01-31 18:00:00,d,d_1
6067,2022-01-31 19:00:00,d,d_1
6068,2022-01-31 20:00:00,d,d_1
6069,2022-01-31 21:00:00,d,d_1
6070,2022-01-31 22:00:00,e,e_1
6071,2022-01-31 23:00:00,e,e_1
6072,2022-02-01 00:00:00,e,e_1
6073,2022-02-01 01:00:00,e,e_1
6074,2022-02-01 02:00:00,e,e_1
6075,2022-02-01 03:00:00,e,e_1
6076,2022-02-01 04:00:00,e,e_1
6077,2022-02-01 05:00:00,e,e_1
6078,2022-02-01 06:00:00,f,f_1
6079,2022-02-01 07:00:00,f,f_1
6080,2022-02-01 08:00:00,f,f_1
6081,2022-02-01 09:00:00,f,f_1
6082,2022-02-01 10:00:00,f,f_1
6083,2022-02-01 11:00:00,f,f_1
6084,2022-02-01 12:00:00,f,f_1
6085,2022-02-01 13:00:00,f,f_1
6086,2022-02-01 14:00:00,g,g_1
6087,2022-02-01 15:00:00,g,g_1
6088,2022-02-01 16:00:00,f,f_1
6089,2022-02-01 17:00:00,f,f_1
6090,2022-02-01 18:00:00,f,f_1
6091,2022-02-01 19:00:00,f,f_1
6092,2022-02-01 20:00:00,f,f_1
6093,2022-02-01 21:00:00,f,f_1
6094,2022-02-01 22:00:00,f,f_1
6095,2022-02-01 23:00:00,f,f_1
6096,2022-02-02 00:00:00,c,c_1
6097,2022-02-02 01:00:00,c,c_1
6098,2022-02-02 02:00:00,c,c_1
6099,2022-02-02 03:00:00,c,c_1
6100,2022-02-02 04:00:00,c,c_1
6101,2022-02-02 05:00:00,c,c_1
6102,2022-02-02 06:00:00,c,c_1
6103,2022-02-02 07:00:00,c,c_1
6104,2022-02-02 08:00:00,f,f_1
6105,2022-02-02 09:00:00,f,f_1
6106,2022-02-02 10:00:00,f,f_1
6107,2022-02-02 11:00:00,f,f_1
6108,2022-02-02 12:00:00,f,f_1
6109,2022-02-02 13:00:00,f,f_1
6110,2022-02-02 14:00:00,f,f_1
6111,2022-02-02 15:00:00,f,f_1
6112,2022-02-02 16:00:00,a,a_1
6113,2022-02-02 17:00:00,a,a_1
6114,2022-02-02 18:00:00,a,a_1
6115,2022-02-02 19:00:00,a,a_1
6116,2022-02-02 20:00:00,a,a_1
6117,2022-02-02 21:00:00,a,a_1
6118,2022-02-02 22:00:00,a,a_1
6119,2022-02-02 23:00:00,b,b_1
6120,2022-02-03 00:00:00,b,b_1
6121,2022-02-03 01:00:00,b,b_1
6122,2022-02-03 02:00:00,b,b_1
6123,2022-02-03 03:00:00,b,b_1
6124,2022-02-03 04:00:00,b,b_1
6125,2022-02-03 05:00:00,b,b_1
6126,2022-02-03 06:00:00,b,b_1
6127,2022-02-03 07:00:00,e,e_1
6128,2022-02-03 08:00:00,e,e_1
6129,2022-02-03 09:00:00,e,e_1
6130,2022-02-03 10:00:00,e,e_1
6131,2022-02-03 11:00:00,e,e_1
6132,2022-02-03 12:00:00,e,e_1
6133,2022-02-03 13:00:00,e,e_1
6134,2022-02-03 14:00:00,h,h_1
6135,2022-02-03 15:00:00,h,h_1
6136,2022-02-03 16:00:00,f,f_1
6137,2022-02-03 17:00:00,f,f_1
6138,2022-02-03 18:00:00,f,f_1
6139,2022-02-03 19:00:00,f,f_1
6140,2022-02-03 20:00:00,f,f_1
6141,2022-02-03 21:00:00,f,f_1
6142,2022-02-03 22:00:00,f,f_1
6143,2022-02-03 23:00:00,f,f_1
6144,2022-02-04 00:00:00,a,a_1
6145,2022-02-04 01:00:00,a,a_1
6146,2022-02-04 02:00:00,a,a_1
6147,2022-02-04 03:00:00,a,a_1
6148,2022-02-04 04:00:00,a,a_1
6149,2022-02-04 05:00:00,a,a_1
6150,2022-02-04 06:00:00,a,a_1
6151,2022-02-04 07:00:00,a,a_1
6152,2022-02-04 08:00:00,d,d_0
6153,2022-02-04 09:00:00,d,d_0
6154,2022-02-04 10:00:00,h,h_0
6155,2022-02-04 11:00:00,g,g_0
6156,2022-02-04 12:00:00,c,c_1
6157,2022-02-04 13:00:00,c,c_1
6158,2022-02-04 14:00:00,c,c_1
6159,2022-02-04 15:00:00,c,c_1
6160,2022-02-04 16:00:00,c,c_1
6161,2022-02-04 17:00:00,c,c_1
6162,2022-02-04 18:00:00,c,c_1
6163,2022-02-04 19:00:00,c,c_1
6164,2022-02-04 20:00:00,b,b_1
6165,2022-02-04 21:00:00,b,b_1
6166,2022-02-04 22:00:00,b,b_1
6167,2022-02-04 23:00:00,b,b_1
6168,2022-02-05 00:00:00,b,b_1
6169,2022-02-05 01:00:00,b,b_1
6170,2022-02-05 02:00:00,b,b_1
6171,2022-02-05 03:00:00,b,b_1
6172,2022-02-05 04:00:00,a,a_0
6173,2022-02-05 05:00:00,a,a_0
6174,2022-02-05 06:00:00,h,h_1
6175,2022-02-05 07:00:00,h,h_1
6176,2022-02-05 08:00:00,c,c_0
6177,2022-02-05 09:00:00,d,d_1
6178,2022-02-05 10:00:00,d,d_1
6179,2022-02-05 11:00:00,d,d_1
6180,2022-02-05 12:00:00,d,d_1
6181,2022-02-05 13:00:00,d,d_1
6182,2022-02-05 14:00:00,d,d_1
6183,2022-02-05 15:00:00,d,d_1
6184,2022-02-05 16:00:00,d,d_1
6185,2022-02-05 17:00:00,e,e_1
6186,2022-02-05 18:00:00,e,e_1
6187,2022-02-05 19:00:00,e,e_1
6188,2022-02-05 20:00:00,e,e_1
6189,2022-02-05 21:00:00,e,e_1
6190,2022-02-05 22:00:00,e,e_1
6191,2022-02-05 23:00:00,e,e_1
6192,2022-02-06 00:00:00,g,g_0
6193,2022-02-06 01:00:00,b,b_0
6194,2022-02-06 02:00:00,d,d_1
6195,2022-02-06 03:00:00,d,d_1
6196,2022-02-06 04:00:00,d,d_1
6197,2022-02-06 05:00:00,d,d_1
6198,2022-02-06 06:00:00,d,d_1
6199,2022-02-06 07:00:00,d,d_1
6200,2022-02-06 08:00:00,d,d_1
6201,2022-02-06 09:00:00,a,a_1
6202,2022-02-06 10:00:00,a,a_1
6203,2022-02-06 11:00:00,a,a_1
6204,2022-02-06 12:00:00,a,a_1
6205,2022-02-06 13:00:00,a,a_1
6206,2022-02-06 14:00:00,a,a_1
6207,2022-02-06 15:00:00,a,a_1
6208,2022-02-06 16:00:00,e,e_0
6209,2022-02-06 17:00:00,e,e_0
6210,2022-02-06 18:00:00,g,g_0
6211,2022-02-06 19:00:00,c,c_1
6212,2022-02-06 20:00:00,c,c_1
6213,2022-02-06 21:00:00,c,c_1
6214,2022-02-06 22:00:00,c,c_1
6215,2022-02-06 23:00:00,c,c_1
6216,2022-02-07 00:00:00,c,c_1
6217,2022-02-07 01:00:00,c,c_1
6218,2022-02-07 02:00:00,f,f_1
6219,2022-02-07 03:00:00,f,f_1
6220,2022-02-07 04:00:00,f,f_1
6221,2022-02-07 05:00:00,f,f_1
6222,2022-02-07 06:00:00,f,f_1
6223,2022-02-07 07:00:00,f,f_1
6224,2022-02-07 08:00:00,f,f_1
6225,2022-02-07 09:00:00,f,f_1
6226,2022-02-07 10:00:00,b,b_1
6227,2022-02-07 11:00:00,b,b_1
6228,2022-02-07 12:00:00,b,b_1
6229,2022-02-07 13:00:00,b,b_1
6230,2022-02-07 14:00:00,b,b_1
6231,2022-02-07 15:00:00,b,b_1
6232,2022-02-07 16:00:00,b,b_1
6233,2022-02-07 17:00:00,f,f_0
6234,2022-02-07 18:00:00,d,d_0
6235,2022-02-07 19:00:00,d,d_0
6236,2022-02-07 20:00:00,h,h_0
6237,2022-02-07 21:00:00,b,b_1
6238,2022-02-07 22:00:00,b,b_1
6239,2022-02-07 23:00:00,b,b_1
6240,2022-02-08 00:00:00,b,b_1
6241,2022-02-08 01:00:00,b,b_1
6242,2022-02-08 02:00:00,b,b_1
6243,2022-02-08 03:00:00,b,b_1
6244,2022-02-08 04:00:00,f,f_1
6245,2022-02-08 05:00:00,f,f_1
6246,2022-02-08 06:00:00,f,f_1
6247,2022-02-08 07:00:00,f,f_1
6248,2022-02-08 08:00:00,f,f_1
6249,2022-02-08 09:00:00,f,f_1
6250,2022-02-08 10:00:00,f,f_1
6251,2022-02-08 11:00:00,f,f_1
6252,2022-02-08 12:00:00,c,c_1
6253,2022-02-08 13:00:00,c,c_1
6254,2022-02-08 14:00:00,c,c_1
6255,2022-02-08 15:00:00,c,c_1
6256,2022-02-08 16:00:00,c,c_1
6257,2022-02-08 17:00:00,c,c_1
6258,2022-02-08 18:00:00,c,c_1
6259,2022-02-08 19:00:00,b,b_1
6260,2022-02-08 20:00:00,b,b_1
6261,2022-02-08 21:00:00,b,b_1
6262,2022-02-08 22:00:00,b,b_1
6263,2022-02-08 23:00:00,b,b_1
6264,2022-02-09 00:00:00,b,b_1
6265,2022-02-09 01:00:00,b,b_1
6266,2022-02-09 02:00:00,e,e_0
6267,2022-02-09 03:00:00,e,e_0
6268,2022-02-09 04:00:00,d,d_0
6269,2022-02-09 05:00:00,d,d_0
6270,2022-02-09 06:00:00,f,f_0
6271,2022-02-09 07:00:00,g,g_1
6272,2022-02-09 08:00:00,g,g_1
6273,2022-02-09 09:00:00,c,c_1
6274,2022-02-09 10:00:00,c,c_1
6275,2022-02-09 11:00:00,c,c_1
6276,2022-02-09 12:00:00,c,c_1
6277,2022-02-09 13:00:00,c,c_1
6278,2022-02-09 14:00:00,c,c_1
6279,2022-02-09 15:00:00,c,c_1
6280,2022-02-09 16:00:00,d,d_1
6281,2022-02-09 17:00:00,d,d_1
6282,2022-02-09 18:00:00,d,d_1
6283,2022-02-09 19:00:00,d,d_1
6284,2022-02-09 20:00:00,d,d_1
6285,2022-02-09 21:00:00,d,d_1
6286,2022-02-09 22:00:00,d,d_1
6287,2022-02-09 23:00:00,d,d_1
6288,2022-02-10 00:00:00,g,g_0
6289,2022-02-10 01:00:00,f,f_0
6290,2022-02-10 02:00:00,f,f_0
6291,2022-02-10 03:00:00,h,h_0
6292,2022-02-10 04:00:00,d,d_0
6293,2022-02-10 05:00:00,d,d_0
6294,2022-02-10 06:00:00,h,h_0
6295,2022-02-10 07:00:00,c,c_0
6296,2022-02-10 08:00:00,h,h_1
6297,2022-02-10 09:00:00,h,h_1
6298,2022-02-10 10:00:00,f,f_0
6299,2022-02-10 11:00:00,f,f_0
6300,2022-02-10 12:00:00,b,b_1
6301,2022-02-10 13:00:00,b,b_1
6302,2022-02-10 14:00:00,b,b_1
6303,2022-02-10 15:00:00,b,b_1
6304,2022-02-10 16:00:00,b,b_1
6305,2022-02-10 17:00:00,b,b_1
6306,2022-02-10 18:00:00,b,b_1
6307,2022-02-10 19:00:00,b,b_1
6308,2022-02-10 20:00:00,a,a_1
6309,2022-02-10 21:00:00,a,a_1
6310,2022-02-10 22:00:00,a,a_1
6311,2022-02-10 23:00:00,a,a_1
6312,2022-02-11 00:00:00,a,a_1
6313,2022-02-11 01:00:00,a,a_1
6314,2022-02-11 02:00:00,a,a_1
6315,2022-02-11 03:00:00,e,e_1
6316,2022-02-11 04:00:00,e,e_1
6317,2022-02-11 05:00:00,e,e_1
6318,2022-02-11 06:00:00,e,e_1
6319,2022-02-11 07:00:00,e,e_1
6320,2022-02-11 08:00:00,e,e_1
6321,2022-02-11 09:00:00,e,e_1
6322,2022-02-11 10:00:00,d,d_0
6323,2022-02-11 11:00:00,b,b_1
6324,2022-02-11 12:00:00,b,b_1
6325,2022-02-11 13:00:00,b,b_1
6326,2022-02-11 14:00:00,b,b_1
6327,2022-02-11 15:00:00,b,b_1
6328,2022-02-11 16:00:00,b,b_1
6329,2022-02-11 17:00:00,b,b_1
6330,2022-02-11 18:00:00,a,a_0
6331,2022-02-11 19:00:00,f,f_1
6332,2022-02-11 20:00:00,f,f_1
6333,2022-02-11 21:00:00,f,f_1
6334,2022-02-11 22:00:00,f,f_1
6335,2022-02-11 23:00:00,f,f_1
6336,2022-02-12 00:00:00,f,f_1
6337,2022-02-12 01:00:00,f,f_1
6338,2022-02-12 02:00:00,a,a_0
6339,2022-02-12 03:00:00,a,a_0
6340,2022-02-12 04:00:00,c,c_1
6341,2022-02-12 05:00:00,c,c_1
6342,2022-02-12 06:00:00,c,c_1
6343,2022-02-12 07:00:00,c,c_1
6344,2022-02-12 08:00:00,c,c_1
6345,2022-02-12 09:00:00,c,c_1
6346,2022-02-12 10:00:00,c,c_1
6347,2022-02-12 11:00:00,c,c_1
6348,2022-02-12 12:00:00,b,b_0
6349,2022-02-12 13:00:00,b,b_0
6350,2022-02-12 14:00:00,e,e_0
6351,2022-02-12 15:00:00,e,e_0
6352,2022-02-12 16:00:00,a,a_0
6353,2022-02-12 17:00:00,a,a_0
6354,2022-02-12 18:00:00,f,f_1
6355,2022-02-12 19:00:00,f,f_1
6356,2022-02-12 20:00:00,f,f_1
6357,2022-02-12 21:00:00,f,f_1
6358,2022-02-12 22:00:00,f,f_1
6359,2022-02-12 23:00:00,f,f_1
6360,2022-02-13 00:00:00,f,f_1
6361,2022-02-13 01:00:00,d,d_0
6362,2022-02-13 02:00:00,a,a_0
6363,2022-02-13 03:00:00,h,h_1
6364,2022-02-13 04:00:00,h,h_1
6365,2022-02-13 05:00:00,b,b_0
6366,2022-02-13 06:00:00,b,b_0
6367,2022-02-13 07:00:00,e,e_0
6368,2022-02-13 08:00:00,f,f_1
6369,2022-02-13 09:00:00,f,f_1
6370,2022-02-13 10:00:00,f,f_1
6371,2022-02-13 11:00:00,f,f_1
6372,2022-02-13 12:00:00,f,f_1
6373,2022-02-13 13:00:00,f,f_1
6374,2022-02-13 14:00:00,f,f_1
6375,2022-02-13 15:00:00,f,f_1
6376,2022-02-13 16:00:00,d,d_1
6377,2022-02-13 17:00:00,d,d_1
6378,2022-02-13 18:00:00,d,d_1
6379,2022-02-13 19:00:00,d,d_1
6380,2022-02-13 20:00:00,d,d_1
6381,2022-02-13 21:00:00,d,d_1
6382,2022-02-13 22:00:00,d,d_1
6383,2022-02-13 23:00:00,d,d_1
6384,2022-02-14 00:00:00,c,c_0
6385,2022-02-14 01:00:00,c,c_0
6386,2022-02-14 02:00:00,h,h_1
6387,2022-02-14 03:00:00,h,h_1
6388,2022-02-14 04:00:00,e,e_1
6389,2022-02-14 05:00:00,e,e_1
6390,2022-02-14 06:00:00,e,e_1
6391,2022-02-14 07:00:00,e,e_1
6392,2022-02-14 08:00:00,e,e_1
6393,2022-02-14 09:00:00,e,e_1
6394,2022-02-14 10:00:00,e,e_1
6395,2022-02-14 11:00:00,c,c_0
6396,2022-02-14 12:00:00,c,c_0
6397,2022-02-14 13:00:00,g,g_0
6398,2022-02-14 14:00:00,c,c_0
6399,2022-02-14 15:00:00,f,f_1
6400,2022-02-14 16:00:00,f,f_1
6401,2022-02-14 17:00:00,f,f_1
6402,2022-02-14 18:00:00,f,f_1
6403,2022-02-14 19:00:00,f,f_1
6404,2022-02-14 20:00:00,f,f_1
6405,2022-02-14 21:00:00,f,f_1
6406,2022-02-14 22:00:00,h,h_0
6407,2022-02-14 23:00:00,d,d_1
6408,2022-02-15 00:00:00,d,d_1
6409,2022-02-15 01:00:00,d,d_1
6410,2022-02-15 02:00:00,d,d_1
6411,2022-02-15 03:00:00,d,d_1
6412,2022-02-15 04:00:00,d,d_1
6413,2022-02-15 05:00:00,d,d_1
6414,2022-02-15 06:00:00,b,b_1
6415,2022-02-15 07:00:00,b,b_1
6416,2022-02-15 08:00:00,b,b_1
6417,2022-02-15 09:00:00,b,b_1
6418,2022-02-15 10:00:00,b,b_1
6419,2022-02-15 11:00:00,b,b_1
6420,2022-02-15 12:00:00,b,b_1
6421,2022-02-15 13:00:00,b,b_1
6422,2022-02-15 14:00:00,h,h_0
6423,2022-02-15 15:00:00,d,d_1
6424,2022-02-15 16:00:00,d,d_1
6425,2022-02-15 17:00:00,d,d_1
6426,2022-02-15 18:00:00,d,d_1
6427,2022-02-15 19:00:00,d,d_1
6428,2022-02-15 20:00:00,d,d_1
6429,2022-02-15 21:00:00,d,d_1
6430,2022-02-15 22:00:00,e,e_1
6431,2022-02-15 23:00:00,e,e_1
6432,2022-02-16 00:00:00,e,e_1
6433,2022-02-16 01:00:00,e,e_1
6434,2022-02-16 02:00:00,e,e_1
6435,2022-02-16 03:00:00,e,e_1
6436,2022-02-16 04:00:00,e,e_1
6437,2022-02-16 05:00:00,g,g_0
6438,2022-02-16 06:00:00,h,h_1
6439,2022-02-16 07:00:00,h,h_1
6440,2022-02-16 08:00:00,e,e_1
6441,2022-02-16 09:00:00,e,e_1
6442,2022-02-16 10:00:00,e,e_1
6443,2022-02-16 11:00:00,e,e_1
6444,2022-02-16 12:00:00,e,e_1
6445,2022-02-16 13:00:00,e,e_1
6446,2022-02-16 14:00:00,e,e_1
6447,2022-02-16 15:00:00,e,e_1
6448,2022-02-16 16:00:00,f,f_1
6449,2022-02-16 17:00:00,f,f_1
6450,2022-02-16 18:00:00,f,f_1
6451,2022-02-16 19:00:00,f,f_1
6452,2022-02-16 20:00:00,f,f_1
6453,2022-02-16 21:00:00,f,f_1
6454,2022-02-16 22:00:00,f,f_1
6455,2022-02-16 23:00:00,g,g_0
6456,2022-02-17 00:00:00,h,h_1
6457,2022-02-17 01:00:00,h,h_1
6458,2022-02-17 02:00:00,e,e_0
6459,2022-02-17 03:00:00,h,h_1
6460,2022-02-17 04:00:00,h,h_1
6461,2022-02-17 05:00:00,g,g_0
6462,2022-02-17 06:00:00,a,a_1
6463,2022-02-17 07:00:00,a,a_1
6464,2022-02-17 08:00:00,a,a_1
6465,2022-02-17 09:00:00,a,a_1
6466,2022-02-17 10:00:00,a,a_1
6467,2022-02-17 11:00:00,a,a_1
6468,2022-02-17 12:00:00,a,a_1
6469,2022-02-17 13:00:00,a,a_1
6470,2022-02-17 14:00:00,e,e_1
6471,2022-02-17 15:00:00,e,e_1
6472,2022-02-17 16:00:00,e,e_1
6473,2022-02-17 17:00:00,e,e_1
6474,2022-02-17 18:00:00,e,e_1
6475,2022-02-17 19:00:00,e,e_1
6476,2022-02-17 20:00:00,e,e_1
6477,2022-02-17 21:00:00,e,e_1
6478,2022-02-17 22:00:00,g,g_0
6479,2022-02-17 23:00:00,f,f_0
6480,2022-02-18 00:00:00,f,f_0
6481,2022-02-18 01:00:00,b,b_1
6482,2022-02-18 02:00:00,b,b_1
6483,2022-02-18 03:00:00,b,b_1
6484,2022-02-18 04:00:00,b,b_1
6485,2022-02-18 05:00:00,b,b_1
6486,2022-02-18 06:00:00,b,b_1
6487,2022-02-18 07:00:00,b,b_1
6488,2022-02-18 08:00:00,a,a_1
6489,2022-02-18 09:00:00,a,a_1
6490,2022-02-18 10:00:00,a,a_1
6491,2022-02-18 11:00:00,a,a_1
6492,2022-02-18 12:00:00,a,a_1
6493,2022-02-18 13:00:00,a,a_1
6494,2022-02-18 14:00:00,a,a_1
6495,2022-02-18 15:00:00,a,a_1
6496,2022-02-18 16:00:00,c,c_1
6497,2022-02-18 17:00:00,c,c_1
6498,2022-02-18 18:00:00,c,c_1
6499,2022-02-18 19:00:00,c,c_1
6500,2022-02-18 20:00:00,c,c_1
6501,2022-02-18 21:00:00,c,c_1
6502,2022-02-18 22:00:00,c,c_1
6503,2022-02-18 23:00:00,c,c_1
6504,2022-02-19 00:00:00,e,e_0
6505,2022-02-19 01:00:00,b,b_1
6506,2022-02-19 02:00:00,b,b_1
6507,2022-02-19 03:00:00,b,b_1
6508,2022-02-19 04:00:00,b,b_1
6509,2022-02-19 05:00:00,b,b_1
6510,2022-02-19 06:00:00,b,b_1
6511,2022-02-19 07:00:00,b,b_1
6512,2022-02-19 08:00:00,b,b_1
6513,2022-02-19 09:00:00,f,f_0
6514,2022-02-19 10:00:00,f,f_0
6515,2022-02-19 11:00:00,h,h_0
6516,2022-02-19 12:00:00,c,c_1
6517,2022-02-19 13:00:00,c,c_1
6518,2022-02-19 14:00:00,c,c_1
6519,2022-02-19 15:00:00,c,c_1
6520,2022-02-19 16:00:00,c,c_1
6521,2022-02-19 17:00:00,c,c_1
6522,2022-02-19 18:00:00,c,c_1
6523,2022-02-19 19:00:00,c,c_1
6524,2022-02-19 20:00:00,f,f_0
6525,2022-02-19 21:00:00,g,g_0
6526,2022-02-19 22:00:00,c,c_1
6527,2022-02-19 23:00:00,c,c_1
6528,2022-02-20 00:00:00,c,c_1
6529,2022-02-20 01:00:00,c,c_1
6530,2022-02-20 02:00:00,c,c_1
6531,2022-02-20 03:00:00,c,c_1
6532,2022-02-20 04:00:00,c,c_1
6533,2022-02-20 05:00:00,c,c_1
6534,2022-02-20 06:00:00,f,f_0
6535,2022-02-20 07:00:00,f,f_0
6536,2022-02-20 08:00:00,g,g_1
6537,2022-02-20 09:00:00,g,g_1
6538,2022-02-20 10:00:00,f,f_1
6539,2022-02-20 11:00:00,f,f_1
6540,2022-02-20 12:00:00,f,f_1
6541,2022-02-20 13:00:00,f,f_1
6542,2022-02-20 14:00:00,f,f_1
6543,2022-02-20 15:00:00,f,f_1
6544,2022-02-20 16:00:00,f,f_1
6545,2022-02-20 17:00:00,h,h_1
6546,2022-02-20 18:00:00,h,h_1
6547,2022-02-20 19:00:00,a,a_1
6548,2022-02-20 20:00:00,a,a_1
6549,2022-02-20 21:00:00,a,a_1
6550,2022-02-20 22:00:00,a,a_1
6551,2022-02-20 23:00:00,a,a_1
6552,2022-02-21 00:00:00,a,a_1
6553,2022-02-21 01:00:00,a,a_1
6554,2022-02-21 02:00:00,a,a_1
6555,2022-02-21 03:00:00,d,d_0
6556,2022-02-21 04:00:00,c,c_1
6557,2022-02-21 05:00:00,c,c_1
6558,2022-02-21 06:00:00,c,c_1
6559,2022-02-21 07:00:00,c,c_1
6560,2022-02-21 08:00:00,c,c_1
6561,2022-02-21 09:00:00,c,c_1
6562,2022-02-21 10:00:00,c,c_1
6563,2022-02-21 11:00:00,b,b_1
6564,2022-02-21 12:00:00,b,b_1
6565,2022-02-21 13:00:00,b,b_1
6566,2022-02-21 14:00:00,b,b_1
6567,2022-02-21 15:00:00,b,b_1
6568,2022-02-21 16:00:00,b,b_1
6569,2022-02-21 17:00:00,b,b_1
6570,2022-02-21 18:00:00,g,g_1
6571,2022-02-21 19:00:00,g,g_1
6572,2022-02-21 20:00:00,e,e_1
6573,2022-02-21 21:00:00,e,e_1
6574,2022-02-21 22:00:00,e,e_1
6575,2022-02-21 23:00:00,e,e_1
6576,2022-02-22 00:00:00,e,e_1
6577,2022-02-22 01:00:00,e,e_1
6578,2022-02-22 02:00:00,e,e_1
6579,2022-02-22 03:00:00,e,e_1
6580,2022-02-22 04:00:00,f,f_1
6581,2022-02-22 05:00:00,f,f_1
6582,2022-02-22 06:00:00,f,f_1
6583,2022-02-22 07:00:00,f,f_1
6584,2022-02-22 08:00:00,f,f_1
6585,2022-02-22 09:00:00,f,f_1
6586,2022-02-22 10:00:00,f,f_1
6587,2022-02-22 11:00:00,f,f_1
6588,2022-02-22 12:00:00,d,d_0
6589,2022-02-22 13:00:00,f,f_1
6590,2022-02-22 14:00:00,f,f_1
6591,2022-02-22 15:00:00,f,f_1
6592,2022-02-22 16:00:00,f,f_1
6593,2022-02-22 17:00:00,f,f_1
6594,2022-02-22 18:00:00,f,f_1
6595,2022-02-22 19:00:00,f,f_1
6596,2022-02-22 20:00:00,c,c_1
6597,2022-02-22 21:00:00,c,c_1
6598,2022-02-22 22:00:00,c,c_1
6599,2022-02-22 23:00:00,c,c_1
6600,2022-02-23 00:00:00,c,c_1
6601,2022-02-23 01:00:00,c,c_1
6602,2022-02-23 02:00:00,c,c_1
6603,2022-02-23 03:00:00,c,c_1
6604,2022-02-23 04:00:00,e,e_1
6605,2022-02-23 05:00:00,e,e_1
6606,2022-02-23 06:00:00,e,e_1
6607,2022-02-23 07:00:00,e,e_1
6608,2022-02-23 08:00:00,e,e_1
6609,2022-02-23 09:00:00,e,e_1
6610,2022-02-23 10:00:00,e,e_1
6611,2022-02-23 11:00:00,e,e_1
6612,2022-02-23 12:00:00,h,h_1
6613,2022-02-23 13:00:00,h,h_1
6614,2022-02-23 14:00:00,f,f_1
6615,2022-02-23 15:00:00,f,f_1
6616,2022-02-23 16:00:00,f,f_1
6617,2022-02-23 17:00:00,f,f_1
6618,2022-02-23 18:00:00,f,f_1
6619,2022-02-23 19:00:00,f,f_1
6620,2022-02-23 20:00:00,f,f_1
6621,2022-02-23 21:00:00,f,f_1
6622,2022-02-23 22:00:00,a,a_1
6623,2022-02-23 23:00:00,a,a_1
6624,2022-02-24 00:00:00,a,a_1
6625,2022-02-24 01:00:00,a,a_1
6626,2022-02-24 02:00:00,a,a_1
6627,2022-02-24 03:00:00,a,a_1
6628,2022-02-24 04:00:00,a,a_1
6629,2022-02-24 05:00:00,a,a_1
6630,2022-02-24 06:00:00,b,b_0
6631,2022-02-24 07:00:00,d,d_1
6632,2022-02-24 08:00:00,d,d_1
6633,2022-02-24 09:00:00,d,d_1
6634,2022-02-24 10:00:00,d,d_1
6635,2022-02-24 11:00:00,d,d_1
6636,2022-02-24 12:00:00,d,d_1
6637,2022-02-24 13:00:00,d,d_1
6638,2022-02-24 14:00:00,g,g_0
6639,2022-02-24 15:00:00,f,f_0
6640,2022-02-24 16:00:00,g,g_1
6641,2022-02-24 17:00:00,g,g_1
6642,2022-02-24 18:00:00,c,c_0
6643,2022-02-24 19:00:00,c,c_0
6644,2022-02-24 20:00:00,h,h_1
6645,2022-02-24 21:00:00,h,h_1
6646,2022-02-24 22:00:00,c,c_1
6647,2022-02-24 23:00:00,c,c_1
6648,2022-02-25 00:00:00,c,c_1
6649,2022-02-25 01:00:00,c,c_1
6650,2022-02-25 02:00:00,c,c_1
6651,2022-02-25 03:00:00,c,c_1
6652,2022-02-25 04:00:00,c,c_1
6653,2022-02-25 05:00:00,c,c_1
6654,2022-02-25 06:00:00,h,h_0
6655,2022-02-25 07:00:00,g,g_1
6656,2022-02-25 08:00:00,g,g_1
6657,2022-02-25 09:00:00,c,c_1
6658,2022-02-25 10:00:00,c,c_1
6659,2022-02-25 11:00:00,c,c_1
6660,2022-02-25 12:00:00,c,c_1
6661,2022-02-25 13:00:00,c,c_1
6662,2022-02-25 14:00:00,c,c_1
6663,2022-02-25 15:00:00,c,c_1
6664,2022-02-25 16:00:00,h,h_0
6665,2022-02-25 17:00:00,c,c_0
6666,2022-02-25 18:00:00,c,c_0
6667,2022-02-25 19:00:00,b,b_1
6668,2022-02-25 20:00:00,b,b_1
6669,2022-02-25 21:00:00,b,b_1
6670,2022-02-25 22:00:00,b,b_1
6671,2022-02-25 23:00:00,b,b_1
6672,2022-02-26 00:00:00,b,b_1
6673,2022-02-26 01:00:00,b,b_1
6674,2022-02-26 02:00:00,d,d_0
6675,2022-02-26 03:00:00,d,d_0
6676,2022-02-26 04:00:00,e,e_1
6677,2022-02-26 05:00:00,e,e_1
6678,2022-02-26 06:00:00,e,e_1
6679,2022-02-26 07:00:00,e,e_1
6680,2022-02-26 08:00:00,e,e_1
6681,2022-02-26 09:00:00,e,e_1
6682,2022-02-26 10:00:00,e,e_1
6683,2022-02-26 11:00:00,d,d_0
6684,2022-02-26 12:00:00,d,d_0
6685,2022-02-26 13:00:00,c,c_1
6686,2022-02-26 14:00:00,c,c_1
6687,2022-02-26 15:00:00,c,c_1
6688,2022-02-26 16:00:00,c,c_1
6689,2022-02-26 17:00:00,c,c_1
6690,2022-02-26 18:00:00,c,c_1
6691,2022-02-26 19:00:00,c,c_1
6692,2022-02-26 20:00:00,c,c_1
6693,2022-02-26 21:00:00,e,e_1
6694,2022-02-26 22:00:00,e,e_1
6695,2022-02-26 23:00:00,e,e_1
6696,2022-02-27 00:00:00,e,e_1
6697,2022-02-27 01:00:00,e,e_1
6698,2022-02-27 02:00:00,e,e_1
6699,2022-02-27 03:00:00,e,e_1
6700,2022-02-27 04:00:00,b,b_0
6701,2022-02-27 05:00:00,c,c_0
6702,2022-02-27 06:00:00,d,d_1
6703,2022-02-27 07:00:00,d,d_1
6704,2022-02-27 08:00:00,d,d_1
6705,2022-02-27 09:00:00,d,d_1
6706,2022-02-27 10:00:00,d,d_1
6707,2022-02-27 11:00:00,d,d_1
6708,2022-02-27 12:00:00,d,d_1
6709,2022-02-27 13:00:00,g,g_1
6710,2022-02-27 14:00:00,g,g_1
6711,2022-02-27 15:00:00,c,c_0
6712,2022-02-27 16:00:00,g,g_0
6713,2022-02-27 17:00:00,d,d_1
6714,2022-02-27 18:00:00,d,d_1
6715,2022-02-27 19:00:00,d,d_1
6716,2022-02-27 20:00:00,d,d_1
6717,2022-02-27 21:00:00,d,d_1
6718,2022-02-27 22:00:00,d,d_1
6719,2022-02-27 23:00:00,d,d_1
6720,2022-02-28 00:00:00,f,f_1
6721,2022-02-28 01:00:00,f,f_1
6722,2022-02-28 02:00:00,f,f_1
6723,2022-02-28 03:00:00,f,f_1
6724,2022-02-28 04:00:00,f,f_1
6725,2022-02-28 05:00:00,f,f_1
6726,2022-02-28 06:00:00,f,f_1
6727,2022-02-28 07:00:00,f,f_1
6728,2022-02-28 08:00:00,h,h_1
6729,2022-02-28 09:00:00,h,h_1
6730,2022-02-28 10:00:00,e,e_1
6731,2022-02-28 11:00:00,e,e_1
6732,2022-02-28 12:00:00,e,e_1
6733,2022-02-28 13:00:00,e,e_1
6734,2022-02-28 14:00:00,e,e_1
6735,2022-02-28 15:00:00,e,e_1
6736,2022-02-28 16:00:00,e,e_1
6737,2022-02-28 17:00:00,e,e_1
6738,2022-02-28 18:00:00,b,b_1
6739,2022-02-28 19:00:00,b,b_1
6740,2022-02-28 20:00:00,b,b_1
6741,2022-02-28 21:00:00,b,b_1
6742,2022-02-28 22:00:00,b,b_1
6743,2022-02-28 23:00:00,b,b_1
6744,2022-03-01 00:00:00,b,b_1
6745,2022-03-01 01:00:00,b,b_1
6746,2022-03-01 02:00:00,g,g_0
6747,2022-03-01 03:00:00,h,h_0
6748,2022-03-01 04:00:00,e,e_0
6749,2022-03-01 05:00:00,c,c_0
6750,2022-03-01 06:00:00,c,c_0
6751,2022-03-01 07:00:00,f,f_0
6752,2022-03-01 08:00:00,b,b_1
6753,2022-03-01 09:00:00,b,b_1
6754,2022-03-01 10:00:00,b,b_1
6755,2022-03-01 11:00:00,b,b_1
6756,2022-03-01 12:00:00,b,b_1
6757,2022-03-01 13:00:00,b,b_1
6758,2022-03-01 14:00:00,b,b_1
6759,2022-03-01 15:00:00,b,b_1
6760,2022-03-01 16:00:00,f,f_1
6761,2022-03-01 17:00:00,f,f_1
6762,2022-03-01 18:00:00,f,f_1
6763,2022-03-01 19:00:00,f,f_1
6764,2022-03-01 20:00:00,f,f_1
6765,2022-03-01 21:00:00,f,f_1
6766,2022-03-01 22:00:00,f,f_1
6767,2022-03-01 23:00:00,f,f_1
6768,2022-03-02 00:00:00,c,c_0
6769,2022-03-02 01:00:00,f,f_0
6770,2022-03-02 02:00:00,f,f_0
6771,2022-03-02 03:00:00,d,d_1
6772,2022-03-02 04:00:00,d,d_1
6773,2022-03-02 05:00:00,d,d_1
6774,2022-03-02 06:00:00,d,d_1
6775,2022-03-02 07:00:00,d,d_1
6776,2022-03-02 08:00:00,d,d_1
6777,2022-03-02 09:00:00,d,d_1
6778,2022-03-02 10:00:00,d,d_1
6779,2022-03-02 11:00:00,c,c_1
6780,2022-03-02 12:00:00,c,c_1
6781,2022-03-02 13:00:00,c,c_1
6782,2022-03-02 14:00:00,c,c_1
6783,2022-03-02 15:00:00,c,c_1
6784,2022-03-02 16:00:00,c,c_1
6785,2022-03-02 17:00:00,c,c_1
6786,2022-03-02 18:00:00,a,a_1
6787,2022-03-02 19:00:00,a,a_1
6788,2022-03-02 20:00:00,a,a_1
6789,2022-03-02 21:00:00,a,a_1
6790,2022-03-02 22:00:00,a,a_1
6791,2022-03-02 23:00:00,a,a_1
6792,2022-03-03 00:00:00,a,a_1
6793,2022-03-03 01:00:00,f,f_1
6794,2022-03-03 02:00:00,f,f_1
6795,2022-03-03 03:00:00,f,f_1
6796,2022-03-03 04:00:00,f,f_1
6797,2022-03-03 05:00:00,f,f_1
6798,2022-03-03 06:00:00,f,f_1
6799,2022-03-03 07:00:00,f,f_1
6800,2022-03-03 08:00:00,h,h_1
6801,2022-03-03 09:00:00,h,h_1
6802,2022-03-03 10:00:00,d,d_1
6803,2022-03-03 11:00:00,d,d_1
6804,2022-03-03 12:00:00,d,d_1
6805,2022-03-03 13:00:00,d,d_1
6806,2022-03-03 14:00:00,d,d_1
6807,2022-03-03 15:00:00,d,d_1
6808,2022-03-03 16:00:00,d,d_1
6809,2022-03-03 17:00:00,d,d_1
6810,2022-03-03 18:00:00,g,g_1
6811,2022-03-03 19:00:00,g,g_1
6812,2022-03-03 20:00:00,h,h_0
6813,2022-03-03 21:00:00,b,b_1
6814,2022-03-03 22:00:00,b,b_1
6815,2022-03-03 23:00:00,b,b_1
6816,2022-03-04 00:00:00,b,b_1
6817,2022-03-04 01:00:00,b,b_1
6818,2022-03-04 02:00:00,b,b_1
6819,2022-03-04 03:00:00,b,b_1
6820,2022-03-04 04:00:00,b,b_1
6821,2022-03-04 05:00:00,f,f_0
6822,2022-03-04 06:00:00,c,c_1
6823,2022-03-04 07:00:00,c,c_1
6824,2022-03-04 08:00:00,c,c_1
6825,2022-03-04 09:00:00,c,c_1
6826,2022-03-04 10:00:00,c,c_1
6827,2022-03-04 11:00:00,c,c_1
6828,2022-03-04 12:00:00,c,c_1
6829,2022-03-04 13:00:00,b,b_1
6830,2022-03-04 14:00:00,b,b_1
6831,2022-03-04 15:00:00,b,b_1
6832,2022-03-04 16:00:00,b,b_1
6833,2022-03-04 17:00:00,b,b_1
6834,2022-03-04 18:00:00,b,b_1
6835,2022-03-04 19:00:00,b,b_1
6836,2022-03-04 20:00:00,b,b_1
6837,2022-03-04 21:00:00,a,a_0
6838,2022-03-04 22:00:00,a,a_0
6839,2022-03-04 23:00:00,d,d_1
6840,2022-03-05 00:00:00,d,d_1
6841,2022-03-05 01:00:00,d,d_1
6842,2022-03-05 02:00:00,d,d_1
6843,2022-03-05 03:00:00,d,d_1
6844,2022-03-05 04:00:00,d,d_1
6845,2022-03-05 05:00:00,d,d_1
6846,2022-03-05 06:00:00,g,g_0
6847,2022-03-05 07:00:00,b,b_0
6848,2022-03-05 08:00:00,c,c_0
6849,2022-03-05 09:00:00,f,f_1
6850,2022-03-05 10:00:00,f,f_1
6851,2022-03-05 11:00:00,f,f_1
6852,2022-03-05 12:00:00,f,f_1
6853,2022-03-05 13:00:00,f,f_1
6854,2022-03-05 14:00:00,f,f_1
6855,2022-03-05 15:00:00,f,f_1
6856,2022-03-05 16:00:00,f,f_1
6857,2022-03-05 17:00:00,h,h_0
6858,2022-03-05 18:00:00,c,c_0
6859,2022-03-05 19:00:00,d,d_1
6860,2022-03-05 20:00:00,d,d_1
6861,2022-03-05 21:00:00,d,d_1
6862,2022-03-05 22:00:00,d,d_1
6863,2022-03-05 23:00:00,d,d_1
6864,2022-03-06 00:00:00,d,d_1
6865,2022-03-06 01:00:00,d,d_1
6866,2022-03-06 02:00:00,b,b_0
6867,2022-03-06 03:00:00,b,b_0
6868,2022-03-06 04:00:00,g,g_0
6869,2022-03-06 05:00:00,a,a_1
6870,2022-03-06 06:00:00,a,a_1
6871,2022-03-06 07:00:00,a,a_1
6872,2022-03-06 08:00:00,a,a_1
6873,2022-03-06 09:00:00,a,a_1
6874,2022-03-06 10:00:00,a,a_1
6875,2022-03-06 11:00:00,a,a_1
6876,2022-03-06 12:00:00,a,a_1
6877,2022-03-06 13:00:00,h,h_0
6878,2022-03-06 14:00:00,c,c_0
6879,2022-03-06 15:00:00,c,c_0
6880,2022-03-06 16:00:00,h,h_0
6881,2022-03-06 17:00:00,f,f_0
6882,2022-03-06 18:00:00,f,f_0
6883,2022-03-06 19:00:00,e,e_1
6884,2022-03-06 20:00:00,e,e_1
6885,2022-03-06 21:00:00,e,e_1
6886,2022-03-06 22:00:00,e,e_1
6887,2022-03-06 23:00:00,e,e_1
6888,2022-03-07 00:00:00,e,e_1
6889,2022-03-07 01:00:00,e,e_1
6890,2022-03-07 02:00:00,f,f_0
6891,2022-03-07 03:00:00,f,f_0
6892,2022-03-07 04:00:00,b,b_0
6893,2022-03-07 05:00:00,b,b_0
6894,2022-03-07 06:00:00,g,g_0
6895,2022-03-07 07:00:00,d,d_1
6896,2022-03-07 08:00:00,d,d_1
6897,2022-03-07 09:00:00,d,d_1
6898,2022-03-07 10:00:00,d,d_1
6899,2022-03-07 11:00:00,d,d_1
6900,2022-03-07 12:00:00,d,d_1
6901,2022-03-07 13:00:00,d,d_1
6902,2022-03-07 14:00:00,d,d_1
6903,2022-03-07 15:00:00,h,h_0
6904,2022-03-07 16:00:00,g,g_0
6905,2022-03-07 17:00:00,f,f_1
6906,2022-03-07 18:00:00,f,f_1
6907,2022-03-07 19:00:00,f,f_1
6908,2022-03-07 20:00:00,f,f_1
6909,2022-03-07 21:00:00,f,f_1
6910,2022-03-07 22:00:00,f,f_1
6911,2022-03-07 23:00:00,f,f_1
6912,2022-03-08 00:00:00,f,f_1
6913,2022-03-08 01:00:00,h,h_1
6914,2022-03-08 02:00:00,h,h_1
6915,2022-03-08 03:00:00,e,e_1
6916,2022-03-08 04:00:00,e,e_1
6917,2022-03-08 05:00:00,e,e_1
6918,2022-03-08 06:00:00,e,e_1
6919,2022-03-08 07:00:00,e,e_1
6920,2022-03-08 08:00:00,e,e_1
6921,2022-03-08 09:00:00,e,e_1
6922,2022-03-08 10:00:00,e,e_1
6923,2022-03-08 11:00:00,f,f_1
6924,2022-03-08 12:00:00,f,f_1
6925,2022-03-08 13:00:00,f,f_1
6926,2022-03-08 14:00:00,f,f_1
6927,2022-03-08 15:00:00,f,f_1
6928,2022-03-08 16:00:00,f,f_1
6929,2022-03-08 17:00:00,f,f_1
6930,2022-03-08 18:00:00,h,h_0
6931,2022-03-08 19:00:00,c,c_1
6932,2022-03-08 20:00:00,c,c_1
6933,2022-03-08 21:00:00,c,c_1
6934,2022-03-08 22:00:00,c,c_1
6935,2022-03-08 23:00:00,c,c_1
6936,2022-03-09 00:00:00,c,c_1
6937,2022-03-09 01:00:00,c,c_1
6938,2022-03-09 02:00:00,d,d_1
6939,2022-03-09 03:00:00,d,d_1
6940,2022-03-09 04:00:00,d,d_1
6941,2022-03-09 05:00:00,d,d_1
6942,2022-03-09 06:00:00,d,d_1
6943,2022-03-09 07:00:00,d,d_1
6944,2022-03-09 08:00:00,d,d_1
6945,2022-03-09 09:00:00,d,d_1
6946,2022-03-09 10:00:00,e,e_1
6947,2022-03-09 11:00:00,e,e_1
6948,2022-03-09 12:00:00,e,e_1
6949,2022-03-09 13:00:00,e,e_1
6950,2022-03-09 14:00:00,e,e_1
6951,2022-03-09 15:00:00,e,e_1
6952,2022-03-09 16:00:00,e,e_1
6953,2022-03-09 17:00:00,g,g_1
6954,2022-03-09 18:00:00,g,g_1
6955,2022-03-09 19:00:00,b,b_0
6956,2022-03-09 20:00:00,h,h_0
6957,2022-03-09 21:00:00,d,d_1
6958,2022-03-09 22:00:00,d,d_1
6959,2022-03-09 23:00:00,d,d_1
6960,2022-03-10 00:00:00,d,d_1
6961,2022-03-10 01:00:00,d,d_1
6962,2022-03-10 02:00:00,d,d_1
6963,2022-03-10 03:00:00,d,d_1
6964,2022-03-10 04:00:00,d,d_1
6965,2022-03-10 05:00:00,g,g_0
6966,2022-03-10 06:00:00,e,e_0
6967,2022-03-10 07:00:00,a,a_0
6968,2022-03-10 08:00:00,a,a_0
6969,2022-03-10 09:00:00,c,c_0
6970,2022-03-10 10:00:00,h,h_0
6971,2022-03-10 11:00:00,f,f_0
6972,2022-03-10 12:00:00,f,f_0
6973,2022-03-10 13:00:00,h,h_1
6974,2022-03-10 14:00:00,h,h_1
6975,2022-03-10 15:00:00,d,d_1
6976,2022-03-10 16:00:00,d,d_1
6977,2022-03-10 17:00:00,d,d_1
6978,2022-03-10 18:00:00,d,d_1
6979,2022-03-10 19:00:00,d,d_1
6980,2022-03-10 20:00:00,d,d_1
6981,2022-03-10 21:00:00,d,d_1
6982,2022-03-10 22:00:00,g,g_1
6983,2022-03-10 23:00:00,g,g_1
6984,2022-03-11 00:00:00,b,b_0
6985,2022-03-11 01:00:00,b,b_0
6986,2022-03-11 02:00:00,f,f_0
6987,2022-03-11 03:00:00,c,c_0
6988,2022-03-11 04:00:00,c,c_0
6989,2022-03-11 05:00:00,h,h_1
6990,2022-03-11 06:00:00,h,h_1
6991,2022-03-11 07:00:00,b,b_1
6992,2022-03-11 08:00:00,b,b_1
6993,2022-03-11 09:00:00,b,b_1
6994,2022-03-11 10:00:00,b,b_1
6995,2022-03-11 11:00:00,b,b_1
6996,2022-03-11 12:00:00,b,b_1
6997,2022-03-11 13:00:00,b,b_1
6998,2022-03-11 14:00:00,d,d_1
6999,2022-03-11 15:00:00,d,d_1
7000,2022-03-11 16:00:00,d,d_1
7001,2022-03-11 17:00:00,d,d_1
7002,2022-03-11 18:00:00,d,d_1
7003,2022-03-11 19:00:00,d,d_1
7004,2022-03-11 20:00:00,d,d_1
7005,2022-03-11 21:00:00,f,f_0
7006,2022-03-11 22:00:00,c,c_0
7007,2022-03-11 23:00:00,c,c_0
7008,2022-03-12 00:00:00,b,b_1
7009,2022-03-12 01:00:00,b,b_1
7010,2022-03-12 02:00:00,b,b_1
7011,2022-03-12 03:00:00,b,b_1
7012,2022-03-12 04:00:00,b,b_1
7013,2022-03-12 05:00:00,b,b_1
7014,2022-03-12 06:00:00,b,b_1
7015,2022-03-12 07:00:00,d,d_1
7016,2022-03-12 08:00:00,d,d_1
7017,2022-03-12 09:00:00,d,d_1
7018,2022-03-12 10:00:00,d,d_1
7019,2022-03-12 11:00:00,d,d_1
7020,2022-03-12 12:00:00,d,d_1
7021,2022-03-12 13:00:00,d,d_1
7022,2022-03-12 14:00:00,d,d_1
7023,2022-03-12 15:00:00,b,b_0
7024,2022-03-12 16:00:00,b,b_0
7025,2022-03-12 17:00:00,c,c_0
7026,2022-03-12 18:00:00,g,g_1
7027,2022-03-12 19:00:00,g,g_1
7028,2022-03-12 20:00:00,h,h_1
7029,2022-03-12 21:00:00,h,h_1
7030,2022-03-12 22:00:00,c,c_0
7031,2022-03-12 23:00:00,a,a_0
7032,2022-03-13 00:00:00,a,a_0
7033,2022-03-13 01:00:00,e,e_0
7034,2022-03-13 02:00:00,c,c_1
7035,2022-03-13 03:00:00,c,c_1
7036,2022-03-13 04:00:00,c,c_1
7037,2022-03-13 05:00:00,c,c_1
7038,2022-03-13 06:00:00,c,c_1
7039,2022-03-13 07:00:00,c,c_1
7040,2022-03-13 08:00:00,c,c_1
7041,2022-03-13 09:00:00,c,c_1
7042,2022-03-13 10:00:00,f,f_0
7043,2022-03-13 11:00:00,f,f_0
7044,2022-03-13 12:00:00,d,d_0
7045,2022-03-13 13:00:00,g,g_0
7046,2022-03-13 14:00:00,c,c_1
7047,2022-03-13 15:00:00,c,c_1
7048,2022-03-13 16:00:00,c,c_1
7049,2022-03-13 17:00:00,c,c_1
7050,2022-03-13 18:00:00,c,c_1
7051,2022-03-13 19:00:00,c,c_1
7052,2022-03-13 20:00:00,c,c_1
7053,2022-03-13 21:00:00,c,c_1
7054,2022-03-13 22:00:00,f,f_1
7055,2022-03-13 23:00:00,f,f_1
7056,2022-03-14 00:00:00,f,f_1
7057,2022-03-14 01:00:00,f,f_1
7058,2022-03-14 02:00:00,f,f_1
7059,2022-03-14 03:00:00,f,f_1
7060,2022-03-14 04:00:00,f,f_1
7061,2022-03-14 05:00:00,f,f_1
7062,2022-03-14 06:00:00,e,e_1
7063,2022-03-14 07:00:00,e,e_1
7064,2022-03-14 08:00:00,e,e_1
7065,2022-03-14 09:00:00,e,e_1
7066,2022-03-14 10:00:00,e,e_1
7067,2022-03-14 11:00:00,e,e_1
7068,2022-03-14 12:00:00,e,e_1
7069,2022-03-14 13:00:00,h,h_0
7070,2022-03-14 14:00:00,d,d_1
7071,2022-03-14 15:00:00,d,d_1
7072,2022-03-14 16:00:00,d,d_1
7073,2022-03-14 17:00:00,d,d_1
7074,2022-03-14 18:00:00,d,d_1
7075,2022-03-14 19:00:00,d,d_1
7076,2022-03-14 20:00:00,d,d_1
7077,2022-03-14 21:00:00,d,d_1
7078,2022-03-14 22:00:00,f,f_1
7079,2022-03-14 23:00:00,f,f_1
7080,2022-03-15 00:00:00,f,f_1
7081,2022-03-15 01:00:00,f,f_1
7082,2022-03-15 02:00:00,f,f_1
7083,2022-03-15 03:00:00,f,f_1
7084,2022-03-15 04:00:00,f,f_1
7085,2022-03-15 05:00:00,f,f_1
7086,2022-03-15 06:00:00,e,e_1
7087,2022-03-15 07:00:00,e,e_1
7088,2022-03-15 08:00:00,e,e_1
7089,2022-03-15 09:00:00,e,e_1
7090,2022-03-15 10:00:00,e,e_1
7091,2022-03-15 11:00:00,e,e_1
7092,2022-03-15 12:00:00,e,e_1
7093,2022-03-15 13:00:00,e,e_1
7094,2022-03-15 14:00:00,f,f_1
7095,2022-03-15 15:00:00,f,f_1
7096,2022-03-15 16:00:00,f,f_1
7097,2022-03-15 17:00:00,f,f_1
7098,2022-03-15 18:00:00,f,f_1
7099,2022-03-15 19:00:00,f,f_1
7100,2022-03-15 20:00:00,f,f_1
7101,2022-03-15 21:00:00,f,f_1
7102,2022-03-15 22:00:00,h,h_1
7103,2022-03-15 23:00:00,h,h_1
7104,2022-03-16 00:00:00,f,f_1
7105,2022-03-16 01:00:00,f,f_1
7106,2022-03-16 02:00:00,f,f_1
7107,2022-03-16 03:00:00,f,f_1
7108,2022-03-16 04:00:00,f,f_1
7109,2022-03-16 05:00:00,f,f_1
7110,2022-03-16 06:00:00,f,f_1
7111,2022-03-16 07:00:00,a,a_0
7112,2022-03-16 08:00:00,a,a_0
7113,2022-03-16 09:00:00,f,f_1
7114,2022-03-16 10:00:00,f,f_1
7115,2022-03-16 11:00:00,f,f_1
7116,2022-03-16 12:00:00,f,f_1
7117,2022-03-16 13:00:00,f,f_1
7118,2022-03-16 14:00:00,f,f_1
7119,2022-03-16 15:00:00,f,f_1
7120,2022-03-16 16:00:00,a,a_0
7121,2022-03-16 17:00:00,a,a_0
7122,2022-03-16 18:00:00,d,d_0
7123,2022-03-16 19:00:00,d,d_0
7124,2022-03-16 20:00:00,e,e_0
7125,2022-03-16 21:00:00,d,d_0
7126,2022-03-16 22:00:00,d,d_0
7127,2022-03-16 23:00:00,c,c_1
7128,2022-03-17 00:00:00,c,c_1
7129,2022-03-17 01:00:00,c,c_1
7130,2022-03-17 02:00:00,c,c_1
7131,2022-03-17 03:00:00,c,c_1
7132,2022-03-17 04:00:00,c,c_1
7133,2022-03-17 05:00:00,c,c_1
7134,2022-03-17 06:00:00,f,f_1
7135,2022-03-17 07:00:00,f,f_1
7136,2022-03-17 08:00:00,f,f_1
7137,2022-03-17 09:00:00,f,f_1
7138,2022-03-17 10:00:00,f,f_1
7139,2022-03-17 11:00:00,f,f_1
7140,2022-03-17 12:00:00,f,f_1
7141,2022-03-17 13:00:00,g,g_1
7142,2022-03-17 14:00:00,g,g_1
7143,2022-03-17 15:00:00,d,d_0
7144,2022-03-17 16:00:00,d,d_0
7145,2022-03-17 17:00:00,a,a_1
7146,2022-03-17 18:00:00,a,a_1
7147,2022-03-17 19:00:00,a,a_1
7148,2022-03-17 20:00:00,a,a_1
7149,2022-03-17 21:00:00,a,a_1
7150,2022-03-17 22:00:00,a,a_1
7151,2022-03-17 23:00:00,a,a_1
7152,2022-03-18 00:00:00,a,a_1
7153,2022-03-18 01:00:00,c,c_0
7154,2022-03-18 02:00:00,h,h_1
7155,2022-03-18 03:00:00,h,h_1
7156,2022-03-18 04:00:00,b,b_1
7157,2022-03-18 05:00:00,b,b_1
7158,2022-03-18 06:00:00,b,b_1
7159,2022-03-18 07:00:00,b,b_1
7160,2022-03-18 08:00:00,b,b_1
7161,2022-03-18 09:00:00,b,b_1
7162,2022-03-18 10:00:00,b,b_1
7163,2022-03-18 11:00:00,a,a_0
7164,2022-03-18 12:00:00,a,a_0
7165,2022-03-18 13:00:00,d,d_1
7166,2022-03-18 14:00:00,d,d_1
7167,2022-03-18 15:00:00,d,d_1
7168,2022-03-18 16:00:00,d,d_1
7169,2022-03-18 17:00:00,d,d_1
7170,2022-03-18 18:00:00,d,d_1
7171,2022-03-18 19:00:00,d,d_1
7172,2022-03-18 20:00:00,d,d_1
7173,2022-03-18 21:00:00,e,e_0
7174,2022-03-18 22:00:00,c,c_1
7175,2022-03-18 23:00:00,c,c_1
7176,2022-03-19 00:00:00,c,c_1
7177,2022-03-19 01:00:00,c,c_1
7178,2022-03-19 02:00:00,c,c_1
7179,2022-03-19 03:00:00,c,c_1
7180,2022-03-19 04:00:00,c,c_1
7181,2022-03-19 05:00:00,f,f_0
7182,2022-03-19 06:00:00,f,f_0
7183,2022-03-19 07:00:00,g,g_1
7184,2022-03-19 08:00:00,g,g_1
7185,2022-03-19 09:00:00,b,b_1
7186,2022-03-19 10:00:00,b,b_1
7187,2022-03-19 11:00:00,b,b_1
7188,2022-03-19 12:00:00,b,b_1
7189,2022-03-19 13:00:00,b,b_1
7190,2022-03-19 14:00:00,b,b_1
7191,2022-03-19 15:00:00,b,b_1
7192,2022-03-19 16:00:00,f,f_0
7193,2022-03-19 17:00:00,f,f_0
7194,2022-03-19 18:00:00,g,g_0
7195,2022-03-19 19:00:00,d,d_0
7196,2022-03-19 20:00:00,h,h_1
7197,2022-03-19 21:00:00,h,h_1
7198,2022-03-19 22:00:00,g,g_1
7199,2022-03-19 23:00:00,g,g_1
7200,2022-03-20 00:00:00,a,a_0
7201,2022-03-20 01:00:00,a,a_0
7202,2022-03-20 02:00:00,b,b_1
7203,2022-03-20 03:00:00,b,b_1
7204,2022-03-20 04:00:00,b,b_1
7205,2022-03-20 05:00:00,b,b_1
7206,2022-03-20 06:00:00,b,b_1
7207,2022-03-20 07:00:00,b,b_1
7208,2022-03-20 08:00:00,b,b_1
7209,2022-03-20 09:00:00,b,b_1
7210,2022-03-20 10:00:00,e,e_1
7211,2022-03-20 11:00:00,e,e_1
7212,2022-03-20 12:00:00,e,e_1
7213,2022-03-20 13:00:00,e,e_1
7214,2022-03-20 14:00:00,e,e_1
7215,2022-03-20 15:00:00,e,e_1
7216,2022-03-20 16:00:00,e,e_1
7217,2022-03-20 17:00:00,e,e_1
7218,2022-03-20 18:00:00,a,a_0
7219,2022-03-20 19:00:00,c,c_1
7220,2022-03-20 20:00:00,c,c_1
7221,2022-03-20 21:00:00,c,c_1
7222,2022-03-20 22:00:00,c,c_1
7223,2022-03-20 23:00:00,c,c_1
7224,2022-03-21 00:00:00,c,c_1
7225,2022-03-21 01:00:00,c,c_1
7226,2022-03-21 02:00:00,c,c_1
7227,2022-03-21 03:00:00,f,f_0
7228,2022-03-21 04:00:00,b,b_0
7229,2022-03-21 05:00:00,b,b_0
7230,2022-03-21 06:00:00,d,d_0
7231,2022-03-21 07:00:00,g,g_1
7232,2022-03-21 08:00:00,g,g_1
7233,2022-03-21 09:00:00,c,c_0
7234,2022-03-21 10:00:00,c,c_0
7235,2022-03-21 11:00:00,d,d_1
7236,2022-03-21 12:00:00,d,d_1
7237,2022-03-21 13:00:00,d,d_1
7238,2022-03-21 14:00:00,d,d_1
7239,2022-03-21 15:00:00,d,d_1
7240,2022-03-21 16:00:00,d,d_1
7241,2022-03-21 17:00:00,d,d_1
7242,2022-03-21 18:00:00,d,d_1
7243,2022-03-21 19:00:00,e,e_1
7244,2022-03-21 20:00:00,e,e_1
7245,2022-03-21 21:00:00,e,e_1
7246,2022-03-21 22:00:00,e,e_1
7247,2022-03-21 23:00:00,e,e_1
7248,2022-03-22 00:00:00,e,e_1
7249,2022-03-22 01:00:00,e,e_1
7250,2022-03-22 02:00:00,a,a_1
7251,2022-03-22 03:00:00,a,a_1
7252,2022-03-22 04:00:00,a,a_1
7253,2022-03-22 05:00:00,a,a_1
7254,2022-03-22 06:00:00,a,a_1
7255,2022-03-22 07:00:00,a,a_1
7256,2022-03-22 08:00:00,a,a_1
7257,2022-03-22 09:00:00,e,e_1
7258,2022-03-22 10:00:00,e,e_1
7259,2022-03-22 11:00:00,e,e_1
7260,2022-03-22 12:00:00,e,e_1
7261,2022-03-22 13:00:00,e,e_1
7262,2022-03-22 14:00:00,e,e_1
7263,2022-03-22 15:00:00,e,e_1
7264,2022-03-22 16:00:00,e,e_1
7265,2022-03-22 17:00:00,b,b_1
7266,2022-03-22 18:00:00,b,b_1
7267,2022-03-22 19:00:00,b,b_1
7268,2022-03-22 20:00:00,b,b_1
7269,2022-03-22 21:00:00,b,b_1
7270,2022-03-22 22:00:00,b,b_1
7271,2022-03-22 23:00:00,b,b_1
7272,2022-03-23 00:00:00,f,f_1
7273,2022-03-23 01:00:00,f,f_1
7274,2022-03-23 02:00:00,f,f_1
7275,2022-03-23 03:00:00,f,f_1
7276,2022-03-23 04:00:00,f,f_1
7277,2022-03-23 05:00:00,f,f_1
7278,2022-03-23 06:00:00,f,f_1
7279,2022-03-23 07:00:00,f,f_1
7280,2022-03-23 08:00:00,e,e_0
7281,2022-03-23 09:00:00,e,e_0
7282,2022-03-23 10:00:00,b,b_0
7283,2022-03-23 11:00:00,b,b_0
7284,2022-03-23 12:00:00,d,d_1
7285,2022-03-23 13:00:00,d,d_1
7286,2022-03-23 14:00:00,d,d_1
7287,2022-03-23 15:00:00,d,d_1
7288,2022-03-23 16:00:00,d,d_1
7289,2022-03-23 17:00:00,d,d_1
7290,2022-03-23 18:00:00,d,d_1
7291,2022-03-23 19:00:00,d,d_1
7292,2022-03-23 20:00:00,f,f_0
7293,2022-03-23 21:00:00,b,b_0
7294,2022-03-23 22:00:00,g,g_1
7295,2022-03-23 23:00:00,g,g_1
7296,2022-03-24 00:00:00,e,e_0
7297,2022-03-24 01:00:00,h,h_0
7298,2022-03-24 02:00:00,f,f_0
7299,2022-03-24 03:00:00,g,g_1
7300,2022-03-24 04:00:00,g,g_1
7301,2022-03-24 05:00:00,d,d_0
7302,2022-03-24 06:00:00,e,e_1
7303,2022-03-24 07:00:00,e,e_1
7304,2022-03-24 08:00:00,e,e_1
7305,2022-03-24 09:00:00,e,e_1
7306,2022-03-24 10:00:00,e,e_1
7307,2022-03-24 11:00:00,e,e_1
7308,2022-03-24 12:00:00,e,e_1
7309,2022-03-24 13:00:00,e,e_1
7310,2022-03-24 14:00:00,h,h_0
7311,2022-03-24 15:00:00,c,c_0
7312,2022-03-24 16:00:00,c,c_0
7313,2022-03-24 17:00:00,f,f_1
7314,2022-03-24 18:00:00,f,f_1
7315,2022-03-24 19:00:00,f,f_1
7316,2022-03-24 20:00:00,f,f_1
7317,2022-03-24 21:00:00,f,f_1
7318,2022-03-24 22:00:00,f,f_1
7319,2022-03-24 23:00:00,f,f_1
7320,2022-03-25 00:00:00,d,d_1
7321,2022-03-25 01:00:00,d,d_1
7322,2022-03-25 02:00:00,d,d_1
7323,2022-03-25 03:00:00,d,d_1
7324,2022-03-25 04:00:00,d,d_1
7325,2022-03-25 05:00:00,d,d_1
7326,2022-03-25 06:00:00,d,d_1
7327,2022-03-25 07:00:00,d,d_1
7328,2022-03-25 08:00:00,b,b_0
7329,2022-03-25 09:00:00,b,b_0
7330,2022-03-25 10:00:00,e,e_1
7331,2022-03-25 11:00:00,e,e_1
7332,2022-03-25 12:00:00,e,e_1
7333,2022-03-25 13:00:00,e,e_1
7334,2022-03-25 14:00:00,e,e_1
7335,2022-03-25 15:00:00,e,e_1
7336,2022-03-25 16:00:00,e,e_1
7337,2022-03-25 17:00:00,g,g_0
7338,2022-03-25 18:00:00,c,c_0
7339,2022-03-25 19:00:00,d,d_1
7340,2022-03-25 20:00:00,d,d_1
7341,2022-03-25 21:00:00,d,d_1
7342,2022-03-25 22:00:00,d,d_1
7343,2022-03-25 23:00:00,d,d_1
7344,2022-03-26 00:00:00,d,d_1
7345,2022-03-26 01:00:00,d,d_1
7346,2022-03-26 02:00:00,h,h_1
7347,2022-03-26 03:00:00,h,h_1
7348,2022-03-26 04:00:00,e,e_0
7349,2022-03-26 05:00:00,e,e_0
7350,2022-03-26 06:00:00,d,d_0
7351,2022-03-26 07:00:00,e,e_1
7352,2022-03-26 08:00:00,e,e_1
7353,2022-03-26 09:00:00,e,e_1
7354,2022-03-26 10:00:00,e,e_1
7355,2022-03-26 11:00:00,e,e_1
7356,2022-03-26 12:00:00,e,e_1
7357,2022-03-26 13:00:00,e,e_1
7358,2022-03-26 14:00:00,e,e_1
7359,2022-03-26 15:00:00,g,g_0
7360,2022-03-26 16:00:00,h,h_1
7361,2022-03-26 17:00:00,h,h_1
7362,2022-03-26 18:00:00,e,e_1
7363,2022-03-26 19:00:00,e,e_1
7364,2022-03-26 20:00:00,e,e_1
7365,2022-03-26 21:00:00,e,e_1
7366,2022-03-26 22:00:00,e,e_1
7367,2022-03-26 23:00:00,e,e_1
7368,2022-03-27 00:00:00,e,e_1
7369,2022-03-27 01:00:00,e,e_1
7370,2022-03-27 02:00:00,f,f_1
7371,2022-03-27 03:00:00,f,f_1
7372,2022-03-27 04:00:00,f,f_1
7373,2022-03-27 05:00:00,f,f_1
7374,2022-03-27 06:00:00,f,f_1
7375,2022-03-27 07:00:00,f,f_1
7376,2022-03-27 08:00:00,f,f_1
7377,2022-03-27 09:00:00,f,f_1
7378,2022-03-27 10:00:00,d,d_0
7379,2022-03-27 11:00:00,b,b_0
7380,2022-03-27 12:00:00,a,a_0
7381,2022-03-27 13:00:00,a,a_0
7382,2022-03-27 14:00:00,h,h_0
7383,2022-03-27 15:00:00,c,c_0
7384,2022-03-27 16:00:00,b,b_0
7385,2022-03-27 17:00:00,a,a_0
7386,2022-03-27 18:00:00,g,g_0
7387,2022-03-27 19:00:00,c,c_0
7388,2022-03-27 20:00:00,b,b_0
7389,2022-03-27 21:00:00,b,b_0
7390,2022-03-27 22:00:00,c,c_1
7391,2022-03-27 23:00:00,c,c_1
7392,2022-03-28 00:00:00,c,c_1
7393,2022-03-28 01:00:00,c,c_1
7394,2022-03-28 02:00:00,c,c_1
7395,2022-03-28 03:00:00,c,c_1
7396,2022-03-28 04:00:00,c,c_1
7397,2022-03-28 05:00:00,c,c_1
7398,2022-03-28 06:00:00,e,e_1
7399,2022-03-28 07:00:00,e,e_1
7400,2022-03-28 08:00:00,e,e_1
7401,2022-03-28 09:00:00,e,e_1
7402,2022-03-28 10:00:00,e,e_1
7403,2022-03-28 11:00:00,e,e_1
7404,2022-03-28 12:00:00,e,e_1
7405,2022-03-28 13:00:00,b,b_0
7406,2022-03-28 14:00:00,f,f_1
7407,2022-03-28 15:00:00,f,f_1
7408,2022-03-28 16:00:00,f,f_1
7409,2022-03-28 17:00:00,f,f_1
7410,2022-03-28 18:00:00,f,f_1
7411,2022-03-28 19:00:00,f,f_1
7412,2022-03-28 20:00:00,f,f_1
7413,2022-03-28 21:00:00,f,f_1
7414,2022-03-28 22:00:00,c,c_0
7415,2022-03-28 23:00:00,f,f_1
7416,2022-03-29 00:00:00,f,f_1
7417,2022-03-29 01:00:00,f,f_1
7418,2022-03-29 02:00:00,f,f_1
7419,2022-03-29 03:00:00,f,f_1
7420,2022-03-29 04:00:00,f,f_1
7421,2022-03-29 05:00:00,f,f_1
7422,2022-03-29 06:00:00,f,f_1
7423,2022-03-29 07:00:00,d,d_0
7424,2022-03-29 08:00:00,d,d_0
7425,2022-03-29 09:00:00,e,e_1
7426,2022-03-29 10:00:00,e,e_1
7427,2022-03-29 11:00:00,e,e_1
7428,2022-03-29 12:00:00,e,e_1
7429,2022-03-29 13:00:00,e,e_1
7430,2022-03-29 14:00:00,e,e_1
7431,2022-03-29 15:00:00,e,e_1
7432,2022-03-29 16:00:00,h,h_1
7433,2022-03-29 17:00:00,h,h_1
7434,2022-03-29 18:00:00,d,d_1
7435,2022-03-29 19:00:00,d,d_1
7436,2022-03-29 20:00:00,d,d_1
7437,2022-03-29 21:00:00,d,d_1
7438,2022-03-29 22:00:00,d,d_1
7439,2022-03-29 23:00:00,d,d_1
7440,2022-03-30 00:00:00,d,d_1
7441,2022-03-30 01:00:00,d,d_1
7442,2022-03-30 02:00:00,g,g_1
7443,2022-03-30 03:00:00,g,g_1
7444,2022-03-30 04:00:00,c,c_1
7445,2022-03-30 05:00:00,c,c_1
7446,2022-03-30 06:00:00,c,c_1
7447,2022-03-30 07:00:00,c,c_1
7448,2022-03-30 08:00:00,c,c_1
7449,2022-03-30 09:00:00,c,c_1
7450,2022-03-30 10:00:00,c,c_1
7451,2022-03-30 11:00:00,c,c_1
7452,2022-03-30 12:00:00,d,d_0
7453,2022-03-30 13:00:00,d,d_0
7454,2022-03-30 14:00:00,e,e_1
7455,2022-03-30 15:00:00,e,e_1
7456,2022-03-30 16:00:00,e,e_1
7457,2022-03-30 17:00:00,e,e_1
7458,2022-03-30 18:00:00,e,e_1
7459,2022-03-30 19:00:00,e,e_1
7460,2022-03-30 20:00:00,e,e_1
7461,2022-03-30 21:00:00,f,f_1
7462,2022-03-30 22:00:00,f,f_1
7463,2022-03-30 23:00:00,f,f_1
7464,2022-03-31 00:00:00,f,f_1
7465,2022-03-31 01:00:00,f,f_1
7466,2022-03-31 02:00:00,f,f_1
7467,2022-03-31 03:00:00,f,f_1
7468,2022-03-31 04:00:00,f,f_1
7469,2022-03-31 05:00:00,c,c_1
7470,2022-03-31 06:00:00,c,c_1
7471,2022-03-31 07:00:00,c,c_1
7472,2022-03-31 08:00:00,c,c_1
7473,2022-03-31 09:00:00,c,c_1
7474,2022-03-31 10:00:00,c,c_1
7475,2022-03-31 11:00:00,c,c_1
7476,2022-03-31 12:00:00,h,h_1
7477,2022-03-31 13:00:00,h,h_1
7478,2022-03-31 14:00:00,b,b_1
7479,2022-03-31 15:00:00,b,b_1
7480,2022-03-31 16:00:00,b,b_1
7481,2022-03-31 17:00:00,b,b_1
7482,2022-03-31 18:00:00,b,b_1
7483,2022-03-31 19:00:00,b,b_1
7484,2022-03-31 20:00:00,b,b_1
7485,2022-03-31 21:00:00,b,b_1
7486,2022-03-31 22:00:00,e,e_1
7487,2022-03-31 23:00:00,e,e_1
7488,2022-04-01 00:00:00,e,e_1
7489,2022-04-01 01:00:00,e,e_1
7490,2022-04-01 02:00:00,e,e_1
7491,2022-04-01 03:00:00,e,e_1
7492,2022-04-01 04:00:00,e,e_1
7493,2022-04-01 05:00:00,g,g_1
7494,2022-04-01 06:00:00,g,g_1
7495,2022-04-01 07:00:00,c,c_1
7496,2022-04-01 08:00:00,c,c_1
7497,2022-04-01 09:00:00,c,c_1
7498,2022-04-01 10:00:00,c,c_1
7499,2022-04-01 11:00:00,c,c_1
7500,2022-04-01 12:00:00,c,c_1
7501,2022-04-01 13:00:00,c,c_1
7502,2022-04-01 14:00:00,c,c_1
7503,2022-04-01 15:00:00,d,d_1
7504,2022-04-01 16:00:00,d,d_1
7505,2022-04-01 17:00:00,d,d_1
7506,2022-04-01 18:00:00,d,d_1
7507,2022-04-01 19:00:00,d,d_1
7508,2022-04-01 20:00:00,d,d_1
7509,2022-04-01 21:00:00,d,d_1
7510,2022-04-01 22:00:00,d,d_1
7511,2022-04-01 23:00:00,c,c_1
7512,2022-04-02 00:00:00,c,c_1
7513,2022-04-02 01:00:00,c,c_1
7514,2022-04-02 02:00:00,c,c_1
7515,2022-04-02 03:00:00,c,c_1
7516,2022-04-02 04:00:00,c,c_1
7517,2022-04-02 05:00:00,c,c_1
7518,2022-04-02 06:00:00,f,f_1
7519,2022-04-02 07:00:00,f,f_1
7520,2022-04-02 08:00:00,f,f_1
7521,2022-04-02 09:00:00,f,f_1
7522,2022-04-02 10:00:00,f,f_1
7523,2022-04-02 11:00:00,f,f_1
7524,2022-04-02 12:00:00,f,f_1
7525,2022-04-02 13:00:00,f,f_1
7526,2022-04-02 14:00:00,h,h_1
7527,2022-04-02 15:00:00,h,h_1
7528,2022-04-02 16:00:00,d,d_0
7529,2022-04-02 17:00:00,d,d_0
7530,2022-04-02 18:00:00,e,e_1
7531,2022-04-02 19:00:00,e,e_1
7532,2022-04-02 20:00:00,e,e_1
7533,2022-04-02 21:00:00,e,e_1
7534,2022-04-02 22:00:00,e,e_1
7535,2022-04-02 23:00:00,e,e_1
7536,2022-04-03 00:00:00,e,e_1
7537,2022-04-03 01:00:00,e,e_1
7538,2022-04-03 02:00:00,h,h_1
7539,2022-04-03 03:00:00,h,h_1
7540,2022-04-03 04:00:00,f,f_1
7541,2022-04-03 05:00:00,f,f_1
7542,2022-04-03 06:00:00,f,f_1
7543,2022-04-03 07:00:00,f,f_1
7544,2022-04-03 08:00:00,f,f_1
7545,2022-04-03 09:00:00,f,f_1
7546,2022-04-03 10:00:00,f,f_1
7547,2022-04-03 11:00:00,f,f_1
7548,2022-04-03 12:00:00,g,g_0
7549,2022-04-03 13:00:00,h,h_0
7550,2022-04-03 14:00:00,c,c_1
7551,2022-04-03 15:00:00,c,c_1
7552,2022-04-03 16:00:00,c,c_1
7553,2022-04-03 17:00:00,c,c_1
7554,2022-04-03 18:00:00,c,c_1
7555,2022-04-03 19:00:00,c,c_1
7556,2022-04-03 20:00:00,c,c_1
7557,2022-04-03 21:00:00,c,c_1
7558,2022-04-03 22:00:00,d,d_0
7559,2022-04-03 23:00:00,h,h_0
7560,2022-04-04 00:00:00,b,b_0
7561,2022-04-04 01:00:00,b,b_0
7562,2022-04-04 02:00:00,e,e_1
7563,2022-04-04 03:00:00,e,e_1
7564,2022-04-04 04:00:00,e,e_1
7565,2022-04-04 05:00:00,e,e_1
7566,2022-04-04 06:00:00,e,e_1
7567,2022-04-04 07:00:00,e,e_1
7568,2022-04-04 08:00:00,e,e_1
7569,2022-04-04 09:00:00,b,b_0
7570,2022-04-04 10:00:00,c,c_1
7571,2022-04-04 11:00:00,c,c_1
7572,2022-04-04 12:00:00,c,c_1
7573,2022-04-04 13:00:00,c,c_1
7574,2022-04-04 14:00:00,c,c_1
7575,2022-04-04 15:00:00,c,c_1
7576,2022-04-04 16:00:00,c,c_1
7577,2022-04-04 17:00:00,a,a_0
7578,2022-04-04 18:00:00,b,b_0
7579,2022-04-04 19:00:00,b,b_0
7580,2022-04-04 20:00:00,c,c_0
7581,2022-04-04 21:00:00,f,f_1
7582,2022-04-04 22:00:00,f,f_1
7583,2022-04-04 23:00:00,f,f_1
7584,2022-04-05 00:00:00,f,f_1
7585,2022-04-05 01:00:00,f,f_1
7586,2022-04-05 02:00:00,f,f_1
7587,2022-04-05 03:00:00,f,f_1
7588,2022-04-05 04:00:00,h,h_0
7589,2022-04-05 05:00:00,b,b_0
7590,2022-04-05 06:00:00,h,h_0
7591,2022-04-05 07:00:00,c,c_0
7592,2022-04-05 08:00:00,c,c_0
7593,2022-04-05 09:00:00,b,b_1
7594,2022-04-05 10:00:00,b,b_1
7595,2022-04-05 11:00:00,b,b_1
7596,2022-04-05 12:00:00,b,b_1
7597,2022-04-05 13:00:00,b,b_1
7598,2022-04-05 14:00:00,b,b_1
7599,2022-04-05 15:00:00,b,b_1
7600,2022-04-05 16:00:00,d,d_0
7601,2022-04-05 17:00:00,c,c_0
7602,2022-04-05 18:00:00,h,h_0
7603,2022-04-05 19:00:00,e,e_1
7604,2022-04-05 20:00:00,e,e_1
7605,2022-04-05 21:00:00,e,e_1
7606,2022-04-05 22:00:00,e,e_1
7607,2022-04-05 23:00:00,e,e_1
7608,2022-04-06 00:00:00,e,e_1
7609,2022-04-06 01:00:00,e,e_1
7610,2022-04-06 02:00:00,e,e_1
7611,2022-04-06 03:00:00,f,f_1
7612,2022-04-06 04:00:00,f,f_1
7613,2022-04-06 05:00:00,f,f_1
7614,2022-04-06 06:00:00,f,f_1
7615,2022-04-06 07:00:00,f,f_1
7616,2022-04-06 08:00:00,f,f_1
7617,2022-04-06 09:00:00,f,f_1
7618,2022-04-06 10:00:00,f,f_1
7619,2022-04-06 11:00:00,d,d_1
7620,2022-04-06 12:00:00,d,d_1
7621,2022-04-06 13:00:00,d,d_1
7622,2022-04-06 14:00:00,d,d_1
7623,2022-04-06 15:00:00,d,d_1
7624,2022-04-06 16:00:00,d,d_1
7625,2022-04-06 17:00:00,d,d_1
7626,2022-04-06 18:00:00,f,f_1
7627,2022-04-06 19:00:00,f,f_1
7628,2022-04-06 20:00:00,f,f_1
7629,2022-04-06 21:00:00,f,f_1
7630,2022-04-06 22:00:00,f,f_1
7631,2022-04-06 23:00:00,f,f_1
7632,2022-04-07 00:00:00,f,f_1
7633,2022-04-07 01:00:00,h,h_1
7634,2022-04-07 02:00:00,h,h_1
7635,2022-04-07 03:00:00,f,f_1
7636,2022-04-07 04:00:00,f,f_1
7637,2022-04-07 05:00:00,f,f_1
7638,2022-04-07 06:00:00,f,f_1
7639,2022-04-07 07:00:00,f,f_1
7640,2022-04-07 08:00:00,f,f_1
7641,2022-04-07 09:00:00,f,f_1
7642,2022-04-07 10:00:00,h,h_1
7643,2022-04-07 11:00:00,h,h_1
7644,2022-04-07 12:00:00,c,c_0
7645,2022-04-07 13:00:00,g,g_1
7646,2022-04-07 14:00:00,g,g_1
7647,2022-04-07 15:00:00,d,d_1
7648,2022-04-07 16:00:00,d,d_1
7649,2022-04-07 17:00:00,d,d_1
7650,2022-04-07 18:00:00,d,d_1
7651,2022-04-07 19:00:00,d,d_1
7652,2022-04-07 20:00:00,d,d_1
7653,2022-04-07 21:00:00,d,d_1
7654,2022-04-07 22:00:00,b,b_0
7655,2022-04-07 23:00:00,b,b_0
7656,2022-04-08 00:00:00,f,f_1
7657,2022-04-08 01:00:00,f,f_1
7658,2022-04-08 02:00:00,f,f_1
7659,2022-04-08 03:00:00,f,f_1
7660,2022-04-08 04:00:00,f,f_1
7661,2022-04-08 05:00:00,f,f_1
7662,2022-04-08 06:00:00,f,f_1
7663,2022-04-08 07:00:00,g,g_0
7664,2022-04-08 08:00:00,h,h_0
7665,2022-04-08 09:00:00,f,f_1
7666,2022-04-08 10:00:00,f,f_1
7667,2022-04-08 11:00:00,f,f_1
7668,2022-04-08 12:00:00,f,f_1
7669,2022-04-08 13:00:00,f,f_1
7670,2022-04-08 14:00:00,f,f_1
7671,2022-04-08 15:00:00,f,f_1
7672,2022-04-08 16:00:00,b,b_1
7673,2022-04-08 17:00:00,b,b_1
7674,2022-04-08 18:00:00,b,b_1
7675,2022-04-08 19:00:00,b,b_1
7676,2022-04-08 20:00:00,b,b_1
7677,2022-04-08 21:00:00,b,b_1
7678,2022-04-08 22:00:00,b,b_1
7679,2022-04-08 23:00:00,b,b_1
7680,2022-04-09 00:00:00,c,c_1
7681,2022-04-09 01:00:00,c,c_1
7682,2022-04-09 02:00:00,c,c_1
7683,2022-04-09 03:00:00,c,c_1
7684,2022-04-09 04:00:00,c,c_1
7685,2022-04-09 05:00:00,c,c_1
7686,2022-04-09 06:00:00,c,c_1
7687,2022-04-09 07:00:00,b,b_1
7688,2022-04-09 08:00:00,b,b_1
7689,2022-04-09 09:00:00,b,b_1
7690,2022-04-09 10:00:00,b,b_1
7691,2022-04-09 11:00:00,b,b_1
7692,2022-04-09 12:00:00,b,b_1
7693,2022-04-09 13:00:00,b,b_1
7694,2022-04-09 14:00:00,a,a_0
7695,2022-04-09 15:00:00,b,b_0
7696,2022-04-09 16:00:00,b,b_0
7697,2022-04-09 17:00:00,c,c_1
7698,2022-04-09 18:00:00,c,c_1
7699,2022-04-09 19:00:00,c,c_1
7700,2022-04-09 20:00:00,c,c_1
7701,2022-04-09 21:00:00,c,c_1
7702,2022-04-09 22:00:00,c,c_1
7703,2022-04-09 23:00:00,c,c_1
7704,2022-04-10 00:00:00,c,c_1
7705,2022-04-10 01:00:00,d,d_1
7706,2022-04-10 02:00:00,d,d_1
7707,2022-04-10 03:00:00,d,d_1
7708,2022-04-10 04:00:00,d,d_1
7709,2022-04-10 05:00:00,d,d_1
7710,2022-04-10 06:00:00,d,d_1
7711,2022-04-10 07:00:00,d,d_1
7712,2022-04-10 08:00:00,g,g_1
7713,2022-04-10 09:00:00,g,g_1
7714,2022-04-10 10:00:00,c,c_1
7715,2022-04-10 11:00:00,c,c_1
7716,2022-04-10 12:00:00,c,c_1
7717,2022-04-10 13:00:00,c,c_1
7718,2022-04-10 14:00:00,c,c_1
7719,2022-04-10 15:00:00,c,c_1
7720,2022-04-10 16:00:00,c,c_1
7721,2022-04-10 17:00:00,h,h_1
7722,2022-04-10 18:00:00,h,h_1
7723,2022-04-10 19:00:00,g,g_0
7724,2022-04-10 20:00:00,d,d_0
7725,2022-04-10 21:00:00,d,d_0
7726,2022-04-10 22:00:00,h,h_0
7727,2022-04-10 23:00:00,f,f_1
7728,2022-04-11 00:00:00,f,f_1
7729,2022-04-11 01:00:00,f,f_1
7730,2022-04-11 02:00:00,f,f_1
7731,2022-04-11 03:00:00,f,f_1
7732,2022-04-11 04:00:00,f,f_1
7733,2022-04-11 05:00:00,f,f_1
7734,2022-04-11 06:00:00,a,a_0
7735,2022-04-11 07:00:00,a,a_0
7736,2022-04-11 08:00:00,e,e_1
7737,2022-04-11 09:00:00,e,e_1
7738,2022-04-11 10:00:00,e,e_1
7739,2022-04-11 11:00:00,e,e_1
7740,2022-04-11 12:00:00,e,e_1
7741,2022-04-11 13:00:00,e,e_1
7742,2022-04-11 14:00:00,e,e_1
7743,2022-04-11 15:00:00,f,f_1
7744,2022-04-11 16:00:00,f,f_1
7745,2022-04-11 17:00:00,f,f_1
7746,2022-04-11 18:00:00,f,f_1
7747,2022-04-11 19:00:00,f,f_1
7748,2022-04-11 20:00:00,f,f_1
7749,2022-04-11 21:00:00,f,f_1
7750,2022-04-11 22:00:00,h,h_0
7751,2022-04-11 23:00:00,a,a_1
7752,2022-04-12 00:00:00,a,a_1
7753,2022-04-12 01:00:00,a,a_1
7754,2022-04-12 02:00:00,a,a_1
7755,2022-04-12 03:00:00,a,a_1
7756,2022-04-12 04:00:00,a,a_1
7757,2022-04-12 05:00:00,a,a_1
7758,2022-04-12 06:00:00,b,b_1
7759,2022-04-12 07:00:00,b,b_1
7760,2022-04-12 08:00:00,b,b_1
7761,2022-04-12 09:00:00,b,b_1
7762,2022-04-12 10:00:00,b,b_1
7763,2022-04-12 11:00:00,b,b_1
7764,2022-04-12 12:00:00,b,b_1
7765,2022-04-12 13:00:00,b,b_1
7766,2022-04-12 14:00:00,c,c_1
7767,2022-04-12 15:00:00,c,c_1
7768,2022-04-12 16:00:00,c,c_1
7769,2022-04-12 17:00:00,c,c_1
7770,2022-04-12 18:00:00,c,c_1
7771,2022-04-12 19:00:00,c,c_1
7772,2022-04-12 20:00:00,c,c_1
7773,2022-04-12 21:00:00,e,e_1
7774,2022-04-12 22:00:00,e,e_1
7775,2022-04-12 23:00:00,e,e_1
7776,2022-04-13 00:00:00,e,e_1
7777,2022-04-13 01:00:00,e,e_1
7778,2022-04-13 02:00:00,e,e_1
7779,2022-04-13 03:00:00,e,e_1
7780,2022-04-13 04:00:00,f,f_1
7781,2022-04-13 05:00:00,f,f_1
7782,2022-04-13 06:00:00,f,f_1
7783,2022-04-13 07:00:00,f,f_1
7784,2022-04-13 08:00:00,f,f_1
7785,2022-04-13 09:00:00,f,f_1
7786,2022-04-13 10:00:00,f,f_1
7787,2022-04-13 11:00:00,f,f_1
7788,2022-04-13 12:00:00,b,b_1
7789,2022-04-13 13:00:00,b,b_1
7790,2022-04-13 14:00:00,b,b_1
7791,2022-04-13 15:00:00,b,b_1
7792,2022-04-13 16:00:00,b,b_1
7793,2022-04-13 17:00:00,b,b_1
7794,2022-04-13 18:00:00,b,b_1
7795,2022-04-13 19:00:00,b,b_1
7796,2022-04-13 20:00:00,d,d_0
7797,2022-04-13 21:00:00,c,c_1
7798,2022-04-13 22:00:00,c,c_1
7799,2022-04-13 23:00:00,c,c_1
7800,2022-04-14 00:00:00,c,c_1
7801,2022-04-14 01:00:00,c,c_1
7802,2022-04-14 02:00:00,c,c_1
7803,2022-04-14 03:00:00,c,c_1
7804,2022-04-14 04:00:00,c,c_1
7805,2022-04-14 05:00:00,e,e_0
7806,2022-04-14 06:00:00,g,g_0
7807,2022-04-14 07:00:00,d,d_1
7808,2022-04-14 08:00:00,d,d_1
7809,2022-04-14 09:00:00,d,d_1
7810,2022-04-14 10:00:00,d,d_1
7811,2022-04-14 11:00:00,d,d_1
7812,2022-04-14 12:00:00,d,d_1
7813,2022-04-14 13:00:00,d,d_1
7814,2022-04-14 14:00:00,h,h_1
7815,2022-04-14 15:00:00,h,h_1
7816,2022-04-14 16:00:00,e,e_1
7817,2022-04-14 17:00:00,e,e_1
7818,2022-04-14 18:00:00,e,e_1
7819,2022-04-14 19:00:00,e,e_1
7820,2022-04-14 20:00:00,e,e_1
7821,2022-04-14 21:00:00,e,e_1
7822,2022-04-14 22:00:00,e,e_1
7823,2022-04-14 23:00:00,d,d_0
7824,2022-04-15 00:00:00,f,f_0
7825,2022-04-15 01:00:00,f,f_0
7826,2022-04-15 02:00:00,c,c_0
7827,2022-04-15 03:00:00,c,c_0
7828,2022-04-15 04:00:00,b,b_0
7829,2022-04-15 05:00:00,b,b_0
7830,2022-04-15 06:00:00,g,g_0
7831,2022-04-15 07:00:00,f,f_1
7832,2022-04-15 08:00:00,f,f_1
7833,2022-04-15 09:00:00,f,f_1
7834,2022-04-15 10:00:00,f,f_1
7835,2022-04-15 11:00:00,f,f_1
7836,2022-04-15 12:00:00,f,f_1
7837,2022-04-15 13:00:00,f,f_1
7838,2022-04-15 14:00:00,f,f_1
7839,2022-04-15 15:00:00,e,e_1
7840,2022-04-15 16:00:00,e,e_1
7841,2022-04-15 17:00:00,e,e_1
7842,2022-04-15 18:00:00,e,e_1
7843,2022-04-15 19:00:00,e,e_1
7844,2022-04-15 20:00:00,e,e_1
7845,2022-04-15 21:00:00,e,e_1
7846,2022-04-15 22:00:00,h,h_0
7847,2022-04-15 23:00:00,f,f_1
7848,2022-04-16 00:00:00,f,f_1
7849,2022-04-16 01:00:00,f,f_1
7850,2022-04-16 02:00:00,f,f_1
7851,2022-04-16 03:00:00,f,f_1
7852,2022-04-16 04:00:00,f,f_1
7853,2022-04-16 05:00:00,f,f_1
7854,2022-04-16 06:00:00,f,f_1
7855,2022-04-16 07:00:00,b,b_0
7856,2022-04-16 08:00:00,b,b_0
7857,2022-04-16 09:00:00,f,f_0
7858,2022-04-16 10:00:00,e,e_0
7859,2022-04-16 11:00:00,e,e_0
7860,2022-04-16 12:00:00,h,h_0
7861,2022-04-16 13:00:00,f,f_1
7862,2022-04-16 14:00:00,f,f_1
7863,2022-04-16 15:00:00,f,f_1
7864,2022-04-16 16:00:00,f,f_1
7865,2022-04-16 17:00:00,f,f_1
7866,2022-04-16 18:00:00,f,f_1
7867,2022-04-16 19:00:00,f,f_1
7868,2022-04-16 20:00:00,g,g_0
7869,2022-04-16 21:00:00,d,d_0
7870,2022-04-16 22:00:00,h,h_0
7871,2022-04-16 23:00:00,e,e_1
7872,2022-04-17 00:00:00,e,e_1
7873,2022-04-17 01:00:00,e,e_1
7874,2022-04-17 02:00:00,e,e_1
7875,2022-04-17 03:00:00,e,e_1
7876,2022-04-17 04:00:00,e,e_1
7877,2022-04-17 05:00:00,e,e_1
7878,2022-04-17 06:00:00,f,f_1
7879,2022-04-17 07:00:00,f,f_1
7880,2022-04-17 08:00:00,f,f_1
7881,2022-04-17 09:00:00,f,f_1
7882,2022-04-17 10:00:00,f,f_1
7883,2022-04-17 11:00:00,f,f_1
7884,2022-04-17 12:00:00,f,f_1
7885,2022-04-17 13:00:00,f,f_1
7886,2022-04-17 14:00:00,a,a_0
7887,2022-04-17 15:00:00,e,e_1
7888,2022-04-17 16:00:00,e,e_1
7889,2022-04-17 17:00:00,e,e_1
7890,2022-04-17 18:00:00,e,e_1
7891,2022-04-17 19:00:00,e,e_1
7892,2022-04-17 20:00:00,e,e_1
7893,2022-04-17 21:00:00,e,e_1
7894,2022-04-17 22:00:00,e,e_1
7895,2022-04-17 23:00:00,b,b_0
7896,2022-04-18 00:00:00,b,b_0
7897,2022-04-18 01:00:00,c,c_0
7898,2022-04-18 02:00:00,h,h_1
7899,2022-04-18 03:00:00,h,h_1
7900,2022-04-18 04:00:00,f,f_1
7901,2022-04-18 05:00:00,f,f_1
7902,2022-04-18 06:00:00,f,f_1
7903,2022-04-18 07:00:00,f,f_1
7904,2022-04-18 08:00:00,f,f_1
7905,2022-04-18 09:00:00,f,f_1
7906,2022-04-18 10:00:00,f,f_1
7907,2022-04-18 11:00:00,f,f_1
7908,2022-04-18 12:00:00,h,h_0
7909,2022-04-18 13:00:00,c,c_0
7910,2022-04-18 14:00:00,c,c_0
7911,2022-04-18 15:00:00,e,e_0
7912,2022-04-18 16:00:00,e,e_0
7913,2022-04-18 17:00:00,h,h_0
7914,2022-04-18 18:00:00,d,d_1
7915,2022-04-18 19:00:00,d,d_1
7916,2022-04-18 20:00:00,d,d_1
7917,2022-04-18 21:00:00,d,d_1
7918,2022-04-18 22:00:00,d,d_1
7919,2022-04-18 23:00:00,d,d_1
7920,2022-04-19 00:00:00,d,d_1
7921,2022-04-19 01:00:00,b,b_1
7922,2022-04-19 02:00:00,b,b_1
7923,2022-04-19 03:00:00,b,b_1
7924,2022-04-19 04:00:00,b,b_1
7925,2022-04-19 05:00:00,b,b_1
7926,2022-04-19 06:00:00,b,b_1
7927,2022-04-19 07:00:00,b,b_1
7928,2022-04-19 08:00:00,c,c_1
7929,2022-04-19 09:00:00,c,c_1
7930,2022-04-19 10:00:00,c,c_1
7931,2022-04-19 11:00:00,c,c_1
7932,2022-04-19 12:00:00,c,c_1
7933,2022-04-19 13:00:00,c,c_1
7934,2022-04-19 14:00:00,c,c_1
7935,2022-04-19 15:00:00,c,c_1
7936,2022-04-19 16:00:00,f,f_0
7937,2022-04-19 17:00:00,f,f_0
7938,2022-04-19 18:00:00,g,g_0
7939,2022-04-19 19:00:00,c,c_1
7940,2022-04-19 20:00:00,c,c_1
7941,2022-04-19 21:00:00,c,c_1
7942,2022-04-19 22:00:00,c,c_1
7943,2022-04-19 23:00:00,c,c_1
7944,2022-04-20 00:00:00,c,c_1
7945,2022-04-20 01:00:00,c,c_1
7946,2022-04-20 02:00:00,c,c_1
7947,2022-04-20 03:00:00,d,d_0
7948,2022-04-20 04:00:00,g,g_0
7949,2022-04-20 05:00:00,f,f_0
7950,2022-04-20 06:00:00,f,f_0
7951,2022-04-20 07:00:00,c,c_1
7952,2022-04-20 08:00:00,c,c_1
7953,2022-04-20 09:00:00,c,c_1
7954,2022-04-20 10:00:00,c,c_1
7955,2022-04-20 11:00:00,c,c_1
7956,2022-04-20 12:00:00,c,c_1
7957,2022-04-20 13:00:00,c,c_1
7958,2022-04-20 14:00:00,c,c_1
7959,2022-04-20 15:00:00,e,e_0
7960,2022-04-20 16:00:00,e,e_0
7961,2022-04-20 17:00:00,h,h_1
7962,2022-04-20 18:00:00,h,h_1
7963,2022-04-20 19:00:00,b,b_0
7964,2022-04-20 20:00:00,b,b_0
7965,2022-04-20 21:00:00,c,c_0
7966,2022-04-20 22:00:00,c,c_0
7967,2022-04-20 23:00:00,f,f_0
7968,2022-04-21 00:00:00,g,g_0
7969,2022-04-21 01:00:00,a,a_0
7970,2022-04-21 02:00:00,e,e_0
7971,2022-04-21 03:00:00,e,e_0
7972,2022-04-21 04:00:00,f,f_0
7973,2022-04-21 05:00:00,h,h_0
7974,2022-04-21 06:00:00,e,e_1
7975,2022-04-21 07:00:00,e,e_1
7976,2022-04-21 08:00:00,e,e_1
7977,2022-04-21 09:00:00,e,e_1
7978,2022-04-21 10:00:00,e,e_1
7979,2022-04-21 11:00:00,e,e_1
7980,2022-04-21 12:00:00,e,e_1
7981,2022-04-21 13:00:00,f,f_1
7982,2022-04-21 14:00:00,f,f_1
7983,2022-04-21 15:00:00,f,f_1
7984,2022-04-21 16:00:00,f,f_1
7985,2022-04-21 17:00:00,f,f_1
7986,2022-04-21 18:00:00,f,f_1
7987,2022-04-21 19:00:00,f,f_1
7988,2022-04-21 20:00:00,c,c_1
7989,2022-04-21 21:00:00,c,c_1
7990,2022-04-21 22:00:00,c,c_1
7991,2022-04-21 23:00:00,c,c_1
7992,2022-04-22 00:00:00,c,c_1
7993,2022-04-22 01:00:00,c,c_1
7994,2022-04-22 02:00:00,c,c_1
7995,2022-04-22 03:00:00,b,b_1
7996,2022-04-22 04:00:00,b,b_1
7997,2022-04-22 05:00:00,b,b_1
7998,2022-04-22 06:00:00,b,b_1
7999,2022-04-22 07:00:00,b,b_1
8000,2022-04-22 08:00:00,b,b_1
8001,2022-04-22 09:00:00,b,b_1
8002,2022-04-22 10:00:00,c,c_1
8003,2022-04-22 11:00:00,c,c_1
8004,2022-04-22 12:00:00,c,c_1
8005,2022-04-22 13:00:00,c,c_1
8006,2022-04-22 14:00:00,c,c_1
8007,2022-04-22 15:00:00,c,c_1
8008,2022-04-22 16:00:00,c,c_1
8009,2022-04-22 17:00:00,c,c_1
8010,2022-04-22 18:00:00,f,f_1
8011,2022-04-22 19:00:00,f,f_1
8012,2022-04-22 20:00:00,f,f_1
8013,2022-04-22 21:00:00,f,f_1
8014,2022-04-22 22:00:00,f,f_1
8015,2022-04-22 23:00:00,f,f_1
8016,2022-04-23 00:00:00,f,f_1
8017,2022-04-23 01:00:00,f,f_1
8018,2022-04-23 02:00:00,d,d_0
8019,2022-04-23 03:00:00,d,d_0
8020,2022-04-23 04:00:00,b,b_0
8021,2022-04-23 05:00:00,b,b_0
8022,2022-04-23 06:00:00,f,f_1
8023,2022-04-23 07:00:00,f,f_1
8024,2022-04-23 08:00:00,f,f_1
8025,2022-04-23 09:00:00,f,f_1
8026,2022-04-23 10:00:00,f,f_1
8027,2022-04-23 11:00:00,f,f_1
8028,2022-04-23 12:00:00,f,f_1
8029,2022-04-23 13:00:00,f,f_1
8030,2022-04-23 14:00:00,c,c_1
8031,2022-04-23 15:00:00,c,c_1
8032,2022-04-23 16:00:00,c,c_1
8033,2022-04-23 17:00:00,c,c_1
8034,2022-04-23 18:00:00,c,c_1
8035,2022-04-23 19:00:00,c,c_1
8036,2022-04-23 20:00:00,c,c_1
8037,2022-04-23 21:00:00,b,b_1
8038,2022-04-23 22:00:00,b,b_1
8039,2022-04-23 23:00:00,b,b_1
8040,2022-04-24 00:00:00,b,b_1
8041,2022-04-24 01:00:00,b,b_1
8042,2022-04-24 02:00:00,b,b_1
8043,2022-04-24 03:00:00,b,b_1
8044,2022-04-24 04:00:00,d,d_0
8045,2022-04-24 05:00:00,h,h_0
8046,2022-04-24 06:00:00,a,a_0
8047,2022-04-24 07:00:00,b,b_0
8048,2022-04-24 08:00:00,b,b_0
8049,2022-04-24 09:00:00,g,g_0
8050,2022-04-24 10:00:00,e,e_1
8051,2022-04-24 11:00:00,e,e_1
8052,2022-04-24 12:00:00,e,e_1
8053,2022-04-24 13:00:00,e,e_1
8054,2022-04-24 14:00:00,e,e_1
8055,2022-04-24 15:00:00,e,e_1
8056,2022-04-24 16:00:00,e,e_1
8057,2022-04-24 17:00:00,f,f_1
8058,2022-04-24 18:00:00,f,f_1
8059,2022-04-24 19:00:00,f,f_1
8060,2022-04-24 20:00:00,f,f_1
8061,2022-04-24 21:00:00,f,f_1
8062,2022-04-24 22:00:00,f,f_1
8063,2022-04-24 23:00:00,f,f_1
8064,2022-04-25 00:00:00,f,f_1
8065,2022-04-25 01:00:00,h,h_0
8066,2022-04-25 02:00:00,b,b_0
8067,2022-04-25 03:00:00,b,b_0
8068,2022-04-25 04:00:00,a,a_0
8069,2022-04-25 05:00:00,h,h_1
8070,2022-04-25 06:00:00,h,h_1
8071,2022-04-25 07:00:00,c,c_0
8072,2022-04-25 08:00:00,c,c_0
8073,2022-04-25 09:00:00,e,e_0
8074,2022-04-25 10:00:00,f,f_0
8075,2022-04-25 11:00:00,g,g_0
8076,2022-04-25 12:00:00,d,d_1
8077,2022-04-25 13:00:00,d,d_1
8078,2022-04-25 14:00:00,d,d_1
8079,2022-04-25 15:00:00,d,d_1
8080,2022-04-25 16:00:00,d,d_1
8081,2022-04-25 17:00:00,d,d_1
8082,2022-04-25 18:00:00,d,d_1
8083,2022-04-25 19:00:00,d,d_1
8084,2022-04-25 20:00:00,h,h_0
8085,2022-04-25 21:00:00,a,a_1
8086,2022-04-25 22:00:00,a,a_1
8087,2022-04-25 23:00:00,a,a_1
8088,2022-04-26 00:00:00,a,a_1
8089,2022-04-26 01:00:00,a,a_1
8090,2022-04-26 02:00:00,a,a_1
8091,2022-04-26 03:00:00,a,a_1
8092,2022-04-26 04:00:00,a,a_1
8093,2022-04-26 05:00:00,e,e_1
8094,2022-04-26 06:00:00,e,e_1
8095,2022-04-26 07:00:00,e,e_1
8096,2022-04-26 08:00:00,e,e_1
8097,2022-04-26 09:00:00,e,e_1
8098,2022-04-26 10:00:00,e,e_1
8099,2022-04-26 11:00:00,e,e_1
8100,2022-04-26 12:00:00,e,e_1
8101,2022-04-26 13:00:00,f,f_1
8102,2022-04-26 14:00:00,f,f_1
8103,2022-04-26 15:00:00,f,f_1
8104,2022-04-26 16:00:00,f,f_1
8105,2022-04-26 17:00:00,f,f_1
8106,2022-04-26 18:00:00,f,f_1
8107,2022-04-26 19:00:00,f,f_1
8108,2022-04-26 20:00:00,d,d_1
8109,2022-04-26 21:00:00,d,d_1
8110,2022-04-26 22:00:00,d,d_1
8111,2022-04-26 23:00:00,d,d_1
8112,2022-04-27 00:00:00,d,d_1
8113,2022-04-27 01:00:00,d,d_1
8114,2022-04-27 02:00:00,d,d_1
8115,2022-04-27 03:00:00,g,g_1
8116,2022-04-27 04:00:00,g,g_1
8117,2022-04-27 05:00:00,c,c_1
8118,2022-04-27 06:00:00,c,c_1
8119,2022-04-27 07:00:00,c,c_1
8120,2022-04-27 08:00:00,c,c_1
8121,2022-04-27 09:00:00,c,c_1
8122,2022-04-27 10:00:00,c,c_1
8123,2022-04-27 11:00:00,c,c_1
8124,2022-04-27 12:00:00,f,f_1
8125,2022-04-27 13:00:00,f,f_1
8126,2022-04-27 14:00:00,f,f_1
8127,2022-04-27 15:00:00,f,f_1
8128,2022-04-27 16:00:00,f,f_1
8129,2022-04-27 17:00:00,f,f_1
8130,2022-04-27 18:00:00,f,f_1
8131,2022-04-27 19:00:00,f,f_1
8132,2022-04-27 20:00:00,g,g_1
8133,2022-04-27 21:00:00,g,g_1
8134,2022-04-27 22:00:00,c,c_0
8135,2022-04-27 23:00:00,d,d_1
8136,2022-04-28 00:00:00,d,d_1
8137,2022-04-28 01:00:00,d,d_1
8138,2022-04-28 02:00:00,d,d_1
8139,2022-04-28 03:00:00,d,d_1
8140,2022-04-28 04:00:00,d,d_1
8141,2022-04-28 05:00:00,d,d_1
8142,2022-04-28 06:00:00,d,d_1
8143,2022-04-28 07:00:00,h,h_1
8144,2022-04-28 08:00:00,h,h_1
8145,2022-04-28 09:00:00,b,b_0
8146,2022-04-28 10:00:00,b,b_0
8147,2022-04-28 11:00:00,g,g_1
8148,2022-04-28 12:00:00,g,g_1
8149,2022-04-28 13:00:00,h,h_1
8150,2022-04-28 14:00:00,h,h_1
8151,2022-04-28 15:00:00,b,b_1
8152,2022-04-28 16:00:00,b,b_1
8153,2022-04-28 17:00:00,b,b_1
8154,2022-04-28 18:00:00,b,b_1
8155,2022-04-28 19:00:00,b,b_1
8156,2022-04-28 20:00:00,b,b_1
8157,2022-04-28 21:00:00,b,b_1
8158,2022-04-28 22:00:00,c,c_1
8159,2022-04-28 23:00:00,c,c_1
8160,2022-04-29 00:00:00,c,c_1
8161,2022-04-29 01:00:00,c,c_1
8162,2022-04-29 02:00:00,c,c_1
8163,2022-04-29 03:00:00,c,c_1
8164,2022-04-29 04:00:00,c,c_1
8165,2022-04-29 05:00:00,d,d_0
8166,2022-04-29 06:00:00,g,g_0
8167,2022-04-29 07:00:00,h,h_1
8168,2022-04-29 08:00:00,h,h_1
8169,2022-04-29 09:00:00,e,e_1
8170,2022-04-29 10:00:00,e,e_1
8171,2022-04-29 11:00:00,e,e_1
8172,2022-04-29 12:00:00,e,e_1
8173,2022-04-29 13:00:00,e,e_1
8174,2022-04-29 14:00:00,e,e_1
8175,2022-04-29 15:00:00,e,e_1
8176,2022-04-29 16:00:00,e,e_1
8177,2022-04-29 17:00:00,a,a_0
8178,2022-04-29 18:00:00,a,a_0
8179,2022-04-29 19:00:00,f,f_1
8180,2022-04-29 20:00:00,f,f_1
8181,2022-04-29 21:00:00,f,f_1
8182,2022-04-29 22:00:00,f,f_1
8183,2022-04-29 23:00:00,f,f_1
8184,2022-04-30 00:00:00,f,f_1
8185,2022-04-30 01:00:00,f,f_1
8186,2022-04-30 02:00:00,f,f_1
8187,2022-04-30 03:00:00,b,b_0
8188,2022-04-30 04:00:00,b,b_0
8189,2022-04-30 05:00:00,c,c_0
8190,2022-04-30 06:00:00,c,c_0
8191,2022-04-30 07:00:00,d,d_1
8192,2022-04-30 08:00:00,d,d_1
8193,2022-04-30 09:00:00,d,d_1
8194,2022-04-30 10:00:00,d,d_1
8195,2022-04-30 11:00:00,d,d_1
8196,2022-04-30 12:00:00,d,d_1
8197,2022-04-30 13:00:00,d,d_1
8198,2022-04-30 14:00:00,f,f_1
8199,2022-04-30 15:00:00,f,f_1
8200,2022-04-30 16:00:00,f,f_1
8201,2022-04-30 17:00:00,f,f_1
8202,2022-04-30 18:00:00,f,f_1
8203,2022-04-30 19:00:00,f,f_1
8204,2022-04-30 20:00:00,f,f_1
8205,2022-04-30 21:00:00,f,f_1
8206,2022-04-30 22:00:00,e,e_1
8207,2022-04-30 23:00:00,e,e_1
8208,2022-05-01 00:00:00,e,e_1
8209,2022-05-01 01:00:00,e,e_1
8210,2022-05-01 02:00:00,e,e_1
8211,2022-05-01 03:00:00,e,e_1
8212,2022-05-01 04:00:00,e,e_1
8213,2022-05-01 05:00:00,e,e_1
8214,2022-05-01 06:00:00,b,b_0
8215,2022-05-01 07:00:00,c,c_0
8216,2022-05-01 08:00:00,f,f_1
8217,2022-05-01 09:00:00,f,f_1
8218,2022-05-01 10:00:00,f,f_1
8219,2022-05-01 11:00:00,f,f_1
8220,2022-05-01 12:00:00,f,f_1
8221,2022-05-01 13:00:00,f,f_1
8222,2022-05-01 14:00:00,f,f_1
8223,2022-05-01 15:00:00,f,f_1
8224,2022-05-01 16:00:00,h,h_0
8225,2022-05-01 17:00:00,b,b_1
8226,2022-05-01 18:00:00,b,b_1
8227,2022-05-01 19:00:00,b,b_1
8228,2022-05-01 20:00:00,b,b_1
8229,2022-05-01 21:00:00,b,b_1
8230,2022-05-01 22:00:00,b,b_1
8231,2022-05-01 23:00:00,b,b_1
8232,2022-05-02 00:00:00,a,a_1
8233,2022-05-02 01:00:00,a,a_1
8234,2022-05-02 02:00:00,a,a_1
8235,2022-05-02 03:00:00,a,a_1
8236,2022-05-02 04:00:00,a,a_1
8237,2022-05-02 05:00:00,a,a_1
8238,2022-05-02 06:00:00,a,a_1
8239,2022-05-02 07:00:00,h,h_0
8240,2022-05-02 08:00:00,c,c_1
8241,2022-05-02 09:00:00,c,c_1
8242,2022-05-02 10:00:00,c,c_1
8243,2022-05-02 11:00:00,c,c_1
8244,2022-05-02 12:00:00,c,c_1
8245,2022-05-02 13:00:00,c,c_1
8246,2022-05-02 14:00:00,c,c_1
8247,2022-05-02 15:00:00,b,b_1
8248,2022-05-02 16:00:00,b,b_1
8249,2022-05-02 17:00:00,b,b_1
8250,2022-05-02 18:00:00,b,b_1
8251,2022-05-02 19:00:00,b,b_1
8252,2022-05-02 20:00:00,b,b_1
8253,2022-05-02 21:00:00,b,b_1
8254,2022-05-02 22:00:00,h,h_0
8255,2022-05-02 23:00:00,e,e_0
8256,2022-05-03 00:00:00,a,a_1
8257,2022-05-03 01:00:00,a,a_1
8258,2022-05-03 02:00:00,a,a_1
8259,2022-05-03 03:00:00,a,a_1
8260,2022-05-03 04:00:00,a,a_1
8261,2022-05-03 05:00:00,a,a_1
8262,2022-05-03 06:00:00,a,a_1
8263,2022-05-03 07:00:00,c,c_1
8264,2022-05-03 08:00:00,c,c_1
8265,2022-05-03 09:00:00,c,c_1
8266,2022-05-03 10:00:00,c,c_1
8267,2022-05-03 11:00:00,c,c_1
8268,2022-05-03 12:00:00,c,c_1
8269,2022-05-03 13:00:00,c,c_1
8270,2022-05-03 14:00:00,f,f_0
8271,2022-05-03 15:00:00,f,f_0
8272,2022-05-03 16:00:00,a,a_1
8273,2022-05-03 17:00:00,a,a_1
8274,2022-05-03 18:00:00,a,a_1
8275,2022-05-03 19:00:00,a,a_1
8276,2022-05-03 20:00:00,a,a_1
8277,2022-05-03 21:00:00,a,a_1
8278,2022-05-03 22:00:00,a,a_1
8279,2022-05-03 23:00:00,a,a_1
8280,2022-05-04 00:00:00,b,b_1
8281,2022-05-04 01:00:00,b,b_1
8282,2022-05-04 02:00:00,b,b_1
8283,2022-05-04 03:00:00,b,b_1
8284,2022-05-04 04:00:00,b,b_1
8285,2022-05-04 05:00:00,b,b_1
8286,2022-05-04 06:00:00,b,b_1
8287,2022-05-04 07:00:00,b,b_1
8288,2022-05-04 08:00:00,a,a_0
8289,2022-05-04 09:00:00,a,a_0
8290,2022-05-04 10:00:00,b,b_1
8291,2022-05-04 11:00:00,b,b_1
8292,2022-05-04 12:00:00,b,b_1
8293,2022-05-04 13:00:00,b,b_1
8294,2022-05-04 14:00:00,b,b_1
8295,2022-05-04 15:00:00,b,b_1
8296,2022-05-04 16:00:00,b,b_1
8297,2022-05-04 17:00:00,c,c_1
8298,2022-05-04 18:00:00,c,c_1
8299,2022-05-04 19:00:00,c,c_1
8300,2022-05-04 20:00:00,c,c_1
8301,2022-05-04 21:00:00,c,c_1
8302,2022-05-04 22:00:00,c,c_1
8303,2022-05-04 23:00:00,c,c_1
8304,2022-05-05 00:00:00,c,c_1
8305,2022-05-05 01:00:00,b,b_0
8306,2022-05-05 02:00:00,c,c_1
8307,2022-05-05 03:00:00,c,c_1
8308,2022-05-05 04:00:00,c,c_1
8309,2022-05-05 05:00:00,c,c_1
8310,2022-05-05 06:00:00,c,c_1
8311,2022-05-05 07:00:00,c,c_1
8312,2022-05-05 08:00:00,c,c_1
8313,2022-05-05 09:00:00,c,c_1
8314,2022-05-05 10:00:00,d,d_0
8315,2022-05-05 11:00:00,b,b_0
8316,2022-05-05 12:00:00,e,e_1
8317,2022-05-05 13:00:00,e,e_1
8318,2022-05-05 14:00:00,e,e_1
8319,2022-05-05 15:00:00,e,e_1
8320,2022-05-05 16:00:00,e,e_1
8321,2022-05-05 17:00:00,e,e_1
8322,2022-05-05 18:00:00,e,e_1
8323,2022-05-05 19:00:00,e,e_1
8324,2022-05-05 20:00:00,c,c_0
8325,2022-05-05 21:00:00,f,f_0
8326,2022-05-05 22:00:00,c,c_0
8327,2022-05-05 23:00:00,c,c_0
8328,2022-05-06 00:00:00,b,b_0
8329,2022-05-06 01:00:00,d,d_1
8330,2022-05-06 02:00:00,d,d_1
8331,2022-05-06 03:00:00,d,d_1
8332,2022-05-06 04:00:00,d,d_1
8333,2022-05-06 05:00:00,d,d_1
8334,2022-05-06 06:00:00,d,d_1
8335,2022-05-06 07:00:00,d,d_1
8336,2022-05-06 08:00:00,d,d_1
8337,2022-05-06 09:00:00,b,b_1
8338,2022-05-06 10:00:00,b,b_1
8339,2022-05-06 11:00:00,b,b_1
8340,2022-05-06 12:00:00,b,b_1
8341,2022-05-06 13:00:00,b,b_1
8342,2022-05-06 14:00:00,b,b_1
8343,2022-05-06 15:00:00,b,b_1
8344,2022-05-06 16:00:00,d,d_1
8345,2022-05-06 17:00:00,d,d_1
8346,2022-05-06 18:00:00,d,d_1
8347,2022-05-06 19:00:00,d,d_1
8348,2022-05-06 20:00:00,d,d_1
8349,2022-05-06 21:00:00,d,d_1
8350,2022-05-06 22:00:00,d,d_1
8351,2022-05-06 23:00:00,d,d_1
8352,2022-05-07 00:00:00,c,c_0
8353,2022-05-07 01:00:00,c,c_0
8354,2022-05-07 02:00:00,e,e_1
8355,2022-05-07 03:00:00,e,e_1
8356,2022-05-07 04:00:00,e,e_1
8357,2022-05-07 05:00:00,e,e_1
8358,2022-05-07 06:00:00,e,e_1
8359,2022-05-07 07:00:00,e,e_1
8360,2022-05-07 08:00:00,e,e_1
8361,2022-05-07 09:00:00,d,d_1
8362,2022-05-07 10:00:00,d,d_1
8363,2022-05-07 11:00:00,d,d_1
8364,2022-05-07 12:00:00,d,d_1
8365,2022-05-07 13:00:00,d,d_1
8366,2022-05-07 14:00:00,d,d_1
8367,2022-05-07 15:00:00,d,d_1
8368,2022-05-07 16:00:00,g,g_1
8369,2022-05-07 17:00:00,g,g_1
8370,2022-05-07 18:00:00,a,a_0
8371,2022-05-07 19:00:00,d,d_0
8372,2022-05-07 20:00:00,h,h_0
8373,2022-05-07 21:00:00,d,d_1
8374,2022-05-07 22:00:00,d,d_1
8375,2022-05-07 23:00:00,d,d_1
8376,2022-05-08 00:00:00,d,d_1
8377,2022-05-08 01:00:00,d,d_1
8378,2022-05-08 02:00:00,d,d_1
8379,2022-05-08 03:00:00,d,d_1
8380,2022-05-08 04:00:00,d,d_1
8381,2022-05-08 05:00:00,e,e_1
8382,2022-05-08 06:00:00,e,e_1
8383,2022-05-08 07:00:00,e,e_1
8384,2022-05-08 08:00:00,e,e_1
8385,2022-05-08 09:00:00,e,e_1
8386,2022-05-08 10:00:00,e,e_1
8387,2022-05-08 11:00:00,e,e_1
8388,2022-05-08 12:00:00,e,e_1
8389,2022-05-08 13:00:00,a,a_0
8390,2022-05-08 14:00:00,g,g_1
8391,2022-05-08 15:00:00,g,g_1
8392,2022-05-08 16:00:00,b,b_0
8393,2022-05-08 17:00:00,b,b_0
8394,2022-05-08 18:00:00,h,h_0
8395,2022-05-08 19:00:00,b,b_0
8396,2022-05-08 20:00:00,b,b_0
8397,2022-05-08 21:00:00,f,f_1
8398,2022-05-08 22:00:00,f,f_1
8399,2022-05-08 23:00:00,f,f_1
8400,2022-05-09 00:00:00,f,f_1
8401,2022-05-09 01:00:00,f,f_1
8402,2022-05-09 02:00:00,f,f_1
8403,2022-05-09 03:00:00,f,f_1
8404,2022-05-09 04:00:00,f,f_1
8405,2022-05-09 05:00:00,a,a_1
8406,2022-05-09 06:00:00,a,a_1
8407,2022-05-09 07:00:00,a,a_1
8408,2022-05-09 08:00:00,a,a_1
8409,2022-05-09 09:00:00,a,a_1
8410,2022-05-09 10:00:00,a,a_1
8411,2022-05-09 11:00:00,a,a_1
8412,2022-05-09 12:00:00,c,c_0
8413,2022-05-09 13:00:00,c,c_0
8414,2022-05-09 14:00:00,g,g_0
8415,2022-05-09 15:00:00,b,b_1
8416,2022-05-09 16:00:00,b,b_1
8417,2022-05-09 17:00:00,b,b_1
8418,2022-05-09 18:00:00,b,b_1
8419,2022-05-09 19:00:00,b,b_1
8420,2022-05-09 20:00:00,b,b_1
8421,2022-05-09 21:00:00,b,b_1
8422,2022-05-09 22:00:00,b,b_1
8423,2022-05-09 23:00:00,h,h_0
8424,2022-05-10 00:00:00,f,f_1
8425,2022-05-10 01:00:00,f,f_1
8426,2022-05-10 02:00:00,f,f_1
8427,2022-05-10 03:00:00,f,f_1
8428,2022-05-10 04:00:00,f,f_1
8429,2022-05-10 05:00:00,f,f_1
8430,2022-05-10 06:00:00,f,f_1
8431,2022-05-10 07:00:00,h,h_1
8432,2022-05-10 08:00:00,h,h_1
8433,2022-05-10 09:00:00,c,c_1
8434,2022-05-10 10:00:00,c,c_1
8435,2022-05-10 11:00:00,c,c_1
8436,2022-05-10 12:00:00,c,c_1
8437,2022-05-10 13:00:00,c,c_1
8438,2022-05-10 14:00:00,c,c_1
8439,2022-05-10 15:00:00,c,c_1
8440,2022-05-10 16:00:00,a,a_1
8441,2022-05-10 17:00:00,a,a_1
8442,2022-05-10 18:00:00,a,a_1
8443,2022-05-10 19:00:00,a,a_1
8444,2022-05-10 20:00:00,a,a_1
8445,2022-05-10 21:00:00,a,a_1
8446,2022-05-10 22:00:00,a,a_1
8447,2022-05-10 23:00:00,a,a_1
8448,2022-05-11 00:00:00,d,d_1
8449,2022-05-11 01:00:00,d,d_1
8450,2022-05-11 02:00:00,d,d_1
8451,2022-05-11 03:00:00,d,d_1
8452,2022-05-11 04:00:00,d,d_1
8453,2022-05-11 05:00:00,d,d_1
8454,2022-05-11 06:00:00,d,d_1
8455,2022-05-11 07:00:00,e,e_1
8456,2022-05-11 08:00:00,e,e_1
8457,2022-05-11 09:00:00,e,e_1
8458,2022-05-11 10:00:00,e,e_1
8459,2022-05-11 11:00:00,e,e_1
8460,2022-05-11 12:00:00,e,e_1
8461,2022-05-11 13:00:00,e,e_1
8462,2022-05-11 14:00:00,b,b_1
8463,2022-05-11 15:00:00,b,b_1
8464,2022-05-11 16:00:00,b,b_1
8465,2022-05-11 17:00:00,b,b_1
8466,2022-05-11 18:00:00,b,b_1
8467,2022-05-11 19:00:00,b,b_1
8468,2022-05-11 20:00:00,b,b_1
8469,2022-05-11 21:00:00,c,c_0
8470,2022-05-11 22:00:00,g,g_1
8471,2022-05-11 23:00:00,g,g_1
8472,2022-05-12 00:00:00,f,f_1
8473,2022-05-12 01:00:00,f,f_1
8474,2022-05-12 02:00:00,f,f_1
8475,2022-05-12 03:00:00,f,f_1
8476,2022-05-12 04:00:00,f,f_1
8477,2022-05-12 05:00:00,f,f_1
8478,2022-05-12 06:00:00,f,f_1
8479,2022-05-12 07:00:00,e,e_1
8480,2022-05-12 08:00:00,e,e_1
8481,2022-05-12 09:00:00,e,e_1
8482,2022-05-12 10:00:00,e,e_1
8483,2022-05-12 11:00:00,e,e_1
8484,2022-05-12 12:00:00,e,e_1
8485,2022-05-12 13:00:00,e,e_1
8486,2022-05-12 14:00:00,e,e_1
8487,2022-05-12 15:00:00,f,f_1
8488,2022-05-12 16:00:00,f,f_1
8489,2022-05-12 17:00:00,f,f_1
8490,2022-05-12 18:00:00,f,f_1
8491,2022-05-12 19:00:00,f,f_1
8492,2022-05-12 20:00:00,f,f_1
8493,2022-05-12 21:00:00,f,f_1
8494,2022-05-12 22:00:00,f,f_1
8495,2022-05-12 23:00:00,c,c_0
8496,2022-05-13 00:00:00,c,c_0
8497,2022-05-13 01:00:00,h,h_0
8498,2022-05-13 02:00:00,f,f_1
8499,2022-05-13 03:00:00,f,f_1
8500,2022-05-13 04:00:00,f,f_1
8501,2022-05-13 05:00:00,f,f_1
8502,2022-05-13 06:00:00,f,f_1
8503,2022-05-13 07:00:00,f,f_1
8504,2022-05-13 08:00:00,f,f_1
8505,2022-05-13 09:00:00,d,d_1
8506,2022-05-13 10:00:00,d,d_1
8507,2022-05-13 11:00:00,d,d_1
8508,2022-05-13 12:00:00,d,d_1
8509,2022-05-13 13:00:00,d,d_1
8510,2022-05-13 14:00:00,d,d_1
8511,2022-05-13 15:00:00,d,d_1
8512,2022-05-13 16:00:00,d,d_1
8513,2022-05-13 17:00:00,a,a_1
8514,2022-05-13 18:00:00,a,a_1
8515,2022-05-13 19:00:00,a,a_1
8516,2022-05-13 20:00:00,a,a_1
8517,2022-05-13 21:00:00,a,a_1
8518,2022-05-13 22:00:00,a,a_1
8519,2022-05-13 23:00:00,a,a_1
8520,2022-05-14 00:00:00,a,a_1
8521,2022-05-14 01:00:00,d,d_0
8522,2022-05-14 02:00:00,b,b_0
8523,2022-05-14 03:00:00,b,b_0
8524,2022-05-14 04:00:00,h,h_1
8525,2022-05-14 05:00:00,h,h_1
8526,2022-05-14 06:00:00,e,e_1
8527,2022-05-14 07:00:00,e,e_1
8528,2022-05-14 08:00:00,e,e_1
8529,2022-05-14 09:00:00,e,e_1
8530,2022-05-14 10:00:00,e,e_1
8531,2022-05-14 11:00:00,e,e_1
8532,2022-05-14 12:00:00,e,e_1
8533,2022-05-14 13:00:00,e,e_1
8534,2022-05-14 14:00:00,d,d_1
8535,2022-05-14 15:00:00,d,d_1
8536,2022-05-14 16:00:00,d,d_1
8537,2022-05-14 17:00:00,d,d_1
8538,2022-05-14 18:00:00,d,d_1
8539,2022-05-14 19:00:00,d,d_1
8540,2022-05-14 20:00:00,d,d_1
8541,2022-05-14 21:00:00,d,d_1
8542,2022-05-14 22:00:00,f,f_0
8543,2022-05-14 23:00:00,f,f_0
8544,2022-05-15 00:00:00,g,g_1
8545,2022-05-15 01:00:00,g,g_1
8546,2022-05-15 02:00:00,h,h_1
8547,2022-05-15 03:00:00,h,h_1
8548,2022-05-15 04:00:00,f,f_1
8549,2022-05-15 05:00:00,f,f_1
8550,2022-05-15 06:00:00,f,f_1
8551,2022-05-15 07:00:00,f,f_1
8552,2022-05-15 08:00:00,f,f_1
8553,2022-05-15 09:00:00,f,f_1
8554,2022-05-15 10:00:00,f,f_1
8555,2022-05-15 11:00:00,f,f_1
8556,2022-05-15 12:00:00,g,g_1
8557,2022-05-15 13:00:00,g,g_1
8558,2022-05-15 14:00:00,d,d_1
8559,2022-05-15 15:00:00,d,d_1
8560,2022-05-15 16:00:00,d,d_1
8561,2022-05-15 17:00:00,d,d_1
8562,2022-05-15 18:00:00,d,d_1
8563,2022-05-15 19:00:00,d,d_1
8564,2022-05-15 20:00:00,d,d_1
8565,2022-05-15 21:00:00,h,h_1
8566,2022-05-15 22:00:00,h,h_1
8567,2022-05-15 23:00:00,e,e_0
8568,2022-05-16 00:00:00,b,b_1
8569,2022-05-16 01:00:00,b,b_1
8570,2022-05-16 02:00:00,b,b_1
8571,2022-05-16 03:00:00,b,b_1
8572,2022-05-16 04:00:00,b,b_1
8573,2022-05-16 05:00:00,b,b_1
8574,2022-05-16 06:00:00,b,b_1
8575,2022-05-16 07:00:00,c,c_1
8576,2022-05-16 08:00:00,c,c_1
8577,2022-05-16 09:00:00,c,c_1
8578,2022-05-16 10:00:00,c,c_1
8579,2022-05-16 11:00:00,c,c_1
8580,2022-05-16 12:00:00,c,c_1
8581,2022-05-16 13:00:00,c,c_1
8582,2022-05-16 14:00:00,c,c_1
8583,2022-05-16 15:00:00,a,a_0
8584,2022-05-16 16:00:00,f,f_0
8585,2022-05-16 17:00:00,f,f_0
8586,2022-05-16 18:00:00,c,c_1
8587,2022-05-16 19:00:00,c,c_1
8588,2022-05-16 20:00:00,c,c_1
8589,2022-05-16 21:00:00,c,c_1
8590,2022-05-16 22:00:00,c,c_1
8591,2022-05-16 23:00:00,c,c_1
8592,2022-05-17 00:00:00,c,c_1
8593,2022-05-17 01:00:00,e,e_1
8594,2022-05-17 02:00:00,e,e_1
8595,2022-05-17 03:00:00,e,e_1
8596,2022-05-17 04:00:00,e,e_1
8597,2022-05-17 05:00:00,e,e_1
8598,2022-05-17 06:00:00,e,e_1
8599,2022-05-17 07:00:00,e,e_1
8600,2022-05-17 08:00:00,a,a_0
8601,2022-05-17 09:00:00,a,a_0
8602,2022-05-17 10:00:00,d,d_0
8603,2022-05-17 11:00:00,d,d_0
8604,2022-05-17 12:00:00,b,b_0
8605,2022-05-17 13:00:00,e,e_1
8606,2022-05-17 14:00:00,e,e_1
8607,2022-05-17 15:00:00,e,e_1
8608,2022-05-17 16:00:00,e,e_1
8609,2022-05-17 17:00:00,e,e_1
8610,2022-05-17 18:00:00,e,e_1
8611,2022-05-17 19:00:00,e,e_1
8612,2022-05-17 20:00:00,e,e_1
8613,2022-05-17 21:00:00,a,a_1
8614,2022-05-17 22:00:00,a,a_1
8615,2022-05-17 23:00:00,a,a_1
8616,2022-05-18 00:00:00,a,a_1
8617,2022-05-18 01:00:00,a,a_1
8618,2022-05-18 02:00:00,a,a_1
8619,2022-05-18 03:00:00,a,a_1
8620,2022-05-18 04:00:00,c,c_1
8621,2022-05-18 05:00:00,c,c_1
8622,2022-05-18 06:00:00,c,c_1
8623,2022-05-18 07:00:00,c,c_1
8624,2022-05-18 08:00:00,c,c_1
8625,2022-05-18 09:00:00,c,c_1
8626,2022-05-18 10:00:00,c,c_1
8627,2022-05-18 11:00:00,c,c_1
8628,2022-05-18 12:00:00,f,f_1
8629,2022-05-18 13:00:00,f,f_1
8630,2022-05-18 14:00:00,f,f_1
8631,2022-05-18 15:00:00,f,f_1
8632,2022-05-18 16:00:00,f,f_1
8633,2022-05-18 17:00:00,f,f_1
8634,2022-05-18 18:00:00,f,f_1
8635,2022-05-18 19:00:00,a,a_0
8636,2022-05-18 20:00:00,e,e_1
8637,2022-05-18 21:00:00,e,e_1
8638,2022-05-18 22:00:00,e,e_1
8639,2022-05-18 23:00:00,e,e_1
8640,2022-05-19 00:00:00,e,e_1
8641,2022-05-19 01:00:00,e,e_1
8642,2022-05-19 02:00:00,e,e_1
8643,2022-05-19 03:00:00,c,c_0
8644,2022-05-19 04:00:00,c,c_0
8645,2022-05-19 05:00:00,e,e_1
8646,2022-05-19 06:00:00,e,e_1
8647,2022-05-19 07:00:00,e,e_1
8648,2022-05-19 08:00:00,e,e_1
8649,2022-05-19 09:00:00,e,e_1
8650,2022-05-19 10:00:00,e,e_1
8651,2022-05-19 11:00:00,e,e_1
8652,2022-05-19 12:00:00,f,f_1
8653,2022-05-19 13:00:00,f,f_1
8654,2022-05-19 14:00:00,f,f_1
8655,2022-05-19 15:00:00,f,f_1
8656,2022-05-19 16:00:00,f,f_1
8657,2022-05-19 17:00:00,f,f_1
8658,2022-05-19 18:00:00,f,f_1
8659,2022-05-19 19:00:00,d,d_1
8660,2022-05-19 20:00:00,d,d_1
8661,2022-05-19 21:00:00,d,d_1
8662,2022-05-19 22:00:00,d,d_1
8663,2022-05-19 23:00:00,d,d_1
8664,2022-05-20 00:00:00,d,d_1
8665,2022-05-20 01:00:00,d,d_1
8666,2022-05-20 02:00:00,b,b_0
8667,2022-05-20 03:00:00,a,a_1
8668,2022-05-20 04:00:00,a,a_1
8669,2022-05-20 05:00:00,a,a_1
8670,2022-05-20 06:00:00,a,a_1
8671,2022-05-20 07:00:00,a,a_1
8672,2022-05-20 08:00:00,a,a_1
8673,2022-05-20 09:00:00,a,a_1
8674,2022-05-20 10:00:00,h,h_0
8675,2022-05-20 11:00:00,c,c_0
8676,2022-05-20 12:00:00,e,e_0
8677,2022-05-20 13:00:00,e,e_0
8678,2022-05-20 14:00:00,b,b_1
8679,2022-05-20 15:00:00,b,b_1
8680,2022-05-20 16:00:00,b,b_1
8681,2022-05-20 17:00:00,b,b_1
8682,2022-05-20 18:00:00,b,b_1
8683,2022-05-20 19:00:00,b,b_1
8684,2022-05-20 20:00:00,b,b_1
8685,2022-05-20 21:00:00,c,c_1
8686,2022-05-20 22:00:00,c,c_1
8687,2022-05-20 23:00:00,c,c_1
8688,2022-05-21 00:00:00,c,c_1
8689,2022-05-21 01:00:00,c,c_1
8690,2022-05-21 02:00:00,c,c_1
8691,2022-05-21 03:00:00,c,c_1
8692,2022-05-21 04:00:00,e,e_1
8693,2022-05-21 05:00:00,e,e_1
8694,2022-05-21 06:00:00,e,e_1
8695,2022-05-21 07:00:00,e,e_1
8696,2022-05-21 08:00:00,e,e_1
8697,2022-05-21 09:00:00,e,e_1
8698,2022-05-21 10:00:00,e,e_1
8699,2022-05-21 11:00:00,h,h_0
8700,2022-05-21 12:00:00,f,f_1
8701,2022-05-21 13:00:00,f,f_1
8702,2022-05-21 14:00:00,f,f_1
8703,2022-05-21 15:00:00,f,f_1
8704,2022-05-21 16:00:00,f,f_1
8705,2022-05-21 17:00:00,f,f_1
8706,2022-05-21 18:00:00,f,f_1
8707,2022-05-21 19:00:00,f,f_1
8708,2022-05-21 20:00:00,e,e_0
8709,2022-05-21 21:00:00,e,e_0
8710,2022-05-21 22:00:00,d,d_0
8711,2022-05-21 23:00:00,h,h_0
8712,2022-05-22 00:00:00,d,d_0
8713,2022-05-22 01:00:00,f,f_0
8714,2022-05-22 02:00:00,f,f_0
8715,2022-05-22 03:00:00,h,h_0
8716,2022-05-22 04:00:00,a,a_0
8717,2022-05-22 05:00:00,d,d_1
8718,2022-05-22 06:00:00,d,d_1
8719,2022-05-22 07:00:00,d,d_1
8720,2022-05-22 08:00:00,d,d_1
8721,2022-05-22 09:00:00,d,d_1
8722,2022-05-22 10:00:00,d,d_1
8723,2022-05-22 11:00:00,d,d_1
8724,2022-05-22 12:00:00,d,d_1
8725,2022-05-22 13:00:00,c,c_1
8726,2022-05-22 14:00:00,c,c_1
8727,2022-05-22 15:00:00,c,c_1
8728,2022-05-22 16:00:00,c,c_1
8729,2022-05-22 17:00:00,c,c_1
8730,2022-05-22 18:00:00,c,c_1
8731,2022-05-22 19:00:00,c,c_1
8732,2022-05-22 20:00:00,c,c_1
8733,2022-05-22 21:00:00,g,g_1
8734,2022-05-22 22:00:00,g,g_1
8735,2022-05-22 23:00:00,h,h_0
8736,2022-05-23 00:00:00,e,e_0
8737,2022-05-23 01:00:00,a,a_1
8738,2022-05-23 02:00:00,a,a_1
8739,2022-05-23 03:00:00,a,a_1
8740,2022-05-23 04:00:00,a,a_1
8741,2022-05-23 05:00:00,a,a_1
8742,2022-05-23 06:00:00,a,a_1
8743,2022-05-23 07:00:00,a,a_1
8744,2022-05-23 08:00:00,a,a_1
8745,2022-05-23 09:00:00,d,d_0
8746,2022-05-23 10:00:00,c,c_1
8747,2022-05-23 11:00:00,c,c_1
8748,2022-05-23 12:00:00,c,c_1
8749,2022-05-23 13:00:00,c,c_1
8750,2022-05-23 14:00:00,c,c_1
8751,2022-05-23 15:00:00,c,c_1
8752,2022-05-23 16:00:00,c,c_1
8753,2022-05-23 17:00:00,f,f_0
8754,2022-05-23 18:00:00,f,f_0
8755,2022-05-23 19:00:00,d,d_0
8756,2022-05-23 20:00:00,d,d_0
8757,2022-05-23 21:00:00,b,b_0
8758,2022-05-23 22:00:00,e,e_1
8759,2022-05-23 23:00:00,e,e_1
8760,2022-05-24 00:00:00,e,e_1
8761,2022-05-24 01:00:00,e,e_1
8762,2022-05-24 02:00:00,e,e_1
8763,2022-05-24 03:00:00,e,e_1
8764,2022-05-24 04:00:00,e,e_1
8765,2022-05-24 05:00:00,e,e_1
8766,2022-05-24 06:00:00,f,f_1
8767,2022-05-24 07:00:00,f,f_1
8768,2022-05-24 08:00:00,f,f_1
8769,2022-05-24 09:00:00,f,f_1
8770,2022-05-24 10:00:00,f,f_1
8771,2022-05-24 11:00:00,f,f_1
8772,2022-05-24 12:00:00,f,f_1
8773,2022-05-24 13:00:00,f,f_1
8774,2022-05-24 14:00:00,d,d_0
8775,2022-05-24 15:00:00,d,d_0
8776,2022-05-24 16:00:00,h,h_1
8777,2022-05-24 17:00:00,h,h_1
8778,2022-05-24 18:00:00,e,e_1
8779,2022-05-24 19:00:00,e,e_1
8780,2022-05-24 20:00:00,e,e_1
8781,2022-05-24 21:00:00,e,e_1
8782,2022-05-24 22:00:00,e,e_1
8783,2022-05-24 23:00:00,e,e_1
8784,2022-05-25 00:00:00,e,e_1
8785,2022-05-25 01:00:00,h,h_1
8786,2022-05-25 02:00:00,h,h_1
8787,2022-05-25 03:00:00,c,c_1
8788,2022-05-25 04:00:00,c,c_1
8789,2022-05-25 05:00:00,c,c_1
8790,2022-05-25 06:00:00,c,c_1
8791,2022-05-25 07:00:00,c,c_1
8792,2022-05-25 08:00:00,c,c_1
8793,2022-05-25 09:00:00,c,c_1
8794,2022-05-25 10:00:00,g,g_1
8795,2022-05-25 11:00:00,g,g_1
8796,2022-05-25 12:00:00,e,e_1
8797,2022-05-25 13:00:00,e,e_1
8798,2022-05-25 14:00:00,e,e_1
8799,2022-05-25 15:00:00,e,e_1
8800,2022-05-25 16:00:00,e,e_1
8801,2022-05-25 17:00:00,e,e_1
8802,2022-05-25 18:00:00,e,e_1
8803,2022-05-25 19:00:00,e,e_1
8804,2022-05-25 20:00:00,d,d_0
8805,2022-05-25 21:00:00,d,d_0
8806,2022-05-25 22:00:00,f,f_1
8807,2022-05-25 23:00:00,f,f_1
8808,2022-05-26 00:00:00,f,f_1
8809,2022-05-26 01:00:00,f,f_1
8810,2022-05-26 02:00:00,f,f_1
8811,2022-05-26 03:00:00,f,f_1
8812,2022-05-26 04:00:00,f,f_1
8813,2022-05-26 05:00:00,h,h_1
8814,2022-05-26 06:00:00,h,h_1
8815,2022-05-26 07:00:00,e,e_1
8816,2022-05-26 08:00:00,e,e_1
8817,2022-05-26 09:00:00,e,e_1
8818,2022-05-26 10:00:00,e,e_1
8819,2022-05-26 11:00:00,e,e_1
8820,2022-05-26 12:00:00,e,e_1
8821,2022-05-26 13:00:00,e,e_1
8822,2022-05-26 14:00:00,f,f_1
8823,2022-05-26 15:00:00,f,f_1
8824,2022-05-26 16:00:00,f,f_1
8825,2022-05-26 17:00:00,f,f_1
8826,2022-05-26 18:00:00,f,f_1
8827,2022-05-26 19:00:00,f,f_1
8828,2022-05-26 20:00:00,f,f_1
8829,2022-05-26 21:00:00,f,f_1
8830,2022-05-26 22:00:00,a,a_1
8831,2022-05-26 23:00:00,a,a_1
8832,2022-05-27 00:00:00,a,a_1
8833,2022-05-27 01:00:00,a,a_1
8834,2022-05-27 02:00:00,a,a_1
8835,2022-05-27 03:00:00,a,a_1
8836,2022-05-27 04:00:00,a,a_1
8837,2022-05-27 05:00:00,h,h_1
8838,2022-05-27 06:00:00,h,h_1
8839,2022-05-27 07:00:00,e,e_1
8840,2022-05-27 08:00:00,e,e_1
8841,2022-05-27 09:00:00,e,e_1
8842,2022-05-27 10:00:00,e,e_1
8843,2022-05-27 11:00:00,e,e_1
8844,2022-05-27 12:00:00,e,e_1
8845,2022-05-27 13:00:00,e,e_1
8846,2022-05-27 14:00:00,a,a_0
8847,2022-05-27 15:00:00,b,b_0
8848,2022-05-27 16:00:00,c,c_0
8849,2022-05-27 17:00:00,c,c_0
8850,2022-05-27 18:00:00,d,d_0
8851,2022-05-27 19:00:00,d,d_0
8852,2022-05-27 20:00:00,h,h_1
8853,2022-05-27 21:00:00,h,h_1
8854,2022-05-27 22:00:00,c,c_1
8855,2022-05-27 23:00:00,c,c_1
8856,2022-05-28 00:00:00,c,c_1
8857,2022-05-28 01:00:00,c,c_1
8858,2022-05-28 02:00:00,c,c_1
8859,2022-05-28 03:00:00,c,c_1
8860,2022-05-28 04:00:00,c,c_1
8861,2022-05-28 05:00:00,d,d_1
8862,2022-05-28 06:00:00,d,d_1
8863,2022-05-28 07:00:00,d,d_1
8864,2022-05-28 08:00:00,d,d_1
8865,2022-05-28 09:00:00,d,d_1
8866,2022-05-28 10:00:00,d,d_1
8867,2022-05-28 11:00:00,d,d_1
8868,2022-05-28 12:00:00,a,a_1
8869,2022-05-28 13:00:00,a,a_1
8870,2022-05-28 14:00:00,a,a_1
8871,2022-05-28 15:00:00,a,a_1
8872,2022-05-28 16:00:00,a,a_1
8873,2022-05-28 17:00:00,a,a_1
8874,2022-05-28 18:00:00,a,a_1
8875,2022-05-28 19:00:00,a,a_1
8876,2022-05-28 20:00:00,b,b_1
8877,2022-05-28 21:00:00,b,b_1
8878,2022-05-28 22:00:00,b,b_1
8879,2022-05-28 23:00:00,b,b_1
8880,2022-05-29 00:00:00,b,b_1
8881,2022-05-29 01:00:00,b,b_1
8882,2022-05-29 02:00:00,b,b_1
8883,2022-05-29 03:00:00,f,f_0
8884,2022-05-29 04:00:00,b,b_1
8885,2022-05-29 05:00:00,b,b_1
8886,2022-05-29 06:00:00,b,b_1
8887,2022-05-29 07:00:00,b,b_1
8888,2022-05-29 08:00:00,b,b_1
8889,2022-05-29 09:00:00,b,b_1
8890,2022-05-29 10:00:00,b,b_1
8891,2022-05-29 11:00:00,g,g_1
8892,2022-05-29 12:00:00,g,g_1
8893,2022-05-29 13:00:00,h,h_0
8894,2022-05-29 14:00:00,c,c_1
8895,2022-05-29 15:00:00,c,c_1
8896,2022-05-29 16:00:00,c,c_1
8897,2022-05-29 17:00:00,c,c_1
8898,2022-05-29 18:00:00,c,c_1
8899,2022-05-29 19:00:00,c,c_1
8900,2022-05-29 20:00:00,c,c_1
8901,2022-05-29 21:00:00,d,d_0
8902,2022-05-29 22:00:00,h,h_0
8903,2022-05-29 23:00:00,e,e_1
8904,2022-05-30 00:00:00,e,e_1
8905,2022-05-30 01:00:00,e,e_1
8906,2022-05-30 02:00:00,e,e_1
8907,2022-05-30 03:00:00,e,e_1
8908,2022-05-30 04:00:00,e,e_1
8909,2022-05-30 05:00:00,e,e_1
8910,2022-05-30 06:00:00,b,b_0
8911,2022-05-30 07:00:00,b,b_0
8912,2022-05-30 08:00:00,d,d_0
8913,2022-05-30 09:00:00,d,d_0
8914,2022-05-30 10:00:00,g,g_1
8915,2022-05-30 11:00:00,g,g_1
8916,2022-05-30 12:00:00,c,c_1
8917,2022-05-30 13:00:00,c,c_1
8918,2022-05-30 14:00:00,c,c_1
8919,2022-05-30 15:00:00,c,c_1
8920,2022-05-30 16:00:00,c,c_1
8921,2022-05-30 17:00:00,c,c_1
8922,2022-05-30 18:00:00,c,c_1
8923,2022-05-30 19:00:00,c,c_1
8924,2022-05-30 20:00:00,b,b_0
8925,2022-05-30 21:00:00,c,c_1
8926,2022-05-30 22:00:00,c,c_1
8927,2022-05-30 23:00:00,c,c_1
8928,2022-05-31 00:00:00,c,c_1
8929,2022-05-31 01:00:00,c,c_1
8930,2022-05-31 02:00:00,c,c_1
8931,2022-05-31 03:00:00,c,c_1
8932,2022-05-31 04:00:00,c,c_1
8933,2022-05-31 05:00:00,f,f_1
8934,2022-05-31 06:00:00,f,f_1
8935,2022-05-31 07:00:00,f,f_1
8936,2022-05-31 08:00:00,f,f_1
8937,2022-05-31 09:00:00,f,f_1
8938,2022-05-31 10:00:00,f,f_1
8939,2022-05-31 11:00:00,f,f_1
8940,2022-05-31 12:00:00,d,d_0
8941,2022-05-31 13:00:00,e,e_1
8942,2022-05-31 14:00:00,e,e_1
8943,2022-05-31 15:00:00,e,e_1
8944,2022-05-31 16:00:00,e,e_1
8945,2022-05-31 17:00:00,e,e_1
8946,2022-05-31 18:00:00,e,e_1
8947,2022-05-31 19:00:00,e,e_1
8948,2022-05-31 20:00:00,a,a_1
8949,2022-05-31 21:00:00,a,a_1
8950,2022-05-31 22:00:00,a,a_1
8951,2022-05-31 23:00:00,a,a_1
8952,2022-06-01 00:00:00,a,a_1
8953,2022-06-01 01:00:00,a,a_1
8954,2022-06-01 02:00:00,a,a_1
8955,2022-06-01 03:00:00,a,a_1
8956,2022-06-01 04:00:00,c,c_0
8957,2022-06-01 05:00:00,e,e_1
8958,2022-06-01 06:00:00,e,e_1
8959,2022-06-01 07:00:00,e,e_1
8960,2022-06-01 08:00:00,e,e_1
8961,2022-06-01 09:00:00,e,e_1
8962,2022-06-01 10:00:00,e,e_1
8963,2022-06-01 11:00:00,e,e_1
8964,2022-06-01 12:00:00,b,b_0
8965,2022-06-01 13:00:00,e,e_1
8966,2022-06-01 14:00:00,e,e_1
8967,2022-06-01 15:00:00,e,e_1
8968,2022-06-01 16:00:00,e,e_1
8969,2022-06-01 17:00:00,e,e_1
8970,2022-06-01 18:00:00,e,e_1
8971,2022-06-01 19:00:00,e,e_1
8972,2022-06-01 20:00:00,e,e_1
8973,2022-06-01 21:00:00,d,d_1
8974,2022-06-01 22:00:00,d,d_1
8975,2022-06-01 23:00:00,d,d_1
8976,2022-06-02 00:00:00,d,d_1
8977,2022-06-02 01:00:00,d,d_1
8978,2022-06-02 02:00:00,d,d_1
8979,2022-06-02 03:00:00,d,d_1
8980,2022-06-02 04:00:00,b,b_1
8981,2022-06-02 05:00:00,b,b_1
8982,2022-06-02 06:00:00,b,b_1
8983,2022-06-02 07:00:00,b,b_1
8984,2022-06-02 08:00:00,b,b_1
8985,2022-06-02 09:00:00,b,b_1
8986,2022-06-02 10:00:00,b,b_1
8987,2022-06-02 11:00:00,a,a_0
8988,2022-06-02 12:00:00,g,g_0
8989,2022-06-02 13:00:00,b,b_1
8990,2022-06-02 14:00:00,b,b_1
8991,2022-06-02 15:00:00,b,b_1
8992,2022-06-02 16:00:00,b,b_1
8993,2022-06-02 17:00:00,b,b_1
8994,2022-06-02 18:00:00,b,b_1
8995,2022-06-02 19:00:00,b,b_1
8996,2022-06-02 20:00:00,e,e_1
8997,2022-06-02 21:00:00,e,e_1
8998,2022-06-02 22:00:00,e,e_1
8999,2022-06-02 23:00:00,e,e_1
9000,2022-06-03 00:00:00,e,e_1
9001,2022-06-03 01:00:00,e,e_1
9002,2022-06-03 02:00:00,e,e_1
9003,2022-06-03 03:00:00,e,e_1
9004,2022-06-03 04:00:00,c,c_1
9005,2022-06-03 05:00:00,c,c_1
9006,2022-06-03 06:00:00,c,c_1
9007,2022-06-03 07:00:00,c,c_1
9008,2022-06-03 08:00:00,c,c_1
9009,2022-06-03 09:00:00,c,c_1
9010,2022-06-03 10:00:00,c,c_1
9011,2022-06-03 11:00:00,f,f_1
9012,2022-06-03 12:00:00,f,f_1
9013,2022-06-03 13:00:00,f,f_1
9014,2022-06-03 14:00:00,f,f_1
9015,2022-06-03 15:00:00,f,f_1
9016,2022-06-03 16:00:00,f,f_1
9017,2022-06-03 17:00:00,f,f_1
9018,2022-06-03 18:00:00,h,h_1
9019,2022-06-03 19:00:00,h,h_1
9020,2022-06-03 20:00:00,a,a_0
9021,2022-06-03 21:00:00,g,g_1
9022,2022-06-03 22:00:00,g,g_1
9023,2022-06-03 23:00:00,h,h_0
9024,2022-06-04 00:00:00,b,b_0
9025,2022-06-04 01:00:00,c,c_0
9026,2022-06-04 02:00:00,e,e_1
9027,2022-06-04 03:00:00,e,e_1
9028,2022-06-04 04:00:00,e,e_1
9029,2022-06-04 05:00:00,e,e_1
9030,2022-06-04 06:00:00,e,e_1
9031,2022-06-04 07:00:00,e,e_1
9032,2022-06-04 08:00:00,e,e_1
9033,2022-06-04 09:00:00,f,f_1
9034,2022-06-04 10:00:00,f,f_1
9035,2022-06-04 11:00:00,f,f_1
9036,2022-06-04 12:00:00,f,f_1
9037,2022-06-04 13:00:00,f,f_1
9038,2022-06-04 14:00:00,f,f_1
9039,2022-06-04 15:00:00,f,f_1
9040,2022-06-04 16:00:00,e,e_1
9041,2022-06-04 17:00:00,e,e_1
9042,2022-06-04 18:00:00,e,e_1
9043,2022-06-04 19:00:00,e,e_1
9044,2022-06-04 20:00:00,e,e_1
9045,2022-06-04 21:00:00,e,e_1
9046,2022-06-04 22:00:00,e,e_1
9047,2022-06-04 23:00:00,c,c_0
9048,2022-06-05 00:00:00,h,h_1
9049,2022-06-05 01:00:00,h,h_1
9050,2022-06-05 02:00:00,a,a_1
9051,2022-06-05 03:00:00,a,a_1
9052,2022-06-05 04:00:00,a,a_1
9053,2022-06-05 05:00:00,a,a_1
9054,2022-06-05 06:00:00,a,a_1
9055,2022-06-05 07:00:00,a,a_1
9056,2022-06-05 08:00:00,a,a_1
9057,2022-06-05 09:00:00,a,a_1
9058,2022-06-05 10:00:00,f,f_1
9059,2022-06-05 11:00:00,f,f_1
9060,2022-06-05 12:00:00,f,f_1
9061,2022-06-05 13:00:00,f,f_1
9062,2022-06-05 14:00:00,f,f_1
9063,2022-06-05 15:00:00,f,f_1
9064,2022-06-05 16:00:00,f,f_1
9065,2022-06-05 17:00:00,d,d_1
9066,2022-06-05 18:00:00,d,d_1
9067,2022-06-05 19:00:00,d,d_1
9068,2022-06-05 20:00:00,d,d_1
9069,2022-06-05 21:00:00,d,d_1
9070,2022-06-05 22:00:00,d,d_1
9071,2022-06-05 23:00:00,d,d_1
9072,2022-06-06 00:00:00,d,d_1
9073,2022-06-06 01:00:00,c,c_1
9074,2022-06-06 02:00:00,c,c_1
9075,2022-06-06 03:00:00,c,c_1
9076,2022-06-06 04:00:00,c,c_1
9077,2022-06-06 05:00:00,c,c_1
9078,2022-06-06 06:00:00,c,c_1
9079,2022-06-06 07:00:00,c,c_1
9080,2022-06-06 08:00:00,c,c_1
9081,2022-06-06 09:00:00,h,h_1
9082,2022-06-06 10:00:00,h,h_1
9083,2022-06-06 11:00:00,d,d_1
9084,2022-06-06 12:00:00,d,d_1
9085,2022-06-06 13:00:00,d,d_1
9086,2022-06-06 14:00:00,d,d_1
9087,2022-06-06 15:00:00,d,d_1
9088,2022-06-06 16:00:00,d,d_1
9089,2022-06-06 17:00:00,d,d_1
9090,2022-06-06 18:00:00,f,f_1
9091,2022-06-06 19:00:00,f,f_1
9092,2022-06-06 20:00:00,f,f_1
9093,2022-06-06 21:00:00,f,f_1
9094,2022-06-06 22:00:00,f,f_1
9095,2022-06-06 23:00:00,f,f_1
9096,2022-06-07 00:00:00,f,f_1
9097,2022-06-07 01:00:00,f,f_1
9098,2022-06-07 02:00:00,g,g_1
9099,2022-06-07 03:00:00,g,g_1
9100,2022-06-07 04:00:00,d,d_0
9101,2022-06-07 05:00:00,h,h_1
9102,2022-06-07 06:00:00,h,h_1
9103,2022-06-07 07:00:00,e,e_1
9104,2022-06-07 08:00:00,e,e_1
9105,2022-06-07 09:00:00,e,e_1
9106,2022-06-07 10:00:00,e,e_1
9107,2022-06-07 11:00:00,e,e_1
9108,2022-06-07 12:00:00,e,e_1
9109,2022-06-07 13:00:00,e,e_1
9110,2022-06-07 14:00:00,e,e_1
9111,2022-06-07 15:00:00,h,h_1
9112,2022-06-07 16:00:00,h,h_1
9113,2022-06-07 17:00:00,b,b_0
9114,2022-06-07 18:00:00,b,b_0
9115,2022-06-07 19:00:00,f,f_1
9116,2022-06-07 20:00:00,f,f_1
9117,2022-06-07 21:00:00,f,f_1
9118,2022-06-07 22:00:00,f,f_1
9119,2022-06-07 23:00:00,f,f_1
9120,2022-06-08 00:00:00,f,f_1
9121,2022-06-08 01:00:00,f,f_1
9122,2022-06-08 02:00:00,c,c_0
9123,2022-06-08 03:00:00,d,d_1
9124,2022-06-08 04:00:00,d,d_1
9125,2022-06-08 05:00:00,d,d_1
9126,2022-06-08 06:00:00,d,d_1
9127,2022-06-08 07:00:00,d,d_1
9128,2022-06-08 08:00:00,d,d_1
9129,2022-06-08 09:00:00,d,d_1
9130,2022-06-08 10:00:00,b,b_0
9131,2022-06-08 11:00:00,b,b_0
9132,2022-06-08 12:00:00,c,c_0
9133,2022-06-08 13:00:00,c,c_0
9134,2022-06-08 14:00:00,e,e_1
9135,2022-06-08 15:00:00,e,e_1
9136,2022-06-08 16:00:00,e,e_1
9137,2022-06-08 17:00:00,e,e_1
9138,2022-06-08 18:00:00,e,e_1
9139,2022-06-08 19:00:00,e,e_1
9140,2022-06-08 20:00:00,e,e_1
9141,2022-06-08 21:00:00,e,e_1
9142,2022-06-08 22:00:00,h,h_0
9143,2022-06-08 23:00:00,g,g_1
9144,2022-06-09 00:00:00,g,g_1
9145,2022-06-09 01:00:00,d,d_1
9146,2022-06-09 02:00:00,d,d_1
9147,2022-06-09 03:00:00,d,d_1
9148,2022-06-09 04:00:00,d,d_1
9149,2022-06-09 05:00:00,d,d_1
9150,2022-06-09 06:00:00,d,d_1
9151,2022-06-09 07:00:00,d,d_1
9152,2022-06-09 08:00:00,e,e_1
9153,2022-06-09 09:00:00,e,e_1
9154,2022-06-09 10:00:00,e,e_1
9155,2022-06-09 11:00:00,e,e_1
9156,2022-06-09 12:00:00,e,e_1
9157,2022-06-09 13:00:00,e,e_1
9158,2022-06-09 14:00:00,e,e_1
9159,2022-06-09 15:00:00,h,h_0
9160,2022-06-09 16:00:00,e,e_1
9161,2022-06-09 17:00:00,e,e_1
9162,2022-06-09 18:00:00,e,e_1
9163,2022-06-09 19:00:00,e,e_1
9164,2022-06-09 20:00:00,e,e_1
9165,2022-06-09 21:00:00,e,e_1
9166,2022-06-09 22:00:00,e,e_1
9167,2022-06-09 23:00:00,e,e_1
9168,2022-06-10 00:00:00,h,h_1
9169,2022-06-10 01:00:00,h,h_1
9170,2022-06-10 02:00:00,a,a_0
9171,2022-06-10 03:00:00,f,f_1
9172,2022-06-10 04:00:00,f,f_1
9173,2022-06-10 05:00:00,f,f_1
9174,2022-06-10 06:00:00,f,f_1
9175,2022-06-10 07:00:00,f,f_1
9176,2022-06-10 08:00:00,f,f_1
9177,2022-06-10 09:00:00,f,f_1
9178,2022-06-10 10:00:00,f,f_1
9179,2022-06-10 11:00:00,e,e_1
9180,2022-06-10 12:00:00,e,e_1
9181,2022-06-10 13:00:00,e,e_1
9182,2022-06-10 14:00:00,e,e_1
9183,2022-06-10 15:00:00,e,e_1
9184,2022-06-10 16:00:00,e,e_1
9185,2022-06-10 17:00:00,e,e_1
9186,2022-06-10 18:00:00,h,h_0
9187,2022-06-10 19:00:00,b,b_0
9188,2022-06-10 20:00:00,a,a_1
9189,2022-06-10 21:00:00,a,a_1
9190,2022-06-10 22:00:00,a,a_1
9191,2022-06-10 23:00:00,a,a_1
9192,2022-06-11 00:00:00,a,a_1
9193,2022-06-11 01:00:00,a,a_1
9194,2022-06-11 02:00:00,a,a_1
9195,2022-06-11 03:00:00,a,a_1
9196,2022-06-11 04:00:00,f,f_1
9197,2022-06-11 05:00:00,f,f_1
9198,2022-06-11 06:00:00,f,f_1
9199,2022-06-11 07:00:00,f,f_1
9200,2022-06-11 08:00:00,f,f_1
9201,2022-06-11 09:00:00,f,f_1
9202,2022-06-11 10:00:00,f,f_1
9203,2022-06-11 11:00:00,f,f_1
9204,2022-06-11 12:00:00,a,a_1
9205,2022-06-11 13:00:00,a,a_1
9206,2022-06-11 14:00:00,a,a_1
9207,2022-06-11 15:00:00,a,a_1
9208,2022-06-11 16:00:00,a,a_1
9209,2022-06-11 17:00:00,a,a_1
9210,2022-06-11 18:00:00,a,a_1
9211,2022-06-11 19:00:00,a,a_1
9212,2022-06-11 20:00:00,e,e_1
9213,2022-06-11 21:00:00,e,e_1
9214,2022-06-11 22:00:00,e,e_1
9215,2022-06-11 23:00:00,e,e_1
9216,2022-06-12 00:00:00,e,e_1
9217,2022-06-12 01:00:00,e,e_1
9218,2022-06-12 02:00:00,e,e_1
9219,2022-06-12 03:00:00,e,e_1
9220,2022-06-12 04:00:00,f,f_1
9221,2022-06-12 05:00:00,f,f_1
9222,2022-06-12 06:00:00,f,f_1
9223,2022-06-12 07:00:00,f,f_1
9224,2022-06-12 08:00:00,f,f_1
9225,2022-06-12 09:00:00,f,f_1
9226,2022-06-12 10:00:00,f,f_1
9227,2022-06-12 11:00:00,f,f_1
9228,2022-06-12 12:00:00,d,d_1
9229,2022-06-12 13:00:00,d,d_1
9230,2022-06-12 14:00:00,d,d_1
9231,2022-06-12 15:00:00,d,d_1
9232,2022-06-12 16:00:00,d,d_1
9233,2022-06-12 17:00:00,d,d_1
9234,2022-06-12 18:00:00,d,d_1
9235,2022-06-12 19:00:00,h,h_0
9236,2022-06-12 20:00:00,c,c_1
9237,2022-06-12 21:00:00,c,c_1
9238,2022-06-12 22:00:00,c,c_1
9239,2022-06-12 23:00:00,c,c_1
9240,2022-06-13 00:00:00,c,c_1
9241,2022-06-13 01:00:00,c,c_1
9242,2022-06-13 02:00:00,c,c_1
9243,2022-06-13 03:00:00,g,g_1
9244,2022-06-13 04:00:00,g,g_1
9245,2022-06-13 05:00:00,h,h_1
9246,2022-06-13 06:00:00,h,h_1
9247,2022-06-13 07:00:00,c,c_0
9248,2022-06-13 08:00:00,c,c_0
9249,2022-06-13 09:00:00,e,e_0
9250,2022-06-13 10:00:00,d,d_0
9251,2022-06-13 11:00:00,c,c_0
9252,2022-06-13 12:00:00,f,f_0
9253,2022-06-13 13:00:00,f,f_0
9254,2022-06-13 14:00:00,e,e_1
9255,2022-06-13 15:00:00,e,e_1
9256,2022-06-13 16:00:00,e,e_1
9257,2022-06-13 17:00:00,e,e_1
9258,2022-06-13 18:00:00,e,e_1
9259,2022-06-13 19:00:00,e,e_1
9260,2022-06-13 20:00:00,e,e_1
9261,2022-06-13 21:00:00,d,d_1
9262,2022-06-13 22:00:00,d,d_1
9263,2022-06-13 23:00:00,d,d_1
9264,2022-06-14 00:00:00,d,d_1
9265,2022-06-14 01:00:00,d,d_1
9266,2022-06-14 02:00:00,d,d_1
9267,2022-06-14 03:00:00,d,d_1
9268,2022-06-14 04:00:00,d,d_1
9269,2022-06-14 05:00:00,g,g_0
9270,2022-06-14 06:00:00,d,d_1
9271,2022-06-14 07:00:00,d,d_1
9272,2022-06-14 08:00:00,d,d_1
9273,2022-06-14 09:00:00,d,d_1
9274,2022-06-14 10:00:00,d,d_1
9275,2022-06-14 11:00:00,d,d_1
9276,2022-06-14 12:00:00,d,d_1
9277,2022-06-14 13:00:00,f,f_1
9278,2022-06-14 14:00:00,f,f_1
9279,2022-06-14 15:00:00,f,f_1
9280,2022-06-14 16:00:00,f,f_1
9281,2022-06-14 17:00:00,f,f_1
9282,2022-06-14 18:00:00,f,f_1
9283,2022-06-14 19:00:00,f,f_1
9284,2022-06-14 20:00:00,f,f_1
9285,2022-06-14 21:00:00,b,b_0
9286,2022-06-14 22:00:00,a,a_0
9287,2022-06-14 23:00:00,c,c_0
9288,2022-06-15 00:00:00,h,h_1
9289,2022-06-15 01:00:00,h,h_1
9290,2022-06-15 02:00:00,a,a_1
9291,2022-06-15 03:00:00,a,a_1
9292,2022-06-15 04:00:00,a,a_1
9293,2022-06-15 05:00:00,a,a_1
9294,2022-06-15 06:00:00,a,a_1
9295,2022-06-15 07:00:00,a,a_1
9296,2022-06-15 08:00:00,a,a_1
9297,2022-06-15 09:00:00,a,a_1
9298,2022-06-15 10:00:00,b,b_0
9299,2022-06-15 11:00:00,b,b_0
9300,2022-06-15 12:00:00,c,c_0
9301,2022-06-15 13:00:00,e,e_0
9302,2022-06-15 14:00:00,d,d_1
9303,2022-06-15 15:00:00,d,d_1
9304,2022-06-15 16:00:00,d,d_1
9305,2022-06-15 17:00:00,d,d_1
9306,2022-06-15 18:00:00,d,d_1
9307,2022-06-15 19:00:00,d,d_1
9308,2022-06-15 20:00:00,d,d_1
9309,2022-06-15 21:00:00,d,d_1
9310,2022-06-15 22:00:00,b,b_1
9311,2022-06-15 23:00:00,b,b_1
9312,2022-06-16 00:00:00,b,b_1
9313,2022-06-16 01:00:00,b,b_1
9314,2022-06-16 02:00:00,b,b_1
9315,2022-06-16 03:00:00,b,b_1
9316,2022-06-16 04:00:00,b,b_1
9317,2022-06-16 05:00:00,f,f_0
9318,2022-06-16 06:00:00,f,f_0
9319,2022-06-16 07:00:00,a,a_0
9320,2022-06-16 08:00:00,e,e_1
9321,2022-06-16 09:00:00,e,e_1
9322,2022-06-16 10:00:00,e,e_1
9323,2022-06-16 11:00:00,e,e_1
9324,2022-06-16 12:00:00,e,e_1
9325,2022-06-16 13:00:00,e,e_1
9326,2022-06-16 14:00:00,e,e_1
9327,2022-06-16 15:00:00,e,e_1
9328,2022-06-16 16:00:00,g,g_0
9329,2022-06-16 17:00:00,f,f_1
9330,2022-06-16 18:00:00,f,f_1
9331,2022-06-16 19:00:00,f,f_1
9332,2022-06-16 20:00:00,f,f_1
9333,2022-06-16 21:00:00,f,f_1
9334,2022-06-16 22:00:00,f,f_1
9335,2022-06-16 23:00:00,f,f_1
9336,2022-06-17 00:00:00,d,d_1
9337,2022-06-17 01:00:00,d,d_1
9338,2022-06-17 02:00:00,d,d_1
9339,2022-06-17 03:00:00,d,d_1
9340,2022-06-17 04:00:00,d,d_1
9341,2022-06-17 05:00:00,d,d_1
9342,2022-06-17 06:00:00,d,d_1
9343,2022-06-17 07:00:00,c,c_1
9344,2022-06-17 08:00:00,c,c_1
9345,2022-06-17 09:00:00,c,c_1
9346,2022-06-17 10:00:00,c,c_1
9347,2022-06-17 11:00:00,c,c_1
9348,2022-06-17 12:00:00,c,c_1
9349,2022-06-17 13:00:00,c,c_1
9350,2022-06-17 14:00:00,c,c_1
9351,2022-06-17 15:00:00,g,g_1
9352,2022-06-17 16:00:00,g,g_1
9353,2022-06-17 17:00:00,d,d_0
9354,2022-06-17 18:00:00,b,b_1
9355,2022-06-17 19:00:00,b,b_1
9356,2022-06-17 20:00:00,b,b_1
9357,2022-06-17 21:00:00,b,b_1
9358,2022-06-17 22:00:00,b,b_1
9359,2022-06-17 23:00:00,b,b_1
9360,2022-06-18 00:00:00,b,b_1
9361,2022-06-18 01:00:00,h,h_0
9362,2022-06-18 02:00:00,b,b_0
9363,2022-06-18 03:00:00,b,b_0
9364,2022-06-18 04:00:00,a,a_0
9365,2022-06-18 05:00:00,c,c_0
9366,2022-06-18 06:00:00,h,h_1
9367,2022-06-18 07:00:00,h,h_1
9368,2022-06-18 08:00:00,d,d_0
9369,2022-06-18 09:00:00,d,d_0
9370,2022-06-18 10:00:00,f,f_0
9371,2022-06-18 11:00:00,c,c_0
9372,2022-06-18 12:00:00,f,f_0
9373,2022-06-18 13:00:00,f,f_0
9374,2022-06-18 14:00:00,b,b_0
9375,2022-06-18 15:00:00,d,d_1
9376,2022-06-18 16:00:00,d,d_1
9377,2022-06-18 17:00:00,d,d_1
9378,2022-06-18 18:00:00,d,d_1
9379,2022-06-18 19:00:00,d,d_1
9380,2022-06-18 20:00:00,d,d_1
9381,2022-06-18 21:00:00,d,d_1
9382,2022-06-18 22:00:00,c,c_0
9383,2022-06-18 23:00:00,e,e_0
9384,2022-06-19 00:00:00,h,h_0
9385,2022-06-19 01:00:00,a,a_0
9386,2022-06-19 02:00:00,a,a_0
9387,2022-06-19 03:00:00,f,f_0
9388,2022-06-19 04:00:00,c,c_1
9389,2022-06-19 05:00:00,c,c_1
9390,2022-06-19 06:00:00,c,c_1
9391,2022-06-19 07:00:00,c,c_1
9392,2022-06-19 08:00:00,c,c_1
9393,2022-06-19 09:00:00,c,c_1
9394,2022-06-19 10:00:00,c,c_1
9395,2022-06-19 11:00:00,c,c_1
9396,2022-06-19 12:00:00,g,g_0
9397,2022-06-19 13:00:00,b,b_0
9398,2022-06-19 14:00:00,c,c_0
9399,2022-06-19 15:00:00,a,a_0
9400,2022-06-19 16:00:00,a,a_0
9401,2022-06-19 17:00:00,h,h_0
9402,2022-06-19 18:00:00,b,b_0
9403,2022-06-19 19:00:00,b,b_0
9404,2022-06-19 20:00:00,a,a_1
9405,2022-06-19 21:00:00,a,a_1
9406,2022-06-19 22:00:00,a,a_1
9407,2022-06-19 23:00:00,a,a_1
9408,2022-06-20 00:00:00,a,a_1
9409,2022-06-20 01:00:00,a,a_1
9410,2022-06-20 02:00:00,a,a_1
9411,2022-06-20 03:00:00,b,b_0
9412,2022-06-20 04:00:00,b,b_0
9413,2022-06-20 05:00:00,d,d_1
9414,2022-06-20 06:00:00,d,d_1
9415,2022-06-20 07:00:00,d,d_1
9416,2022-06-20 08:00:00,d,d_1
9417,2022-06-20 09:00:00,d,d_1
9418,2022-06-20 10:00:00,d,d_1
9419,2022-06-20 11:00:00,d,d_1
9420,2022-06-20 12:00:00,a,a_0
9421,2022-06-20 13:00:00,c,c_0
9422,2022-06-20 14:00:00,g,g_1
9423,2022-06-20 15:00:00,g,g_1
9424,2022-06-20 16:00:00,c,c_0
9425,2022-06-20 17:00:00,c,c_0
9426,2022-06-20 18:00:00,e,e_0
9427,2022-06-20 19:00:00,h,h_1
9428,2022-06-20 20:00:00,h,h_1
9429,2022-06-20 21:00:00,d,d_1
9430,2022-06-20 22:00:00,d,d_1
9431,2022-06-20 23:00:00,d,d_1
9432,2022-06-21 00:00:00,d,d_1
9433,2022-06-21 01:00:00,d,d_1
9434,2022-06-21 02:00:00,d,d_1
9435,2022-06-21 03:00:00,d,d_1
9436,2022-06-21 04:00:00,d,d_1
9437,2022-06-21 05:00:00,f,f_0
9438,2022-06-21 06:00:00,d,d_1
9439,2022-06-21 07:00:00,d,d_1
9440,2022-06-21 08:00:00,d,d_1
9441,2022-06-21 09:00:00,d,d_1
9442,2022-06-21 10:00:00,d,d_1
9443,2022-06-21 11:00:00,d,d_1
9444,2022-06-21 12:00:00,d,d_1
9445,2022-06-21 13:00:00,g,g_1
9446,2022-06-21 14:00:00,g,g_1
9447,2022-06-21 15:00:00,c,c_0
9448,2022-06-21 16:00:00,h,h_0
9449,2022-06-21 17:00:00,c,c_0
9450,2022-06-21 18:00:00,f,f_1
9451,2022-06-21 19:00:00,f,f_1
9452,2022-06-21 20:00:00,f,f_1
9453,2022-06-21 21:00:00,f,f_1
9454,2022-06-21 22:00:00,f,f_1
9455,2022-06-21 23:00:00,f,f_1
9456,2022-06-22 00:00:00,f,f_1
9457,2022-06-22 01:00:00,d,d_1
9458,2022-06-22 02:00:00,d,d_1
9459,2022-06-22 03:00:00,d,d_1
9460,2022-06-22 04:00:00,d,d_1
9461,2022-06-22 05:00:00,d,d_1
9462,2022-06-22 06:00:00,d,d_1
9463,2022-06-22 07:00:00,d,d_1
9464,2022-06-22 08:00:00,h,h_1
9465,2022-06-22 09:00:00,h,h_1
9466,2022-06-22 10:00:00,g,g_1
9467,2022-06-22 11:00:00,g,g_1
9468,2022-06-22 12:00:00,h,h_1
9469,2022-06-22 13:00:00,h,h_1
9470,2022-06-22 14:00:00,b,b_0
9471,2022-06-22 15:00:00,d,d_0
9472,2022-06-22 16:00:00,d,d_0
9473,2022-06-22 17:00:00,c,c_1
9474,2022-06-22 18:00:00,c,c_1
9475,2022-06-22 19:00:00,c,c_1
9476,2022-06-22 20:00:00,c,c_1
9477,2022-06-22 21:00:00,c,c_1
9478,2022-06-22 22:00:00,c,c_1
9479,2022-06-22 23:00:00,c,c_1
9480,2022-06-23 00:00:00,h,h_0
9481,2022-06-23 01:00:00,b,b_0
9482,2022-06-23 02:00:00,d,d_1
9483,2022-06-23 03:00:00,d,d_1
9484,2022-06-23 04:00:00,d,d_1
9485,2022-06-23 05:00:00,d,d_1
9486,2022-06-23 06:00:00,d,d_1
9487,2022-06-23 07:00:00,d,d_1
9488,2022-06-23 08:00:00,d,d_1
9489,2022-06-23 09:00:00,a,a_0
9490,2022-06-23 10:00:00,c,c_0
9491,2022-06-23 11:00:00,d,d_0
9492,2022-06-23 12:00:00,b,b_1
9493,2022-06-23 13:00:00,b,b_1
9494,2022-06-23 14:00:00,b,b_1
9495,2022-06-23 15:00:00,b,b_1
9496,2022-06-23 16:00:00,b,b_1
9497,2022-06-23 17:00:00,b,b_1
9498,2022-06-23 18:00:00,b,b_1
9499,2022-06-23 19:00:00,g,g_1
9500,2022-06-23 20:00:00,g,g_1
9501,2022-06-23 21:00:00,e,e_1
9502,2022-06-23 22:00:00,e,e_1
9503,2022-06-23 23:00:00,e,e_1
9504,2022-06-24 00:00:00,e,e_1
9505,2022-06-24 01:00:00,e,e_1
9506,2022-06-24 02:00:00,e,e_1
9507,2022-06-24 03:00:00,e,e_1
9508,2022-06-24 04:00:00,f,f_1
9509,2022-06-24 05:00:00,f,f_1
9510,2022-06-24 06:00:00,f,f_1
9511,2022-06-24 07:00:00,f,f_1
9512,2022-06-24 08:00:00,f,f_1
9513,2022-06-24 09:00:00,f,f_1
9514,2022-06-24 10:00:00,f,f_1
9515,2022-06-24 11:00:00,f,f_1
9516,2022-06-24 12:00:00,g,g_0
9517,2022-06-24 13:00:00,d,d_0
9518,2022-06-24 14:00:00,d,d_0
9519,2022-06-24 15:00:00,b,b_0
9520,2022-06-24 16:00:00,b,b_0
9521,2022-06-24 17:00:00,h,h_0
9522,2022-06-24 18:00:00,e,e_1
9523,2022-06-24 19:00:00,e,e_1
9524,2022-06-24 20:00:00,e,e_1
9525,2022-06-24 21:00:00,e,e_1
9526,2022-06-24 22:00:00,e,e_1
9527,2022-06-24 23:00:00,e,e_1
9528,2022-06-25 00:00:00,e,e_1
9529,2022-06-25 01:00:00,f,f_1
9530,2022-06-25 02:00:00,f,f_1
9531,2022-06-25 03:00:00,f,f_1
9532,2022-06-25 04:00:00,f,f_1
9533,2022-06-25 05:00:00,f,f_1
9534,2022-06-25 06:00:00,f,f_1
9535,2022-06-25 07:00:00,f,f_1
9536,2022-06-25 08:00:00,h,h_0
9537,2022-06-25 09:00:00,b,b_0
9538,2022-06-25 10:00:00,a,a_1
9539,2022-06-25 11:00:00,a,a_1
9540,2022-06-25 12:00:00,a,a_1
9541,2022-06-25 13:00:00,a,a_1
9542,2022-06-25 14:00:00,a,a_1
9543,2022-06-25 15:00:00,a,a_1
9544,2022-06-25 16:00:00,a,a_1
9545,2022-06-25 17:00:00,d,d_0
9546,2022-06-25 18:00:00,c,c_0
9547,2022-06-25 19:00:00,c,c_0
9548,2022-06-25 20:00:00,e,e_0
9549,2022-06-25 21:00:00,c,c_1
9550,2022-06-25 22:00:00,c,c_1
9551,2022-06-25 23:00:00,c,c_1
9552,2022-06-26 00:00:00,c,c_1
9553,2022-06-26 01:00:00,c,c_1
9554,2022-06-26 02:00:00,c,c_1
9555,2022-06-26 03:00:00,c,c_1
9556,2022-06-26 04:00:00,d,d_1
9557,2022-06-26 05:00:00,d,d_1
9558,2022-06-26 06:00:00,d,d_1
9559,2022-06-26 07:00:00,d,d_1
9560,2022-06-26 08:00:00,d,d_1
9561,2022-06-26 09:00:00,d,d_1
9562,2022-06-26 10:00:00,d,d_1
9563,2022-06-26 11:00:00,b,b_1
9564,2022-06-26 12:00:00,b,b_1
9565,2022-06-26 13:00:00,b,b_1
9566,2022-06-26 14:00:00,b,b_1
9567,2022-06-26 15:00:00,b,b_1
9568,2022-06-26 16:00:00,b,b_1
9569,2022-06-26 17:00:00,b,b_1
9570,2022-06-26 18:00:00,f,f_1
9571,2022-06-26 19:00:00,f,f_1
9572,2022-06-26 20:00:00,f,f_1
9573,2022-06-26 21:00:00,f,f_1
9574,2022-06-26 22:00:00,f,f_1
9575,2022-06-26 23:00:00,f,f_1
9576,2022-06-27 00:00:00,f,f_1
9577,2022-06-27 01:00:00,a,a_0
9578,2022-06-27 02:00:00,c,c_0
9579,2022-06-27 03:00:00,a,a_1
9580,2022-06-27 04:00:00,a,a_1
9581,2022-06-27 05:00:00,a,a_1
9582,2022-06-27 06:00:00,a,a_1
9583,2022-06-27 07:00:00,a,a_1
9584,2022-06-27 08:00:00,a,a_1
9585,2022-06-27 09:00:00,a,a_1
9586,2022-06-27 10:00:00,a,a_1
9587,2022-06-27 11:00:00,b,b_1
9588,2022-06-27 12:00:00,b,b_1
9589,2022-06-27 13:00:00,b,b_1
9590,2022-06-27 14:00:00,b,b_1
9591,2022-06-27 15:00:00,b,b_1
9592,2022-06-27 16:00:00,b,b_1
9593,2022-06-27 17:00:00,b,b_1
9594,2022-06-27 18:00:00,h,h_0
9595,2022-06-27 19:00:00,e,e_1
9596,2022-06-27 20:00:00,e,e_1
9597,2022-06-27 21:00:00,e,e_1
9598,2022-06-27 22:00:00,e,e_1
9599,2022-06-27 23:00:00,e,e_1
9600,2022-06-28 00:00:00,e,e_1
9601,2022-06-28 01:00:00,e,e_1
9602,2022-06-28 02:00:00,e,e_1
9603,2022-06-28 03:00:00,c,c_0
9604,2022-06-28 04:00:00,c,c_0
9605,2022-06-28 05:00:00,d,d_1
9606,2022-06-28 06:00:00,d,d_1
9607,2022-06-28 07:00:00,d,d_1
9608,2022-06-28 08:00:00,d,d_1
9609,2022-06-28 09:00:00,d,d_1
9610,2022-06-28 10:00:00,d,d_1
9611,2022-06-28 11:00:00,d,d_1
9612,2022-06-28 12:00:00,d,d_1
9613,2022-06-28 13:00:00,e,e_1
9614,2022-06-28 14:00:00,e,e_1
9615,2022-06-28 15:00:00,e,e_1
9616,2022-06-28 16:00:00,e,e_1
9617,2022-06-28 17:00:00,e,e_1
9618,2022-06-28 18:00:00,e,e_1
9619,2022-06-28 19:00:00,e,e_1
9620,2022-06-28 20:00:00,f,f_1
9621,2022-06-28 21:00:00,f,f_1
9622,2022-06-28 22:00:00,f,f_1
9623,2022-06-28 23:00:00,f,f_1
9624,2022-06-29 00:00:00,f,f_1
9625,2022-06-29 01:00:00,f,f_1
9626,2022-06-29 02:00:00,f,f_1
9627,2022-06-29 03:00:00,a,a_0
9628,2022-06-29 04:00:00,a,a_0
9629,2022-06-29 05:00:00,h,h_1
9630,2022-06-29 06:00:00,h,h_1
9631,2022-06-29 07:00:00,d,d_0
9632,2022-06-29 08:00:00,f,f_1
9633,2022-06-29 09:00:00,f,f_1
9634,2022-06-29 10:00:00,f,f_1
9635,2022-06-29 11:00:00,f,f_1
9636,2022-06-29 12:00:00,f,f_1
9637,2022-06-29 13:00:00,f,f_1
9638,2022-06-29 14:00:00,f,f_1
9639,2022-06-29 15:00:00,f,f_1
9640,2022-06-29 16:00:00,b,b_0
9641,2022-06-29 17:00:00,e,e_1
9642,2022-06-29 18:00:00,e,e_1
9643,2022-06-29 19:00:00,e,e_1
9644,2022-06-29 20:00:00,e,e_1
9645,2022-06-29 21:00:00,e,e_1
9646,2022-06-29 22:00:00,e,e_1
9647,2022-06-29 23:00:00,e,e_1
9648,2022-06-30 00:00:00,a,a_1
9649,2022-06-30 01:00:00,a,a_1
9650,2022-06-30 02:00:00,a,a_1
9651,2022-06-30 03:00:00,a,a_1
9652,2022-06-30 04:00:00,a,a_1
9653,2022-06-30 05:00:00,a,a_1
9654,2022-06-30 06:00:00,a,a_1
9655,2022-06-30 07:00:00,a,a_1
9656,2022-06-30 08:00:00,h,h_0
9657,2022-06-30 09:00:00,a,a_0
9658,2022-06-30 10:00:00,a,a_0
9659,2022-06-30 11:00:00,g,g_1
9660,2022-06-30 12:00:00,g,g_1
9661,2022-06-30 13:00:00,c,c_1
9662,2022-06-30 14:00:00,c,c_1
9663,2022-06-30 15:00:00,c,c_1
9664,2022-06-30 16:00:00,c,c_1
9665,2022-06-30 17:00:00,c,c_1
9666,2022-06-30 18:00:00,c,c_1
9667,2022-06-30 19:00:00,c,c_1
9668,2022-06-30 20:00:00,c,c_1
9669,2022-06-30 21:00:00,e,e_0
9670,2022-06-30 22:00:00,e,e_0
9671,2022-06-30 23:00:00,b,b_1
9672,2022-07-01 00:00:00,b,b_1
9673,2022-07-01 01:00:00,b,b_1
9674,2022-07-01 02:00:00,b,b_1
9675,2022-07-01 03:00:00,b,b_1
9676,2022-07-01 04:00:00,b,b_1
9677,2022-07-01 05:00:00,b,b_1
9678,2022-07-01 06:00:00,b,b_1
9679,2022-07-01 07:00:00,f,f_0
9680,2022-07-01 08:00:00,c,c_0
9681,2022-07-01 09:00:00,c,c_0
9682,2022-07-01 10:00:00,d,d_0
9683,2022-07-01 11:00:00,d,d_0
9684,2022-07-01 12:00:00,f,f_0
9685,2022-07-01 13:00:00,g,g_0
9686,2022-07-01 14:00:00,e,e_1
9687,2022-07-01 15:00:00,e,e_1
9688,2022-07-01 16:00:00,e,e_1
9689,2022-07-01 17:00:00,e,e_1
9690,2022-07-01 18:00:00,e,e_1
9691,2022-07-01 19:00:00,e,e_1
9692,2022-07-01 20:00:00,e,e_1
9693,2022-07-01 21:00:00,e,e_1
9694,2022-07-01 22:00:00,g,g_1
9695,2022-07-01 23:00:00,g,g_1
9696,2022-07-02 00:00:00,b,b_0
9697,2022-07-02 01:00:00,f,f_1
9698,2022-07-02 02:00:00,f,f_1
9699,2022-07-02 03:00:00,f,f_1
9700,2022-07-02 04:00:00,f,f_1
9701,2022-07-02 05:00:00,f,f_1
9702,2022-07-02 06:00:00,f,f_1
9703,2022-07-02 07:00:00,f,f_1
9704,2022-07-02 08:00:00,h,h_1
9705,2022-07-02 09:00:00,h,h_1
9706,2022-07-02 10:00:00,a,a_0
9707,2022-07-02 11:00:00,b,b_1
9708,2022-07-02 12:00:00,b,b_1
9709,2022-07-02 13:00:00,b,b_1
9710,2022-07-02 14:00:00,b,b_1
9711,2022-07-02 15:00:00,b,b_1
9712,2022-07-02 16:00:00,b,b_1
9713,2022-07-02 17:00:00,b,b_1
9714,2022-07-02 18:00:00,b,b_1
9715,2022-07-02 19:00:00,h,h_0
9716,2022-07-02 20:00:00,f,f_1
9717,2022-07-02 21:00:00,f,f_1
9718,2022-07-02 22:00:00,f,f_1
9719,2022-07-02 23:00:00,f,f_1
9720,2022-07-03 00:00:00,f,f_1
9721,2022-07-03 01:00:00,f,f_1
9722,2022-07-03 02:00:00,f,f_1
9723,2022-07-03 03:00:00,f,f_1
9724,2022-07-03 04:00:00,c,c_1
9725,2022-07-03 05:00:00,c,c_1
9726,2022-07-03 06:00:00,c,c_1
9727,2022-07-03 07:00:00,c,c_1
9728,2022-07-03 08:00:00,c,c_1
9729,2022-07-03 09:00:00,c,c_1
9730,2022-07-03 10:00:00,c,c_1
9731,2022-07-03 11:00:00,c,c_1
9732,2022-07-03 12:00:00,d,d_0
9733,2022-07-03 13:00:00,b,b_1
9734,2022-07-03 14:00:00,b,b_1
9735,2022-07-03 15:00:00,b,b_1
9736,2022-07-03 16:00:00,b,b_1
9737,2022-07-03 17:00:00,b,b_1
9738,2022-07-03 18:00:00,b,b_1
9739,2022-07-03 19:00:00,b,b_1
9740,2022-07-03 20:00:00,h,h_0
9741,2022-07-03 21:00:00,d,d_0
9742,2022-07-03 22:00:00,f,f_0
9743,2022-07-03 23:00:00,c,c_1
9744,2022-07-04 00:00:00,c,c_1
9745,2022-07-04 01:00:00,c,c_1
9746,2022-07-04 02:00:00,c,c_1
9747,2022-07-04 03:00:00,c,c_1
9748,2022-07-04 04:00:00,c,c_1
9749,2022-07-04 05:00:00,c,c_1
9750,2022-07-04 06:00:00,c,c_1
9751,2022-07-04 07:00:00,e,e_1
9752,2022-07-04 08:00:00,e,e_1
9753,2022-07-04 09:00:00,e,e_1
9754,2022-07-04 10:00:00,e,e_1
9755,2022-07-04 11:00:00,e,e_1
9756,2022-07-04 12:00:00,e,e_1
9757,2022-07-04 13:00:00,e,e_1
9758,2022-07-04 14:00:00,e,e_1
9759,2022-07-04 15:00:00,d,d_0
9760,2022-07-04 16:00:00,g,g_1
9761,2022-07-04 17:00:00,g,g_1
9762,2022-07-04 18:00:00,f,f_1
9763,2022-07-04 19:00:00,f,f_1
9764,2022-07-04 20:00:00,f,f_1
9765,2022-07-04 21:00:00,f,f_1
9766,2022-07-04 22:00:00,f,f_1
9767,2022-07-04 23:00:00,f,f_1
9768,2022-07-05 00:00:00,f,f_1
9769,2022-07-05 01:00:00,a,a_0
9770,2022-07-05 02:00:00,a,a_0
9771,2022-07-05 03:00:00,h,h_1
9772,2022-07-05 04:00:00,h,h_1
9773,2022-07-05 05:00:00,e,e_1
9774,2022-07-05 06:00:00,e,e_1
9775,2022-07-05 07:00:00,e,e_1
9776,2022-07-05 08:00:00,e,e_1
9777,2022-07-05 09:00:00,e,e_1
9778,2022-07-05 10:00:00,e,e_1
9779,2022-07-05 11:00:00,e,e_1
9780,2022-07-05 12:00:00,e,e_1
9781,2022-07-05 13:00:00,f,f_1
9782,2022-07-05 14:00:00,f,f_1
9783,2022-07-05 15:00:00,f,f_1
9784,2022-07-05 16:00:00,f,f_1
9785,2022-07-05 17:00:00,f,f_1
9786,2022-07-05 18:00:00,f,f_1
9787,2022-07-05 19:00:00,f,f_1
9788,2022-07-05 20:00:00,f,f_1
9789,2022-07-05 21:00:00,d,d_0
9790,2022-07-05 22:00:00,d,d_0
9791,2022-07-05 23:00:00,b,b_1
9792,2022-07-06 00:00:00,b,b_1
9793,2022-07-06 01:00:00,b,b_1
9794,2022-07-06 02:00:00,b,b_1
9795,2022-07-06 03:00:00,b,b_1
9796,2022-07-06 04:00:00,b,b_1
9797,2022-07-06 05:00:00,b,b_1
9798,2022-07-06 06:00:00,b,b_1
9799,2022-07-06 07:00:00,c,c_1
9800,2022-07-06 08:00:00,c,c_1
9801,2022-07-06 09:00:00,c,c_1
9802,2022-07-06 10:00:00,c,c_1
9803,2022-07-06 11:00:00,c,c_1
9804,2022-07-06 12:00:00,c,c_1
9805,2022-07-06 13:00:00,c,c_1
9806,2022-07-06 14:00:00,d,d_0
9807,2022-07-06 15:00:00,a,a_1
9808,2022-07-06 16:00:00,a,a_1
9809,2022-07-06 17:00:00,a,a_1
9810,2022-07-06 18:00:00,a,a_1
9811,2022-07-06 19:00:00,a,a_1
9812,2022-07-06 20:00:00,a,a_1
9813,2022-07-06 21:00:00,a,a_1
9814,2022-07-06 22:00:00,a,a_1
9815,2022-07-06 23:00:00,h,h_1
9816,2022-07-07 00:00:00,h,h_1
9817,2022-07-07 01:00:00,b,b_1
9818,2022-07-07 02:00:00,b,b_1
9819,2022-07-07 03:00:00,b,b_1
9820,2022-07-07 04:00:00,b,b_1
9821,2022-07-07 05:00:00,b,b_1
9822,2022-07-07 06:00:00,b,b_1
9823,2022-07-07 07:00:00,b,b_1
9824,2022-07-07 08:00:00,b,b_1
9825,2022-07-07 09:00:00,c,c_1
9826,2022-07-07 10:00:00,c,c_1
9827,2022-07-07 11:00:00,c,c_1
9828,2022-07-07 12:00:00,c,c_1
9829,2022-07-07 13:00:00,c,c_1
9830,2022-07-07 14:00:00,c,c_1
9831,2022-07-07 15:00:00,c,c_1
9832,2022-07-07 16:00:00,f,f_0
9833,2022-07-07 17:00:00,b,b_1
9834,2022-07-07 18:00:00,b,b_1
9835,2022-07-07 19:00:00,b,b_1
9836,2022-07-07 20:00:00,b,b_1
9837,2022-07-07 21:00:00,b,b_1
9838,2022-07-07 22:00:00,b,b_1
9839,2022-07-07 23:00:00,b,b_1
9840,2022-07-08 00:00:00,e,e_1
9841,2022-07-08 01:00:00,e,e_1
9842,2022-07-08 02:00:00,e,e_1
9843,2022-07-08 03:00:00,e,e_1
9844,2022-07-08 04:00:00,e,e_1
9845,2022-07-08 05:00:00,e,e_1
9846,2022-07-08 06:00:00,e,e_1
9847,2022-07-08 07:00:00,e,e_1
9848,2022-07-08 08:00:00,c,c_1
9849,2022-07-08 09:00:00,c,c_1
9850,2022-07-08 10:00:00,c,c_1
9851,2022-07-08 11:00:00,c,c_1
9852,2022-07-08 12:00:00,c,c_1
9853,2022-07-08 13:00:00,c,c_1
9854,2022-07-08 14:00:00,c,c_1
9855,2022-07-08 15:00:00,c,c_1
9856,2022-07-08 16:00:00,g,g_1
9857,2022-07-08 17:00:00,g,g_1
9858,2022-07-08 18:00:00,e,e_0
9859,2022-07-08 19:00:00,e,e_0
9860,2022-07-08 20:00:00,f,f_0
9861,2022-07-08 21:00:00,g,g_0
9862,2022-07-08 22:00:00,d,d_0
9863,2022-07-08 23:00:00,d,d_0
9864,2022-07-09 00:00:00,g,g_0
9865,2022-07-09 01:00:00,h,h_0
9866,2022-07-09 02:00:00,g,g_1
9867,2022-07-09 03:00:00,g,g_1
9868,2022-07-09 04:00:00,e,e_0
9869,2022-07-09 05:00:00,e,e_0
9870,2022-07-09 06:00:00,b,b_1
9871,2022-07-09 07:00:00,b,b_1
9872,2022-07-09 08:00:00,b,b_1
9873,2022-07-09 09:00:00,b,b_1
9874,2022-07-09 10:00:00,b,b_1
9875,2022-07-09 11:00:00,b,b_1
9876,2022-07-09 12:00:00,b,b_1
9877,2022-07-09 13:00:00,c,c_1
9878,2022-07-09 14:00:00,c,c_1
9879,2022-07-09 15:00:00,c,c_1
9880,2022-07-09 16:00:00,c,c_1
9881,2022-07-09 17:00:00,c,c_1
9882,2022-07-09 18:00:00,c,c_1
9883,2022-07-09 19:00:00,c,c_1
9884,2022-07-09 20:00:00,f,f_0
9885,2022-07-09 21:00:00,f,f_0
9886,2022-07-09 22:00:00,a,a_1
9887,2022-07-09 23:00:00,a,a_1
9888,2022-07-10 00:00:00,a,a_1
9889,2022-07-10 01:00:00,a,a_1
9890,2022-07-10 02:00:00,a,a_1
9891,2022-07-10 03:00:00,a,a_1
9892,2022-07-10 04:00:00,a,a_1
9893,2022-07-10 05:00:00,b,b_1
9894,2022-07-10 06:00:00,b,b_1
9895,2022-07-10 07:00:00,b,b_1
9896,2022-07-10 08:00:00,b,b_1
9897,2022-07-10 09:00:00,b,b_1
9898,2022-07-10 10:00:00,b,b_1
9899,2022-07-10 11:00:00,b,b_1
9900,2022-07-10 12:00:00,b,b_1
9901,2022-07-10 13:00:00,f,f_0
9902,2022-07-10 14:00:00,d,d_0
9903,2022-07-10 15:00:00,d,d_0
9904,2022-07-10 16:00:00,g,g_0
9905,2022-07-10 17:00:00,e,e_0
9906,2022-07-10 18:00:00,e,e_0
9907,2022-07-10 19:00:00,d,d_0
9908,2022-07-10 20:00:00,c,c_1
9909,2022-07-10 21:00:00,c,c_1
9910,2022-07-10 22:00:00,c,c_1
9911,2022-07-10 23:00:00,c,c_1
9912,2022-07-11 00:00:00,c,c_1
9913,2022-07-11 01:00:00,c,c_1
9914,2022-07-11 02:00:00,c,c_1
9915,2022-07-11 03:00:00,g,g_1
9916,2022-07-11 04:00:00,g,g_1
9917,2022-07-11 05:00:00,a,a_0
9918,2022-07-11 06:00:00,e,e_1
9919,2022-07-11 07:00:00,e,e_1
9920,2022-07-11 08:00:00,e,e_1
9921,2022-07-11 09:00:00,e,e_1
9922,2022-07-11 10:00:00,e,e_1
9923,2022-07-11 11:00:00,e,e_1
9924,2022-07-11 12:00:00,e,e_1
9925,2022-07-11 13:00:00,c,c_1
9926,2022-07-11 14:00:00,c,c_1
9927,2022-07-11 15:00:00,c,c_1
9928,2022-07-11 16:00:00,c,c_1
9929,2022-07-11 17:00:00,c,c_1
9930,2022-07-11 18:00:00,c,c_1
9931,2022-07-11 19:00:00,c,c_1
9932,2022-07-11 20:00:00,a,a_1
9933,2022-07-11 21:00:00,a,a_1
9934,2022-07-11 22:00:00,a,a_1
9935,2022-07-11 23:00:00,a,a_1
9936,2022-07-12 00:00:00,a,a_1
9937,2022-07-12 01:00:00,a,a_1
9938,2022-07-12 02:00:00,a,a_1
9939,2022-07-12 03:00:00,a,a_1
9940,2022-07-12 04:00:00,b,b_1
9941,2022-07-12 05:00:00,b,b_1
9942,2022-07-12 06:00:00,b,b_1
9943,2022-07-12 07:00:00,b,b_1
9944,2022-07-12 08:00:00,b,b_1
9945,2022-07-12 09:00:00,b,b_1
9946,2022-07-12 10:00:00,b,b_1
9947,2022-07-12 11:00:00,b,b_1
9948,2022-07-12 12:00:00,f,f_1
9949,2022-07-12 13:00:00,f,f_1
9950,2022-07-12 14:00:00,f,f_1
9951,2022-07-12 15:00:00,f,f_1
9952,2022-07-12 16:00:00,f,f_1
9953,2022-07-12 17:00:00,f,f_1
9954,2022-07-12 18:00:00,f,f_1
9955,2022-07-12 19:00:00,f,f_1
9956,2022-07-12 20:00:00,c,c_1
9957,2022-07-12 21:00:00,c,c_1
9958,2022-07-12 22:00:00,c,c_1
9959,2022-07-12 23:00:00,c,c_1
9960,2022-07-13 00:00:00,c,c_1
9961,2022-07-13 01:00:00,c,c_1
9962,2022-07-13 02:00:00,c,c_1
9963,2022-07-13 03:00:00,b,b_1
9964,2022-07-13 04:00:00,b,b_1
9965,2022-07-13 05:00:00,b,b_1
9966,2022-07-13 06:00:00,b,b_1
9967,2022-07-13 07:00:00,b,b_1
9968,2022-07-13 08:00:00,b,b_1
9969,2022-07-13 09:00:00,b,b_1
9970,2022-07-13 10:00:00,d,d_0
9971,2022-07-13 11:00:00,d,d_0
9972,2022-07-13 12:00:00,c,c_1
9973,2022-07-13 13:00:00,c,c_1
9974,2022-07-13 14:00:00,c,c_1
9975,2022-07-13 15:00:00,c,c_1
9976,2022-07-13 16:00:00,c,c_1
9977,2022-07-13 17:00:00,c,c_1
9978,2022-07-13 18:00:00,c,c_1
9979,2022-07-13 19:00:00,c,c_1
9980,2022-07-13 20:00:00,f,f_1
9981,2022-07-13 21:00:00,f,f_1
9982,2022-07-13 22:00:00,f,f_1
9983,2022-07-13 23:00:00,f,f_1
9984,2022-07-14 00:00:00,f,f_1
9985,2022-07-14 01:00:00,f,f_1
9986,2022-07-14 02:00:00,f,f_1
9987,2022-07-14 03:00:00,c,c_1
9988,2022-07-14 04:00:00,c,c_1
9989,2022-07-14 05:00:00,c,c_1
9990,2022-07-14 06:00:00,c,c_1
9991,2022-07-14 07:00:00,c,c_1
9992,2022-07-14 08:00:00,c,c_1
9993,2022-07-14 09:00:00,c,c_1
9994,2022-07-14 10:00:00,c,c_1
9995,2022-07-14 11:00:00,e,e_1
9996,2022-07-14 12:00:00,e,e_1
9997,2022-07-14 13:00:00,e,e_1
9998,2022-07-14 14:00:00,e,e_1
9999,2022-07-14 15:00:00,e,e_1
10000,2022-07-14 16:00:00,e,e_1
10001,2022-07-14 17:00:00,e,e_1
10002,2022-07-14 18:00:00,e,e_1
10003,2022-07-14 19:00:00,b,b_1
10004,2022-07-14 20:00:00,b,b_1
10005,2022-07-14 21:00:00,b,b_1
10006,2022-07-14 22:00:00,b,b_1
10007,2022-07-14 23:00:00,b,b_1
10008,2022-07-15 00:00:00,b,b_1
10009,2022-07-15 01:00:00,b,b_1
10010,2022-07-15 02:00:00,f,f_1
10011,2022-07-15 03:00:00,f,f_1
10012,2022-07-15 04:00:00,f,f_1
10013,2022-07-15 05:00:00,f,f_1
10014,2022-07-15 06:00:00,f,f_1
10015,2022-07-15 07:00:00,f,f_1
10016,2022-07-15 08:00:00,f,f_1
10017,2022-07-15 09:00:00,f,f_1
10018,2022-07-15 10:00:00,a,a_0
10019,2022-07-15 11:00:00,e,e_1
10020,2022-07-15 12:00:00,e,e_1
10021,2022-07-15 13:00:00,e,e_1
10022,2022-07-15 14:00:00,e,e_1
10023,2022-07-15 15:00:00,e,e_1
10024,2022-07-15 16:00:00,e,e_1
10025,2022-07-15 17:00:00,e,e_1
10026,2022-07-15 18:00:00,e,e_1
10027,2022-07-15 19:00:00,g,g_0
10028,2022-07-15 20:00:00,h,h_1
10029,2022-07-15 21:00:00,h,h_1
10030,2022-07-15 22:00:00,f,f_1
10031,2022-07-15 23:00:00,f,f_1
10032,2022-07-16 00:00:00,f,f_1
10033,2022-07-16 01:00:00,f,f_1
10034,2022-07-16 02:00:00,f,f_1
10035,2022-07-16 03:00:00,f,f_1
10036,2022-07-16 04:00:00,f,f_1
10037,2022-07-16 05:00:00,h,h_0
10038,2022-07-16 06:00:00,c,c_1
10039,2022-07-16 07:00:00,c,c_1
10040,2022-07-16 08:00:00,c,c_1
10041,2022-07-16 09:00:00,c,c_1
10042,2022-07-16 10:00:00,c,c_1
10043,2022-07-16 11:00:00,c,c_1
10044,2022-07-16 12:00:00,c,c_1
10045,2022-07-16 13:00:00,h,h_0
10046,2022-07-16 14:00:00,e,e_1
10047,2022-07-16 15:00:00,e,e_1
10048,2022-07-16 16:00:00,e,e_1
10049,2022-07-16 17:00:00,e,e_1
10050,2022-07-16 18:00:00,e,e_1
10051,2022-07-16 19:00:00,e,e_1
10052,2022-07-16 20:00:00,e,e_1
10053,2022-07-16 21:00:00,e,e_1
10054,2022-07-16 22:00:00,f,f_1
10055,2022-07-16 23:00:00,f,f_1
10056,2022-07-17 00:00:00,f,f_1
10057,2022-07-17 01:00:00,f,f_1
10058,2022-07-17 02:00:00,f,f_1
10059,2022-07-17 03:00:00,f,f_1
10060,2022-07-17 04:00:00,f,f_1
10061,2022-07-17 05:00:00,f,f_1
10062,2022-07-17 06:00:00,d,d_0
10063,2022-07-17 07:00:00,c,c_1
10064,2022-07-17 08:00:00,c,c_1
10065,2022-07-17 09:00:00,c,c_1
10066,2022-07-17 10:00:00,c,c_1
10067,2022-07-17 11:00:00,c,c_1
10068,2022-07-17 12:00:00,c,c_1
10069,2022-07-17 13:00:00,c,c_1
10070,2022-07-17 14:00:00,c,c_1
10071,2022-07-17 15:00:00,a,a_0
10072,2022-07-17 16:00:00,a,a_0
10073,2022-07-17 17:00:00,f,f_0
10074,2022-07-17 18:00:00,f,f_0
10075,2022-07-17 19:00:00,a,a_1
10076,2022-07-17 20:00:00,a,a_1
10077,2022-07-17 21:00:00,a,a_1
10078,2022-07-17 22:00:00,a,a_1
10079,2022-07-17 23:00:00,a,a_1
10080,2022-07-18 00:00:00,a,a_1
10081,2022-07-18 01:00:00,a,a_1
10082,2022-07-18 02:00:00,a,a_1
10083,2022-07-18 03:00:00,b,b_1
10084,2022-07-18 04:00:00,b,b_1
10085,2022-07-18 05:00:00,b,b_1
10086,2022-07-18 06:00:00,b,b_1
10087,2022-07-18 07:00:00,b,b_1
10088,2022-07-18 08:00:00,b,b_1
10089,2022-07-18 09:00:00,b,b_1
10090,2022-07-18 10:00:00,f,f_0
10091,2022-07-18 11:00:00,c,c_1
10092,2022-07-18 12:00:00,c,c_1
10093,2022-07-18 13:00:00,c,c_1
10094,2022-07-18 14:00:00,c,c_1
10095,2022-07-18 15:00:00,c,c_1
10096,2022-07-18 16:00:00,c,c_1
10097,2022-07-18 17:00:00,c,c_1
10098,2022-07-18 18:00:00,g,g_1
10099,2022-07-18 19:00:00,g,g_1
10100,2022-07-18 20:00:00,h,h_1
10101,2022-07-18 21:00:00,h,h_1
10102,2022-07-18 22:00:00,d,d_0
10103,2022-07-18 23:00:00,f,f_0
10104,2022-07-19 00:00:00,c,c_1
10105,2022-07-19 01:00:00,c,c_1
10106,2022-07-19 02:00:00,c,c_1
10107,2022-07-19 03:00:00,c,c_1
10108,2022-07-19 04:00:00,c,c_1
10109,2022-07-19 05:00:00,c,c_1
10110,2022-07-19 06:00:00,c,c_1
10111,2022-07-19 07:00:00,c,c_1
10112,2022-07-19 08:00:00,e,e_1
10113,2022-07-19 09:00:00,e,e_1
10114,2022-07-19 10:00:00,e,e_1
10115,2022-07-19 11:00:00,e,e_1
10116,2022-07-19 12:00:00,e,e_1
10117,2022-07-19 13:00:00,e,e_1
10118,2022-07-19 14:00:00,e,e_1
10119,2022-07-19 15:00:00,e,e_1
10120,2022-07-19 16:00:00,a,a_1
10121,2022-07-19 17:00:00,a,a_1
10122,2022-07-19 18:00:00,a,a_1
10123,2022-07-19 19:00:00,a,a_1
10124,2022-07-19 20:00:00,a,a_1
10125,2022-07-19 21:00:00,a,a_1
10126,2022-07-19 22:00:00,a,a_1
10127,2022-07-19 23:00:00,b,b_1
10128,2022-07-20 00:00:00,b,b_1
10129,2022-07-20 01:00:00,b,b_1
10130,2022-07-20 02:00:00,b,b_1
10131,2022-07-20 03:00:00,b,b_1
10132,2022-07-20 04:00:00,b,b_1
10133,2022-07-20 05:00:00,b,b_1
10134,2022-07-20 06:00:00,b,b_1
10135,2022-07-20 07:00:00,d,d_0
10136,2022-07-20 08:00:00,d,d_0
10137,2022-07-20 09:00:00,h,h_0
10138,2022-07-20 10:00:00,f,f_1
10139,2022-07-20 11:00:00,f,f_1
10140,2022-07-20 12:00:00,f,f_1
10141,2022-07-20 13:00:00,f,f_1
10142,2022-07-20 14:00:00,f,f_1
10143,2022-07-20 15:00:00,f,f_1
10144,2022-07-20 16:00:00,f,f_1
10145,2022-07-20 17:00:00,g,g_0
10146,2022-07-20 18:00:00,d,d_0
10147,2022-07-20 19:00:00,c,c_0
10148,2022-07-20 20:00:00,c,c_0
10149,2022-07-20 21:00:00,e,e_1
10150,2022-07-20 22:00:00,e,e_1
10151,2022-07-20 23:00:00,e,e_1
10152,2022-07-21 00:00:00,e,e_1
10153,2022-07-21 01:00:00,e,e_1
10154,2022-07-21 02:00:00,e,e_1
10155,2022-07-21 03:00:00,e,e_1
10156,2022-07-21 04:00:00,e,e_1
10157,2022-07-21 05:00:00,h,h_1
10158,2022-07-21 06:00:00,h,h_1
10159,2022-07-21 07:00:00,a,a_1
10160,2022-07-21 08:00:00,a,a_1
10161,2022-07-21 09:00:00,a,a_1
10162,2022-07-21 10:00:00,a,a_1
10163,2022-07-21 11:00:00,a,a_1
10164,2022-07-21 12:00:00,a,a_1
10165,2022-07-21 13:00:00,a,a_1
10166,2022-07-21 14:00:00,a,a_1
10167,2022-07-21 15:00:00,f,f_1
10168,2022-07-21 16:00:00,f,f_1
10169,2022-07-21 17:00:00,f,f_1
10170,2022-07-21 18:00:00,f,f_1
10171,2022-07-21 19:00:00,f,f_1
10172,2022-07-21 20:00:00,f,f_1
10173,2022-07-21 21:00:00,f,f_1
10174,2022-07-21 22:00:00,f,f_1
10175,2022-07-21 23:00:00,b,b_1
10176,2022-07-22 00:00:00,b,b_1
10177,2022-07-22 01:00:00,b,b_1
10178,2022-07-22 02:00:00,b,b_1
10179,2022-07-22 03:00:00,b,b_1
10180,2022-07-22 04:00:00,b,b_1
10181,2022-07-22 05:00:00,b,b_1
10182,2022-07-22 06:00:00,b,b_1
10183,2022-07-22 07:00:00,f,f_1
10184,2022-07-22 08:00:00,f,f_1
10185,2022-07-22 09:00:00,f,f_1
10186,2022-07-22 10:00:00,f,f_1
10187,2022-07-22 11:00:00,f,f_1
10188,2022-07-22 12:00:00,f,f_1
10189,2022-07-22 13:00:00,f,f_1
10190,2022-07-22 14:00:00,d,d_1
10191,2022-07-22 15:00:00,d,d_1
10192,2022-07-22 16:00:00,d,d_1
10193,2022-07-22 17:00:00,d,d_1
10194,2022-07-22 18:00:00,d,d_1
10195,2022-07-22 19:00:00,d,d_1
10196,2022-07-22 20:00:00,d,d_1
10197,2022-07-22 21:00:00,d,d_1
10198,2022-07-22 22:00:00,b,b_1
10199,2022-07-22 23:00:00,b,b_1
10200,2022-07-23 00:00:00,b,b_1
10201,2022-07-23 01:00:00,b,b_1
10202,2022-07-23 02:00:00,b,b_1
10203,2022-07-23 03:00:00,b,b_1
10204,2022-07-23 04:00:00,b,b_1
10205,2022-07-23 05:00:00,g,g_1
10206,2022-07-23 06:00:00,g,g_1
10207,2022-07-23 07:00:00,h,h_1
10208,2022-07-23 08:00:00,h,h_1
10209,2022-07-23 09:00:00,c,c_1
10210,2022-07-23 10:00:00,c,c_1
10211,2022-07-23 11:00:00,c,c_1
10212,2022-07-23 12:00:00,c,c_1
10213,2022-07-23 13:00:00,c,c_1
10214,2022-07-23 14:00:00,c,c_1
10215,2022-07-23 15:00:00,c,c_1
10216,2022-07-23 16:00:00,e,e_0
10217,2022-07-23 17:00:00,d,d_0
10218,2022-07-23 18:00:00,f,f_0
10219,2022-07-23 19:00:00,e,e_1
10220,2022-07-23 20:00:00,e,e_1
10221,2022-07-23 21:00:00,e,e_1
10222,2022-07-23 22:00:00,e,e_1
10223,2022-07-23 23:00:00,e,e_1
10224,2022-07-24 00:00:00,e,e_1
10225,2022-07-24 01:00:00,e,e_1
10226,2022-07-24 02:00:00,e,e_1
10227,2022-07-24 03:00:00,f,f_1
10228,2022-07-24 04:00:00,f,f_1
10229,2022-07-24 05:00:00,f,f_1
10230,2022-07-24 06:00:00,f,f_1
10231,2022-07-24 07:00:00,f,f_1
10232,2022-07-24 08:00:00,f,f_1
10233,2022-07-24 09:00:00,f,f_1
10234,2022-07-24 10:00:00,g,g_1
10235,2022-07-24 11:00:00,g,g_1
10236,2022-07-24 12:00:00,f,f_1
10237,2022-07-24 13:00:00,f,f_1
10238,2022-07-24 14:00:00,f,f_1
10239,2022-07-24 15:00:00,f,f_1
10240,2022-07-24 16:00:00,f,f_1
10241,2022-07-24 17:00:00,f,f_1
10242,2022-07-24 18:00:00,f,f_1
10243,2022-07-24 19:00:00,h,h_0
10244,2022-07-24 20:00:00,a,a_1
10245,2022-07-24 21:00:00,a,a_1
10246,2022-07-24 22:00:00,a,a_1
10247,2022-07-24 23:00:00,a,a_1
10248,2022-07-25 00:00:00,a,a_1
10249,2022-07-25 01:00:00,a,a_1
10250,2022-07-25 02:00:00,a,a_1
10251,2022-07-25 03:00:00,a,a_1
10252,2022-07-25 04:00:00,e,e_0
10253,2022-07-25 05:00:00,e,e_0
10254,2022-07-25 06:00:00,f,f_0
10255,2022-07-25 07:00:00,f,f_0
10256,2022-07-25 08:00:00,g,g_1
10257,2022-07-25 09:00:00,g,g_1
10258,2022-07-25 10:00:00,a,a_0
10259,2022-07-25 11:00:00,a,a_0
10260,2022-07-25 12:00:00,g,g_0
10261,2022-07-25 13:00:00,f,f_0
10262,2022-07-25 14:00:00,f,f_0
10263,2022-07-25 15:00:00,b,b_0
10264,2022-07-25 16:00:00,b,b_0
10265,2022-07-25 17:00:00,a,a_0
10266,2022-07-25 18:00:00,b,b_1
10267,2022-07-25 19:00:00,b,b_1
10268,2022-07-25 20:00:00,b,b_1
10269,2022-07-25 21:00:00,b,b_1
10270,2022-07-25 22:00:00,b,b_1
10271,2022-07-25 23:00:00,b,b_1
10272,2022-07-26 00:00:00,b,b_1
10273,2022-07-26 01:00:00,h,h_0
10274,2022-07-26 02:00:00,f,f_1
10275,2022-07-26 03:00:00,f,f_1
10276,2022-07-26 04:00:00,f,f_1
10277,2022-07-26 05:00:00,f,f_1
10278,2022-07-26 06:00:00,f,f_1
10279,2022-07-26 07:00:00,f,f_1
10280,2022-07-26 08:00:00,f,f_1
10281,2022-07-26 09:00:00,e,e_0
10282,2022-07-26 10:00:00,g,g_0
10283,2022-07-26 11:00:00,b,b_0
10284,2022-07-26 12:00:00,b,b_0
10285,2022-07-26 13:00:00,c,c_1
10286,2022-07-26 14:00:00,c,c_1
10287,2022-07-26 15:00:00,c,c_1
10288,2022-07-26 16:00:00,c,c_1
10289,2022-07-26 17:00:00,c,c_1
10290,2022-07-26 18:00:00,c,c_1
10291,2022-07-26 19:00:00,c,c_1
10292,2022-07-26 20:00:00,c,c_1
10293,2022-07-26 21:00:00,f,f_0
10294,2022-07-26 22:00:00,a,a_0
10295,2022-07-26 23:00:00,a,a_0
10296,2022-07-27 00:00:00,e,e_1
10297,2022-07-27 01:00:00,e,e_1
10298,2022-07-27 02:00:00,e,e_1
10299,2022-07-27 03:00:00,e,e_1
10300,2022-07-27 04:00:00,e,e_1
10301,2022-07-27 05:00:00,e,e_1
10302,2022-07-27 06:00:00,e,e_1
10303,2022-07-27 07:00:00,e,e_1
10304,2022-07-27 08:00:00,c,c_0
10305,2022-07-27 09:00:00,c,c_0
10306,2022-07-27 10:00:00,f,f_1
10307,2022-07-27 11:00:00,f,f_1
10308,2022-07-27 12:00:00,f,f_1
10309,2022-07-27 13:00:00,f,f_1
10310,2022-07-27 14:00:00,f,f_1
10311,2022-07-27 15:00:00,f,f_1
10312,2022-07-27 16:00:00,f,f_1
10313,2022-07-27 17:00:00,f,f_1
10314,2022-07-27 18:00:00,e,e_1
10315,2022-07-27 19:00:00,e,e_1
10316,2022-07-27 20:00:00,e,e_1
10317,2022-07-27 21:00:00,e,e_1
10318,2022-07-27 22:00:00,e,e_1
10319,2022-07-27 23:00:00,e,e_1
10320,2022-07-28 00:00:00,e,e_1
10321,2022-07-28 01:00:00,e,e_1
10322,2022-07-28 02:00:00,d,d_1
10323,2022-07-28 03:00:00,d,d_1
10324,2022-07-28 04:00:00,d,d_1
10325,2022-07-28 05:00:00,d,d_1
10326,2022-07-28 06:00:00,d,d_1
10327,2022-07-28 07:00:00,d,d_1
10328,2022-07-28 08:00:00,d,d_1
10329,2022-07-28 09:00:00,d,d_1
10330,2022-07-28 10:00:00,h,h_0
10331,2022-07-28 11:00:00,g,g_1
10332,2022-07-28 12:00:00,g,g_1
10333,2022-07-28 13:00:00,f,f_1
10334,2022-07-28 14:00:00,f,f_1
10335,2022-07-28 15:00:00,f,f_1
10336,2022-07-28 16:00:00,f,f_1
10337,2022-07-28 17:00:00,f,f_1
10338,2022-07-28 18:00:00,f,f_1
10339,2022-07-28 19:00:00,f,f_1
10340,2022-07-28 20:00:00,f,f_1
10341,2022-07-28 21:00:00,g,g_0
10342,2022-07-28 22:00:00,h,h_0
10343,2022-07-28 23:00:00,g,g_0
10344,2022-07-29 00:00:00,h,h_0
10345,2022-07-29 01:00:00,e,e_1
10346,2022-07-29 02:00:00,e,e_1
10347,2022-07-29 03:00:00,e,e_1
10348,2022-07-29 04:00:00,e,e_1
10349,2022-07-29 05:00:00,e,e_1
10350,2022-07-29 06:00:00,e,e_1
10351,2022-07-29 07:00:00,e,e_1
10352,2022-07-29 08:00:00,a,a_0
10353,2022-07-29 09:00:00,c,c_0
10354,2022-07-29 10:00:00,c,c_0
10355,2022-07-29 11:00:00,d,d_1
10356,2022-07-29 12:00:00,d,d_1
10357,2022-07-29 13:00:00,d,d_1
10358,2022-07-29 14:00:00,d,d_1
10359,2022-07-29 15:00:00,d,d_1
10360,2022-07-29 16:00:00,d,d_1
10361,2022-07-29 17:00:00,d,d_1
10362,2022-07-29 18:00:00,d,d_1
10363,2022-07-29 19:00:00,h,h_1
10364,2022-07-29 20:00:00,h,h_1
10365,2022-07-29 21:00:00,b,b_0
10366,2022-07-29 22:00:00,d,d_1
10367,2022-07-29 23:00:00,d,d_1
10368,2022-07-30 00:00:00,d,d_1
10369,2022-07-30 01:00:00,d,d_1
10370,2022-07-30 02:00:00,d,d_1
10371,2022-07-30 03:00:00,d,d_1
10372,2022-07-30 04:00:00,d,d_1
10373,2022-07-30 05:00:00,g,g_0
10374,2022-07-30 06:00:00,e,e_1
10375,2022-07-30 07:00:00,e,e_1
10376,2022-07-30 08:00:00,e,e_1
10377,2022-07-30 09:00:00,e,e_1
10378,2022-07-30 10:00:00,e,e_1
10379,2022-07-30 11:00:00,e,e_1
10380,2022-07-30 12:00:00,e,e_1
10381,2022-07-30 13:00:00,h,h_0
10382,2022-07-30 14:00:00,c,c_0
10383,2022-07-30 15:00:00,f,f_0
10384,2022-07-30 16:00:00,f,f_0
10385,2022-07-30 17:00:00,g,g_0
10386,2022-07-30 18:00:00,e,e_0
10387,2022-07-30 19:00:00,h,h_1
10388,2022-07-30 20:00:00,h,h_1
10389,2022-07-30 21:00:00,a,a_1
10390,2022-07-30 22:00:00,a,a_1
10391,2022-07-30 23:00:00,a,a_1
10392,2022-07-31 00:00:00,a,a_1
10393,2022-07-31 01:00:00,a,a_1
10394,2022-07-31 02:00:00,a,a_1
10395,2022-07-31 03:00:00,a,a_1
10396,2022-07-31 04:00:00,h,h_0
10397,2022-07-31 05:00:00,d,d_0
10398,2022-07-31 06:00:00,b,b_1
10399,2022-07-31 07:00:00,b,b_1
10400,2022-07-31 08:00:00,b,b_1
10401,2022-07-31 09:00:00,b,b_1
10402,2022-07-31 10:00:00,b,b_1
10403,2022-07-31 11:00:00,b,b_1
10404,2022-07-31 12:00:00,b,b_1
10405,2022-07-31 13:00:00,f,f_0
10406,2022-07-31 14:00:00,f,f_0
10407,2022-07-31 15:00:00,c,c_1
10408,2022-07-31 16:00:00,c,c_1
10409,2022-07-31 17:00:00,c,c_1
10410,2022-07-31 18:00:00,c,c_1
10411,2022-07-31 19:00:00,c,c_1
10412,2022-07-31 20:00:00,c,c_1
10413,2022-07-31 21:00:00,c,c_1
10414,2022-07-31 22:00:00,c,c_1
10415,2022-07-31 23:00:00,e,e_1
10416,2022-08-01 00:00:00,e,e_1
10417,2022-08-01 01:00:00,e,e_1
10418,2022-08-01 02:00:00,e,e_1
10419,2022-08-01 03:00:00,e,e_1
10420,2022-08-01 04:00:00,e,e_1
10421,2022-08-01 05:00:00,e,e_1
10422,2022-08-01 06:00:00,e,e_1
10423,2022-08-01 07:00:00,d,d_0
10424,2022-08-01 08:00:00,a,a_1
10425,2022-08-01 09:00:00,a,a_1
10426,2022-08-01 10:00:00,a,a_1
10427,2022-08-01 11:00:00,a,a_1
10428,2022-08-01 12:00:00,a,a_1
10429,2022-08-01 13:00:00,a,a_1
10430,2022-08-01 14:00:00,a,a_1
10431,2022-08-01 15:00:00,a,a_1
10432,2022-08-01 16:00:00,b,b_0
10433,2022-08-01 17:00:00,b,b_0
10434,2022-08-01 18:00:00,c,c_0
10435,2022-08-01 19:00:00,d,d_1
10436,2022-08-01 20:00:00,d,d_1
10437,2022-08-01 21:00:00,d,d_1
10438,2022-08-01 22:00:00,d,d_1
10439,2022-08-01 23:00:00,d,d_1
10440,2022-08-02 00:00:00,d,d_1
10441,2022-08-02 01:00:00,d,d_1
10442,2022-08-02 02:00:00,b,b_1
10443,2022-08-02 03:00:00,b,b_1
10444,2022-08-02 04:00:00,b,b_1
10445,2022-08-02 05:00:00,b,b_1
10446,2022-08-02 06:00:00,b,b_1
10447,2022-08-02 07:00:00,b,b_1
10448,2022-08-02 08:00:00,b,b_1
10449,2022-08-02 09:00:00,e,e_1
10450,2022-08-02 10:00:00,e,e_1
10451,2022-08-02 11:00:00,e,e_1
10452,2022-08-02 12:00:00,e,e_1
10453,2022-08-02 13:00:00,e,e_1
10454,2022-08-02 14:00:00,e,e_1
10455,2022-08-02 15:00:00,e,e_1
10456,2022-08-02 16:00:00,e,e_1
10457,2022-08-02 17:00:00,d,d_1
10458,2022-08-02 18:00:00,d,d_1
10459,2022-08-02 19:00:00,d,d_1
10460,2022-08-02 20:00:00,d,d_1
10461,2022-08-02 21:00:00,d,d_1
10462,2022-08-02 22:00:00,d,d_1
10463,2022-08-02 23:00:00,d,d_1
10464,2022-08-03 00:00:00,e,e_1
10465,2022-08-03 01:00:00,e,e_1
10466,2022-08-03 02:00:00,e,e_1
10467,2022-08-03 03:00:00,e,e_1
10468,2022-08-03 04:00:00,e,e_1
10469,2022-08-03 05:00:00,e,e_1
10470,2022-08-03 06:00:00,e,e_1
10471,2022-08-03 07:00:00,e,e_1
10472,2022-08-03 08:00:00,c,c_1
10473,2022-08-03 09:00:00,c,c_1
10474,2022-08-03 10:00:00,c,c_1
10475,2022-08-03 11:00:00,c,c_1
10476,2022-08-03 12:00:00,c,c_1
10477,2022-08-03 13:00:00,c,c_1
10478,2022-08-03 14:00:00,c,c_1
10479,2022-08-03 15:00:00,f,f_1
10480,2022-08-03 16:00:00,f,f_1
10481,2022-08-03 17:00:00,f,f_1
10482,2022-08-03 18:00:00,f,f_1
10483,2022-08-03 19:00:00,f,f_1
10484,2022-08-03 20:00:00,f,f_1
10485,2022-08-03 21:00:00,f,f_1
10486,2022-08-03 22:00:00,f,f_1
10487,2022-08-03 23:00:00,c,c_1
10488,2022-08-04 00:00:00,c,c_1
10489,2022-08-04 01:00:00,c,c_1
10490,2022-08-04 02:00:00,c,c_1
10491,2022-08-04 03:00:00,c,c_1
10492,2022-08-04 04:00:00,c,c_1
10493,2022-08-04 05:00:00,c,c_1
10494,2022-08-04 06:00:00,c,c_1
10495,2022-08-04 07:00:00,a,a_0
10496,2022-08-04 08:00:00,a,a_0
10497,2022-08-04 09:00:00,g,g_0
10498,2022-08-04 10:00:00,h,h_1
10499,2022-08-04 11:00:00,h,h_1
10500,2022-08-04 12:00:00,d,d_0
10501,2022-08-04 13:00:00,d,d_0
10502,2022-08-04 14:00:00,e,e_1
10503,2022-08-04 15:00:00,e,e_1
10504,2022-08-04 16:00:00,e,e_1
10505,2022-08-04 17:00:00,e,e_1
10506,2022-08-04 18:00:00,e,e_1
10507,2022-08-04 19:00:00,e,e_1
10508,2022-08-04 20:00:00,e,e_1
10509,2022-08-04 21:00:00,e,e_1
10510,2022-08-04 22:00:00,b,b_0
10511,2022-08-04 23:00:00,b,b_0
10512,2022-08-05 00:00:00,c,c_0
10513,2022-08-05 01:00:00,c,c_0
10514,2022-08-05 02:00:00,d,d_1
10515,2022-08-05 03:00:00,d,d_1
10516,2022-08-05 04:00:00,d,d_1
10517,2022-08-05 05:00:00,d,d_1
10518,2022-08-05 06:00:00,d,d_1
10519,2022-08-05 07:00:00,d,d_1
10520,2022-08-05 08:00:00,d,d_1
10521,2022-08-05 09:00:00,d,d_1
10522,2022-08-05 10:00:00,b,b_0
10523,2022-08-05 11:00:00,b,b_0
10524,2022-08-05 12:00:00,c,c_1
10525,2022-08-05 13:00:00,c,c_1
10526,2022-08-05 14:00:00,c,c_1
10527,2022-08-05 15:00:00,c,c_1
10528,2022-08-05 16:00:00,c,c_1
10529,2022-08-05 17:00:00,c,c_1
10530,2022-08-05 18:00:00,c,c_1
10531,2022-08-05 19:00:00,f,f_1
10532,2022-08-05 20:00:00,f,f_1
10533,2022-08-05 21:00:00,f,f_1
10534,2022-08-05 22:00:00,f,f_1
10535,2022-08-05 23:00:00,f,f_1
10536,2022-08-06 00:00:00,f,f_1
10537,2022-08-06 01:00:00,f,f_1
10538,2022-08-06 02:00:00,f,f_1
10539,2022-08-06 03:00:00,g,g_0
10540,2022-08-06 04:00:00,d,d_1
10541,2022-08-06 05:00:00,d,d_1
10542,2022-08-06 06:00:00,d,d_1
10543,2022-08-06 07:00:00,d,d_1
10544,2022-08-06 08:00:00,d,d_1
10545,2022-08-06 09:00:00,d,d_1
10546,2022-08-06 10:00:00,d,d_1
10547,2022-08-06 11:00:00,h,h_0
10548,2022-08-06 12:00:00,a,a_0
10549,2022-08-06 13:00:00,h,h_0
10550,2022-08-06 14:00:00,f,f_1
10551,2022-08-06 15:00:00,f,f_1
10552,2022-08-06 16:00:00,f,f_1
10553,2022-08-06 17:00:00,f,f_1
10554,2022-08-06 18:00:00,f,f_1
10555,2022-08-06 19:00:00,f,f_1
10556,2022-08-06 20:00:00,f,f_1
10557,2022-08-06 21:00:00,a,a_0
10558,2022-08-06 22:00:00,a,a_0
10559,2022-08-06 23:00:00,c,c_0
10560,2022-08-07 00:00:00,c,c_0
10561,2022-08-07 01:00:00,b,b_0
10562,2022-08-07 02:00:00,b,b_0
10563,2022-08-07 03:00:00,d,d_1
10564,2022-08-07 04:00:00,d,d_1
10565,2022-08-07 05:00:00,d,d_1
10566,2022-08-07 06:00:00,d,d_1
10567,2022-08-07 07:00:00,d,d_1
10568,2022-08-07 08:00:00,d,d_1
10569,2022-08-07 09:00:00,d,d_1
10570,2022-08-07 10:00:00,d,d_1
10571,2022-08-07 11:00:00,e,e_0
10572,2022-08-07 12:00:00,b,b_0
10573,2022-08-07 13:00:00,b,b_0
10574,2022-08-07 14:00:00,d,d_1
10575,2022-08-07 15:00:00,d,d_1
10576,2022-08-07 16:00:00,d,d_1
10577,2022-08-07 17:00:00,d,d_1
10578,2022-08-07 18:00:00,d,d_1
10579,2022-08-07 19:00:00,d,d_1
10580,2022-08-07 20:00:00,d,d_1
10581,2022-08-07 21:00:00,f,f_0
10582,2022-08-07 22:00:00,f,f_0
10583,2022-08-07 23:00:00,g,g_1
10584,2022-08-08 00:00:00,g,g_1
10585,2022-08-08 01:00:00,a,a_0
10586,2022-08-08 02:00:00,a,a_0
10587,2022-08-08 03:00:00,e,e_1
10588,2022-08-08 04:00:00,e,e_1
10589,2022-08-08 05:00:00,e,e_1
10590,2022-08-08 06:00:00,e,e_1
10591,2022-08-08 07:00:00,e,e_1
10592,2022-08-08 08:00:00,e,e_1
10593,2022-08-08 09:00:00,e,e_1
10594,2022-08-08 10:00:00,b,b_1
10595,2022-08-08 11:00:00,b,b_1
10596,2022-08-08 12:00:00,b,b_1
10597,2022-08-08 13:00:00,b,b_1
10598,2022-08-08 14:00:00,b,b_1
10599,2022-08-08 15:00:00,b,b_1
10600,2022-08-08 16:00:00,b,b_1
10601,2022-08-08 17:00:00,b,b_1
10602,2022-08-08 18:00:00,g,g_1
10603,2022-08-08 19:00:00,g,g_1
10604,2022-08-08 20:00:00,h,h_1
10605,2022-08-08 21:00:00,h,h_1
10606,2022-08-08 22:00:00,c,c_1
10607,2022-08-08 23:00:00,c,c_1
10608,2022-08-09 00:00:00,c,c_1
10609,2022-08-09 01:00:00,c,c_1
10610,2022-08-09 02:00:00,c,c_1
10611,2022-08-09 03:00:00,c,c_1
10612,2022-08-09 04:00:00,c,c_1
10613,2022-08-09 05:00:00,f,f_0
10614,2022-08-09 06:00:00,h,h_1
10615,2022-08-09 07:00:00,h,h_1
10616,2022-08-09 08:00:00,d,d_1
10617,2022-08-09 09:00:00,d,d_1
10618,2022-08-09 10:00:00,d,d_1
10619,2022-08-09 11:00:00,d,d_1
10620,2022-08-09 12:00:00,d,d_1
10621,2022-08-09 13:00:00,d,d_1
10622,2022-08-09 14:00:00,d,d_1
10623,2022-08-09 15:00:00,d,d_1
10624,2022-08-09 16:00:00,c,c_1
10625,2022-08-09 17:00:00,c,c_1
10626,2022-08-09 18:00:00,c,c_1
10627,2022-08-09 19:00:00,c,c_1
10628,2022-08-09 20:00:00,c,c_1
10629,2022-08-09 21:00:00,c,c_1
10630,2022-08-09 22:00:00,c,c_1
10631,2022-08-09 23:00:00,a,a_0
10632,2022-08-10 00:00:00,d,d_0
10633,2022-08-10 01:00:00,g,g_0
10634,2022-08-10 02:00:00,f,f_1
10635,2022-08-10 03:00:00,f,f_1
10636,2022-08-10 04:00:00,f,f_1
10637,2022-08-10 05:00:00,f,f_1
10638,2022-08-10 06:00:00,f,f_1
10639,2022-08-10 07:00:00,f,f_1
10640,2022-08-10 08:00:00,f,f_1
10641,2022-08-10 09:00:00,f,f_1
10642,2022-08-10 10:00:00,e,e_1
10643,2022-08-10 11:00:00,e,e_1
10644,2022-08-10 12:00:00,e,e_1
10645,2022-08-10 13:00:00,e,e_1
10646,2022-08-10 14:00:00,e,e_1
10647,2022-08-10 15:00:00,e,e_1
10648,2022-08-10 16:00:00,e,e_1
10649,2022-08-10 17:00:00,e,e_1
10650,2022-08-10 18:00:00,b,b_0
10651,2022-08-10 19:00:00,c,c_0
10652,2022-08-10 20:00:00,e,e_1
10653,2022-08-10 21:00:00,e,e_1
10654,2022-08-10 22:00:00,e,e_1
10655,2022-08-10 23:00:00,e,e_1
10656,2022-08-11 00:00:00,e,e_1
10657,2022-08-11 01:00:00,e,e_1
10658,2022-08-11 02:00:00,e,e_1
10659,2022-08-11 03:00:00,d,d_1
10660,2022-08-11 04:00:00,d,d_1
10661,2022-08-11 05:00:00,d,d_1
10662,2022-08-11 06:00:00,d,d_1
10663,2022-08-11 07:00:00,d,d_1
10664,2022-08-11 08:00:00,d,d_1
10665,2022-08-11 09:00:00,d,d_1
10666,2022-08-11 10:00:00,d,d_1
10667,2022-08-11 11:00:00,c,c_0
10668,2022-08-11 12:00:00,c,c_0
10669,2022-08-11 13:00:00,b,b_0
10670,2022-08-11 14:00:00,c,c_0
10671,2022-08-11 15:00:00,c,c_0
10672,2022-08-11 16:00:00,f,f_1
10673,2022-08-11 17:00:00,f,f_1
10674,2022-08-11 18:00:00,f,f_1
10675,2022-08-11 19:00:00,f,f_1
10676,2022-08-11 20:00:00,f,f_1
10677,2022-08-11 21:00:00,f,f_1
10678,2022-08-11 22:00:00,f,f_1
10679,2022-08-11 23:00:00,d,d_1
10680,2022-08-12 00:00:00,d,d_1
10681,2022-08-12 01:00:00,d,d_1
10682,2022-08-12 02:00:00,d,d_1
10683,2022-08-12 03:00:00,d,d_1
10684,2022-08-12 04:00:00,d,d_1
10685,2022-08-12 05:00:00,d,d_1
10686,2022-08-12 06:00:00,d,d_1
10687,2022-08-12 07:00:00,b,b_0
10688,2022-08-12 08:00:00,b,b_0
10689,2022-08-12 09:00:00,h,h_0
10690,2022-08-12 10:00:00,c,c_0
10691,2022-08-12 11:00:00,c,c_0
10692,2022-08-12 12:00:00,f,f_0
10693,2022-08-12 13:00:00,g,g_0
10694,2022-08-12 14:00:00,c,c_0
10695,2022-08-12 15:00:00,c,c_0
10696,2022-08-12 16:00:00,e,e_0
10697,2022-08-12 17:00:00,h,h_1
10698,2022-08-12 18:00:00,h,h_1
10699,2022-08-12 19:00:00,d,d_1
10700,2022-08-12 20:00:00,d,d_1
10701,2022-08-12 21:00:00,d,d_1
10702,2022-08-12 22:00:00,d,d_1
10703,2022-08-12 23:00:00,d,d_1
10704,2022-08-13 00:00:00,d,d_1
10705,2022-08-13 01:00:00,d,d_1
10706,2022-08-13 02:00:00,d,d_1
10707,2022-08-13 03:00:00,a,a_0
10708,2022-08-13 04:00:00,a,a_0
10709,2022-08-13 05:00:00,b,b_0
10710,2022-08-13 06:00:00,g,g_1
10711,2022-08-13 07:00:00,g,g_1
10712,2022-08-13 08:00:00,d,d_1
10713,2022-08-13 09:00:00,d,d_1
10714,2022-08-13 10:00:00,d,d_1
10715,2022-08-13 11:00:00,d,d_1
10716,2022-08-13 12:00:00,d,d_1
10717,2022-08-13 13:00:00,d,d_1
10718,2022-08-13 14:00:00,d,d_1
10719,2022-08-13 15:00:00,d,d_1
10720,2022-08-13 16:00:00,h,h_1
10721,2022-08-13 17:00:00,h,h_1
10722,2022-08-13 18:00:00,f,f_1
10723,2022-08-13 19:00:00,f,f_1
10724,2022-08-13 20:00:00,f,f_1
10725,2022-08-13 21:00:00,f,f_1
10726,2022-08-13 22:00:00,f,f_1
10727,2022-08-13 23:00:00,f,f_1
10728,2022-08-14 00:00:00,f,f_1
10729,2022-08-14 01:00:00,b,b_0
10730,2022-08-14 02:00:00,g,g_0
10731,2022-08-14 03:00:00,b,b_1
10732,2022-08-14 04:00:00,b,b_1
10733,2022-08-14 05:00:00,b,b_1
10734,2022-08-14 06:00:00,b,b_1
10735,2022-08-14 07:00:00,b,b_1
10736,2022-08-14 08:00:00,b,b_1
10737,2022-08-14 09:00:00,b,b_1
10738,2022-08-14 10:00:00,b,b_1
10739,2022-08-14 11:00:00,g,g_1
10740,2022-08-14 12:00:00,g,g_1
10741,2022-08-14 13:00:00,c,c_0
10742,2022-08-14 14:00:00,c,c_0
10743,2022-08-14 15:00:00,g,g_0
10744,2022-08-14 16:00:00,e,e_0
10745,2022-08-14 17:00:00,e,e_0
10746,2022-08-14 18:00:00,c,c_0
10747,2022-08-14 19:00:00,c,c_0
10748,2022-08-14 20:00:00,a,a_1
10749,2022-08-14 21:00:00,a,a_1
10750,2022-08-14 22:00:00,a,a_1
10751,2022-08-14 23:00:00,a,a_1
10752,2022-08-15 00:00:00,a,a_1
10753,2022-08-15 01:00:00,a,a_1
10754,2022-08-15 02:00:00,a,a_1
10755,2022-08-15 03:00:00,a,a_1
10756,2022-08-15 04:00:00,h,h_0
10757,2022-08-15 05:00:00,f,f_1
10758,2022-08-15 06:00:00,f,f_1
10759,2022-08-15 07:00:00,f,f_1
10760,2022-08-15 08:00:00,f,f_1
10761,2022-08-15 09:00:00,f,f_1
10762,2022-08-15 10:00:00,f,f_1
10763,2022-08-15 11:00:00,f,f_1
10764,2022-08-15 12:00:00,c,c_0
10765,2022-08-15 13:00:00,g,g_1
10766,2022-08-15 14:00:00,g,g_1
10767,2022-08-15 15:00:00,b,b_1
10768,2022-08-15 16:00:00,b,b_1
10769,2022-08-15 17:00:00,b,b_1
10770,2022-08-15 18:00:00,b,b_1
10771,2022-08-15 19:00:00,b,b_1
10772,2022-08-15 20:00:00,b,b_1
10773,2022-08-15 21:00:00,b,b_1
10774,2022-08-15 22:00:00,d,d_1
10775,2022-08-15 23:00:00,d,d_1
10776,2022-08-16 00:00:00,d,d_1
10777,2022-08-16 01:00:00,d,d_1
10778,2022-08-16 02:00:00,d,d_1
10779,2022-08-16 03:00:00,d,d_1
10780,2022-08-16 04:00:00,d,d_1
10781,2022-08-16 05:00:00,h,h_1
10782,2022-08-16 06:00:00,h,h_1
10783,2022-08-16 07:00:00,c,c_1
10784,2022-08-16 08:00:00,c,c_1
10785,2022-08-16 09:00:00,c,c_1
10786,2022-08-16 10:00:00,c,c_1
10787,2022-08-16 11:00:00,c,c_1
10788,2022-08-16 12:00:00,c,c_1
10789,2022-08-16 13:00:00,c,c_1
10790,2022-08-16 14:00:00,d,d_0
10791,2022-08-16 15:00:00,d,d_0
10792,2022-08-16 16:00:00,c,c_1
10793,2022-08-16 17:00:00,c,c_1
10794,2022-08-16 18:00:00,c,c_1
10795,2022-08-16 19:00:00,c,c_1
10796,2022-08-16 20:00:00,c,c_1
10797,2022-08-16 21:00:00,c,c_1
10798,2022-08-16 22:00:00,c,c_1
10799,2022-08-16 23:00:00,a,a_1
10800,2022-08-17 00:00:00,a,a_1
10801,2022-08-17 01:00:00,a,a_1
10802,2022-08-17 02:00:00,a,a_1
10803,2022-08-17 03:00:00,a,a_1
10804,2022-08-17 04:00:00,a,a_1
10805,2022-08-17 05:00:00,a,a_1
10806,2022-08-17 06:00:00,a,a_1
10807,2022-08-17 07:00:00,e,e_1
10808,2022-08-17 08:00:00,e,e_1
10809,2022-08-17 09:00:00,e,e_1
10810,2022-08-17 10:00:00,e,e_1
10811,2022-08-17 11:00:00,e,e_1
10812,2022-08-17 12:00:00,e,e_1
10813,2022-08-17 13:00:00,e,e_1
10814,2022-08-17 14:00:00,f,f_0
10815,2022-08-17 15:00:00,f,f_0
10816,2022-08-17 16:00:00,e,e_1
10817,2022-08-17 17:00:00,e,e_1
10818,2022-08-17 18:00:00,e,e_1
10819,2022-08-17 19:00:00,e,e_1
10820,2022-08-17 20:00:00,e,e_1
10821,2022-08-17 21:00:00,e,e_1
10822,2022-08-17 22:00:00,e,e_1
10823,2022-08-17 23:00:00,e,e_1
10824,2022-08-18 00:00:00,f,f_1
10825,2022-08-18 01:00:00,f,f_1
10826,2022-08-18 02:00:00,f,f_1
10827,2022-08-18 03:00:00,f,f_1
10828,2022-08-18 04:00:00,f,f_1
10829,2022-08-18 05:00:00,f,f_1
10830,2022-08-18 06:00:00,f,f_1
10831,2022-08-18 07:00:00,f,f_1
10832,2022-08-18 08:00:00,h,h_0
10833,2022-08-18 09:00:00,g,g_0
10834,2022-08-18 10:00:00,c,c_0
10835,2022-08-18 11:00:00,c,c_0
10836,2022-08-18 12:00:00,f,f_1
10837,2022-08-18 13:00:00,f,f_1
10838,2022-08-18 14:00:00,f,f_1
10839,2022-08-18 15:00:00,f,f_1
10840,2022-08-18 16:00:00,f,f_1
10841,2022-08-18 17:00:00,f,f_1
10842,2022-08-18 18:00:00,f,f_1
10843,2022-08-18 19:00:00,h,h_0
10844,2022-08-18 20:00:00,d,d_1
10845,2022-08-18 21:00:00,d,d_1
10846,2022-08-18 22:00:00,d,d_1
10847,2022-08-18 23:00:00,d,d_1
10848,2022-08-19 00:00:00,d,d_1
10849,2022-08-19 01:00:00,d,d_1
10850,2022-08-19 02:00:00,d,d_1
10851,2022-08-19 03:00:00,d,d_1
10852,2022-08-19 04:00:00,c,c_0
10853,2022-08-19 05:00:00,b,b_1
10854,2022-08-19 06:00:00,b,b_1
10855,2022-08-19 07:00:00,b,b_1
10856,2022-08-19 08:00:00,b,b_1
10857,2022-08-19 09:00:00,b,b_1
10858,2022-08-19 10:00:00,b,b_1
10859,2022-08-19 11:00:00,b,b_1
10860,2022-08-19 12:00:00,h,h_1
10861,2022-08-19 13:00:00,h,h_1
10862,2022-08-19 14:00:00,g,g_0
10863,2022-08-19 15:00:00,h,h_0
10864,2022-08-19 16:00:00,f,f_0
10865,2022-08-19 17:00:00,d,d_1
10866,2022-08-19 18:00:00,d,d_1
10867,2022-08-19 19:00:00,d,d_1
10868,2022-08-19 20:00:00,d,d_1
10869,2022-08-19 21:00:00,d,d_1
10870,2022-08-19 22:00:00,d,d_1
10871,2022-08-19 23:00:00,d,d_1
10872,2022-08-20 00:00:00,g,g_1
10873,2022-08-20 01:00:00,g,g_1
10874,2022-08-20 02:00:00,h,h_1
10875,2022-08-20 03:00:00,h,h_1
10876,2022-08-20 04:00:00,f,f_1
10877,2022-08-20 05:00:00,f,f_1
10878,2022-08-20 06:00:00,f,f_1
10879,2022-08-20 07:00:00,f,f_1
10880,2022-08-20 08:00:00,f,f_1
10881,2022-08-20 09:00:00,f,f_1
10882,2022-08-20 10:00:00,f,f_1
10883,2022-08-20 11:00:00,e,e_0
10884,2022-08-20 12:00:00,f,f_0
10885,2022-08-20 13:00:00,h,h_0
10886,2022-08-20 14:00:00,f,f_0
10887,2022-08-20 15:00:00,g,g_0
10888,2022-08-20 16:00:00,c,c_1
10889,2022-08-20 17:00:00,c,c_1
10890,2022-08-20 18:00:00,c,c_1
10891,2022-08-20 19:00:00,c,c_1
10892,2022-08-20 20:00:00,c,c_1
10893,2022-08-20 21:00:00,c,c_1
10894,2022-08-20 22:00:00,c,c_1
10895,2022-08-20 23:00:00,g,g_0
10896,2022-08-21 00:00:00,d,d_1
10897,2022-08-21 01:00:00,d,d_1
10898,2022-08-21 02:00:00,d,d_1
10899,2022-08-21 03:00:00,d,d_1
10900,2022-08-21 04:00:00,d,d_1
10901,2022-08-21 05:00:00,d,d_1
10902,2022-08-21 06:00:00,d,d_1
10903,2022-08-21 07:00:00,b,b_1
10904,2022-08-21 08:00:00,b,b_1
10905,2022-08-21 09:00:00,b,b_1
10906,2022-08-21 10:00:00,b,b_1
10907,2022-08-21 11:00:00,b,b_1
10908,2022-08-21 12:00:00,b,b_1
10909,2022-08-21 13:00:00,b,b_1
10910,2022-08-21 14:00:00,b,b_1
10911,2022-08-21 15:00:00,h,h_1
10912,2022-08-21 16:00:00,h,h_1
10913,2022-08-21 17:00:00,d,d_1
10914,2022-08-21 18:00:00,d,d_1
10915,2022-08-21 19:00:00,d,d_1
10916,2022-08-21 20:00:00,d,d_1
10917,2022-08-21 21:00:00,d,d_1
10918,2022-08-21 22:00:00,d,d_1
10919,2022-08-21 23:00:00,d,d_1
10920,2022-08-22 00:00:00,d,d_1
10921,2022-08-22 01:00:00,c,c_1
10922,2022-08-22 02:00:00,c,c_1
10923,2022-08-22 03:00:00,c,c_1
10924,2022-08-22 04:00:00,c,c_1
10925,2022-08-22 05:00:00,c,c_1
10926,2022-08-22 06:00:00,c,c_1
10927,2022-08-22 07:00:00,c,c_1
10928,2022-08-22 08:00:00,c,c_1
10929,2022-08-22 09:00:00,d,d_0
10930,2022-08-22 10:00:00,e,e_1
10931,2022-08-22 11:00:00,e,e_1
10932,2022-08-22 12:00:00,e,e_1
10933,2022-08-22 13:00:00,e,e_1
10934,2022-08-22 14:00:00,e,e_1
10935,2022-08-22 15:00:00,e,e_1
10936,2022-08-22 16:00:00,e,e_1
10937,2022-08-22 17:00:00,e,e_1
10938,2022-08-22 18:00:00,b,b_0
10939,2022-08-22 19:00:00,c,c_1
10940,2022-08-22 20:00:00,c,c_1
10941,2022-08-22 21:00:00,c,c_1
10942,2022-08-22 22:00:00,c,c_1
10943,2022-08-22 23:00:00,c,c_1
10944,2022-08-23 00:00:00,c,c_1
10945,2022-08-23 01:00:00,c,c_1
10946,2022-08-23 02:00:00,c,c_1
10947,2022-08-23 03:00:00,d,d_1
10948,2022-08-23 04:00:00,d,d_1
10949,2022-08-23 05:00:00,d,d_1
10950,2022-08-23 06:00:00,d,d_1
10951,2022-08-23 07:00:00,d,d_1
10952,2022-08-23 08:00:00,d,d_1
10953,2022-08-23 09:00:00,d,d_1
10954,2022-08-23 10:00:00,e,e_1
10955,2022-08-23 11:00:00,e,e_1
10956,2022-08-23 12:00:00,e,e_1
10957,2022-08-23 13:00:00,e,e_1
10958,2022-08-23 14:00:00,e,e_1
10959,2022-08-23 15:00:00,e,e_1
10960,2022-08-23 16:00:00,e,e_1
10961,2022-08-23 17:00:00,e,e_1
10962,2022-08-23 18:00:00,c,c_0
10963,2022-08-23 19:00:00,c,c_0
10964,2022-08-23 20:00:00,d,d_1
10965,2022-08-23 21:00:00,d,d_1
10966,2022-08-23 22:00:00,d,d_1
10967,2022-08-23 23:00:00,d,d_1
10968,2022-08-24 00:00:00,d,d_1
10969,2022-08-24 01:00:00,d,d_1
10970,2022-08-24 02:00:00,d,d_1
10971,2022-08-24 03:00:00,f,f_1
10972,2022-08-24 04:00:00,f,f_1
10973,2022-08-24 05:00:00,f,f_1
10974,2022-08-24 06:00:00,f,f_1
10975,2022-08-24 07:00:00,f,f_1
10976,2022-08-24 08:00:00,f,f_1
10977,2022-08-24 09:00:00,f,f_1
10978,2022-08-24 10:00:00,f,f_1
10979,2022-08-24 11:00:00,g,g_1
10980,2022-08-24 12:00:00,g,g_1
10981,2022-08-24 13:00:00,d,d_0
10982,2022-08-24 14:00:00,d,d_0
10983,2022-08-24 15:00:00,h,h_1
10984,2022-08-24 16:00:00,h,h_1
10985,2022-08-24 17:00:00,a,a_0
10986,2022-08-24 18:00:00,a,a_0
10987,2022-08-24 19:00:00,f,f_1
10988,2022-08-24 20:00:00,f,f_1
10989,2022-08-24 21:00:00,f,f_1
10990,2022-08-24 22:00:00,f,f_1
10991,2022-08-24 23:00:00,f,f_1
10992,2022-08-25 00:00:00,f,f_1
10993,2022-08-25 01:00:00,f,f_1
10994,2022-08-25 02:00:00,d,d_1
10995,2022-08-25 03:00:00,d,d_1
10996,2022-08-25 04:00:00,d,d_1
10997,2022-08-25 05:00:00,d,d_1
10998,2022-08-25 06:00:00,d,d_1
10999,2022-08-25 07:00:00,d,d_1
11000,2022-08-25 08:00:00,d,d_1
11001,2022-08-25 09:00:00,d,d_1
11002,2022-08-25 10:00:00,b,b_1
11003,2022-08-25 11:00:00,b,b_1
11004,2022-08-25 12:00:00,b,b_1
11005,2022-08-25 13:00:00,b,b_1
11006,2022-08-25 14:00:00,b,b_1
11007,2022-08-25 15:00:00,b,b_1
11008,2022-08-25 16:00:00,b,b_1
11009,2022-08-25 17:00:00,h,h_1
11010,2022-08-25 18:00:00,h,h_1
11011,2022-08-25 19:00:00,e,e_0
11012,2022-08-25 20:00:00,e,e_0
11013,2022-08-25 21:00:00,g,g_1
11014,2022-08-25 22:00:00,g,g_1
11015,2022-08-25 23:00:00,e,e_0
11016,2022-08-26 00:00:00,c,c_1
11017,2022-08-26 01:00:00,c,c_1
11018,2022-08-26 02:00:00,c,c_1
11019,2022-08-26 03:00:00,c,c_1
11020,2022-08-26 04:00:00,c,c_1
11021,2022-08-26 05:00:00,c,c_1
11022,2022-08-26 06:00:00,c,c_1
11023,2022-08-26 07:00:00,h,h_1
11024,2022-08-26 08:00:00,h,h_1
11025,2022-08-26 09:00:00,f,f_0
11026,2022-08-26 10:00:00,f,f_0
11027,2022-08-26 11:00:00,d,d_1
11028,2022-08-26 12:00:00,d,d_1
11029,2022-08-26 13:00:00,d,d_1
11030,2022-08-26 14:00:00,d,d_1
11031,2022-08-26 15:00:00,d,d_1
11032,2022-08-26 16:00:00,d,d_1
11033,2022-08-26 17:00:00,d,d_1
11034,2022-08-26 18:00:00,a,a_0
11035,2022-08-26 19:00:00,f,f_0
11036,2022-08-26 20:00:00,f,f_0
11037,2022-08-26 21:00:00,d,d_0
11038,2022-08-26 22:00:00,d,d_0
11039,2022-08-26 23:00:00,g,g_1
11040,2022-08-27 00:00:00,g,g_1
11041,2022-08-27 01:00:00,e,e_1
11042,2022-08-27 02:00:00,e,e_1
11043,2022-08-27 03:00:00,e,e_1
11044,2022-08-27 04:00:00,e,e_1
11045,2022-08-27 05:00:00,e,e_1
11046,2022-08-27 06:00:00,e,e_1
11047,2022-08-27 07:00:00,e,e_1
11048,2022-08-27 08:00:00,e,e_1
11049,2022-08-27 09:00:00,b,b_0
11050,2022-08-27 10:00:00,e,e_1
11051,2022-08-27 11:00:00,e,e_1
11052,2022-08-27 12:00:00,e,e_1
11053,2022-08-27 13:00:00,e,e_1
11054,2022-08-27 14:00:00,e,e_1
11055,2022-08-27 15:00:00,e,e_1
11056,2022-08-27 16:00:00,e,e_1
11057,2022-08-27 17:00:00,c,c_0
11058,2022-08-27 18:00:00,h,h_1
11059,2022-08-27 19:00:00,h,h_1
11060,2022-08-27 20:00:00,f,f_1
11061,2022-08-27 21:00:00,f,f_1
11062,2022-08-27 22:00:00,f,f_1
11063,2022-08-27 23:00:00,f,f_1
11064,2022-08-28 00:00:00,f,f_1
11065,2022-08-28 01:00:00,f,f_1
11066,2022-08-28 02:00:00,f,f_1
11067,2022-08-28 03:00:00,h,h_0
11068,2022-08-28 04:00:00,b,b_0
11069,2022-08-28 05:00:00,b,b_0
11070,2022-08-28 06:00:00,c,c_1
11071,2022-08-28 07:00:00,c,c_1
11072,2022-08-28 08:00:00,c,c_1
11073,2022-08-28 09:00:00,c,c_1
11074,2022-08-28 10:00:00,c,c_1
11075,2022-08-28 11:00:00,c,c_1
11076,2022-08-28 12:00:00,c,c_1
11077,2022-08-28 13:00:00,b,b_0
11078,2022-08-28 14:00:00,c,c_0
11079,2022-08-28 15:00:00,g,g_0
11080,2022-08-28 16:00:00,b,b_0
11081,2022-08-28 17:00:00,d,d_1
11082,2022-08-28 18:00:00,d,d_1
11083,2022-08-28 19:00:00,d,d_1
11084,2022-08-28 20:00:00,d,d_1
11085,2022-08-28 21:00:00,d,d_1
11086,2022-08-28 22:00:00,d,d_1
11087,2022-08-28 23:00:00,d,d_1
11088,2022-08-29 00:00:00,a,a_1
11089,2022-08-29 01:00:00,a,a_1
11090,2022-08-29 02:00:00,a,a_1
11091,2022-08-29 03:00:00,a,a_1
11092,2022-08-29 04:00:00,a,a_1
11093,2022-08-29 05:00:00,a,a_1
11094,2022-08-29 06:00:00,a,a_1
11095,2022-08-29 07:00:00,b,b_1
11096,2022-08-29 08:00:00,b,b_1
11097,2022-08-29 09:00:00,b,b_1
11098,2022-08-29 10:00:00,b,b_1
11099,2022-08-29 11:00:00,b,b_1
11100,2022-08-29 12:00:00,b,b_1
11101,2022-08-29 13:00:00,b,b_1
11102,2022-08-29 14:00:00,g,g_1
11103,2022-08-29 15:00:00,g,g_1
11104,2022-08-29 16:00:00,c,c_0
11105,2022-08-29 17:00:00,d,d_1
11106,2022-08-29 18:00:00,d,d_1
11107,2022-08-29 19:00:00,d,d_1
11108,2022-08-29 20:00:00,d,d_1
11109,2022-08-29 21:00:00,d,d_1
11110,2022-08-29 22:00:00,d,d_1
11111,2022-08-29 23:00:00,d,d_1
11112,2022-08-30 00:00:00,c,c_1
11113,2022-08-30 01:00:00,c,c_1
11114,2022-08-30 02:00:00,c,c_1
11115,2022-08-30 03:00:00,c,c_1
11116,2022-08-30 04:00:00,c,c_1
11117,2022-08-30 05:00:00,c,c_1
11118,2022-08-30 06:00:00,c,c_1
11119,2022-08-30 07:00:00,h,h_0
11120,2022-08-30 08:00:00,d,d_1
11121,2022-08-30 09:00:00,d,d_1
11122,2022-08-30 10:00:00,d,d_1
11123,2022-08-30 11:00:00,d,d_1
11124,2022-08-30 12:00:00,d,d_1
11125,2022-08-30 13:00:00,d,d_1
11126,2022-08-30 14:00:00,d,d_1
11127,2022-08-30 15:00:00,g,g_1
11128,2022-08-30 16:00:00,g,g_1
11129,2022-08-30 17:00:00,d,d_0
11130,2022-08-30 18:00:00,e,e_1
11131,2022-08-30 19:00:00,e,e_1
11132,2022-08-30 20:00:00,e,e_1
11133,2022-08-30 21:00:00,e,e_1
11134,2022-08-30 22:00:00,e,e_1
11135,2022-08-30 23:00:00,e,e_1
11136,2022-08-31 00:00:00,e,e_1
11137,2022-08-31 01:00:00,e,e_1
11138,2022-08-31 02:00:00,c,c_0
11139,2022-08-31 03:00:00,c,c_0
11140,2022-08-31 04:00:00,b,b_0
11141,2022-08-31 05:00:00,b,b_0
11142,2022-08-31 06:00:00,f,f_1
11143,2022-08-31 07:00:00,f,f_1
11144,2022-08-31 08:00:00,f,f_1
11145,2022-08-31 09:00:00,f,f_1
11146,2022-08-31 10:00:00,f,f_1
11147,2022-08-31 11:00:00,f,f_1
11148,2022-08-31 12:00:00,f,f_1
11149,2022-08-31 13:00:00,c,c_0
11150,2022-08-31 14:00:00,d,d_1
11151,2022-08-31 15:00:00,d,d_1
11152,2022-08-31 16:00:00,d,d_1
11153,2022-08-31 17:00:00,d,d_1
11154,2022-08-31 18:00:00,d,d_1
11155,2022-08-31 19:00:00,d,d_1
11156,2022-08-31 20:00:00,d,d_1
11157,2022-08-31 21:00:00,d,d_1
11158,2022-08-31 22:00:00,b,b_0
11159,2022-08-31 23:00:00,c,c_0
11160,2022-09-01 00:00:00,d,d_1
11161,2022-09-01 01:00:00,d,d_1
11162,2022-09-01 02:00:00,d,d_1
11163,2022-09-01 03:00:00,d,d_1
11164,2022-09-01 04:00:00,d,d_1
11165,2022-09-01 05:00:00,d,d_1
11166,2022-09-01 06:00:00,d,d_1
11167,2022-09-01 07:00:00,d,d_1
11168,2022-09-01 08:00:00,g,g_0
11169,2022-09-01 09:00:00,c,c_0
11170,2022-09-01 10:00:00,h,h_1
11171,2022-09-01 11:00:00,h,h_1
11172,2022-09-01 12:00:00,f,f_0
11173,2022-09-01 13:00:00,f,f_0
11174,2022-09-01 14:00:00,d,d_1
11175,2022-09-01 15:00:00,d,d_1
11176,2022-09-01 16:00:00,d,d_1
11177,2022-09-01 17:00:00,d,d_1
11178,2022-09-01 18:00:00,d,d_1
11179,2022-09-01 19:00:00,d,d_1
11180,2022-09-01 20:00:00,d,d_1
11181,2022-09-01 21:00:00,g,g_0
11182,2022-09-01 22:00:00,h,h_1
11183,2022-09-01 23:00:00,h,h_1
11184,2022-09-02 00:00:00,g,g_0
11185,2022-09-02 01:00:00,e,e_1
11186,2022-09-02 02:00:00,e,e_1
11187,2022-09-02 03:00:00,e,e_1
11188,2022-09-02 04:00:00,e,e_1
11189,2022-09-02 05:00:00,e,e_1
11190,2022-09-02 06:00:00,e,e_1
11191,2022-09-02 07:00:00,e,e_1
11192,2022-09-02 08:00:00,c,c_1
11193,2022-09-02 09:00:00,c,c_1
11194,2022-09-02 10:00:00,c,c_1
11195,2022-09-02 11:00:00,c,c_1
11196,2022-09-02 12:00:00,c,c_1
11197,2022-09-02 13:00:00,c,c_1
11198,2022-09-02 14:00:00,c,c_1
11199,2022-09-02 15:00:00,c,c_1
11200,2022-09-02 16:00:00,h,h_0
11201,2022-09-02 17:00:00,e,e_0
11202,2022-09-02 18:00:00,f,f_0
11203,2022-09-02 19:00:00,c,c_0
11204,2022-09-02 20:00:00,h,h_1
11205,2022-09-02 21:00:00,h,h_1
11206,2022-09-02 22:00:00,d,d_0
11207,2022-09-02 23:00:00,a,a_1
11208,2022-09-03 00:00:00,a,a_1
11209,2022-09-03 01:00:00,a,a_1
11210,2022-09-03 02:00:00,a,a_1
11211,2022-09-03 03:00:00,a,a_1
11212,2022-09-03 04:00:00,a,a_1
11213,2022-09-03 05:00:00,a,a_1
11214,2022-09-03 06:00:00,a,a_1
11215,2022-09-03 07:00:00,d,d_1
11216,2022-09-03 08:00:00,d,d_1
11217,2022-09-03 09:00:00,d,d_1
11218,2022-09-03 10:00:00,d,d_1
11219,2022-09-03 11:00:00,d,d_1
11220,2022-09-03 12:00:00,d,d_1
11221,2022-09-03 13:00:00,d,d_1
11222,2022-09-03 14:00:00,d,d_1
11223,2022-09-03 15:00:00,g,g_0
11224,2022-09-03 16:00:00,f,f_1
11225,2022-09-03 17:00:00,f,f_1
11226,2022-09-03 18:00:00,f,f_1
11227,2022-09-03 19:00:00,f,f_1
11228,2022-09-03 20:00:00,f,f_1
11229,2022-09-03 21:00:00,f,f_1
11230,2022-09-03 22:00:00,f,f_1
11231,2022-09-03 23:00:00,h,h_1
11232,2022-09-04 00:00:00,h,h_1
11233,2022-09-04 01:00:00,b,b_0
11234,2022-09-04 02:00:00,a,a_1
11235,2022-09-04 03:00:00,a,a_1
11236,2022-09-04 04:00:00,a,a_1
11237,2022-09-04 05:00:00,a,a_1
11238,2022-09-04 06:00:00,a,a_1
11239,2022-09-04 07:00:00,a,a_1
11240,2022-09-04 08:00:00,a,a_1
11241,2022-09-04 09:00:00,h,h_0
11242,2022-09-04 10:00:00,b,b_1
11243,2022-09-04 11:00:00,b,b_1
11244,2022-09-04 12:00:00,b,b_1
11245,2022-09-04 13:00:00,b,b_1
11246,2022-09-04 14:00:00,b,b_1
11247,2022-09-04 15:00:00,b,b_1
11248,2022-09-04 16:00:00,b,b_1
11249,2022-09-04 17:00:00,e,e_0
11250,2022-09-04 18:00:00,h,h_0
11251,2022-09-04 19:00:00,e,e_0
11252,2022-09-04 20:00:00,a,a_0
11253,2022-09-04 21:00:00,a,a_0
11254,2022-09-04 22:00:00,f,f_0
11255,2022-09-04 23:00:00,f,f_0
11256,2022-09-05 00:00:00,b,b_1
11257,2022-09-05 01:00:00,b,b_1
11258,2022-09-05 02:00:00,b,b_1
11259,2022-09-05 03:00:00,b,b_1
11260,2022-09-05 04:00:00,b,b_1
11261,2022-09-05 05:00:00,b,b_1
11262,2022-09-05 06:00:00,b,b_1
11263,2022-09-05 07:00:00,g,g_1
11264,2022-09-05 08:00:00,g,g_1
11265,2022-09-05 09:00:00,h,h_0
11266,2022-09-05 10:00:00,c,c_1
11267,2022-09-05 11:00:00,c,c_1
11268,2022-09-05 12:00:00,c,c_1
11269,2022-09-05 13:00:00,c,c_1
11270,2022-09-05 14:00:00,c,c_1
11271,2022-09-05 15:00:00,c,c_1
11272,2022-09-05 16:00:00,c,c_1
11273,2022-09-05 17:00:00,g,g_0
11274,2022-09-05 18:00:00,a,a_1
11275,2022-09-05 19:00:00,a,a_1
11276,2022-09-05 20:00:00,a,a_1
11277,2022-09-05 21:00:00,a,a_1
11278,2022-09-05 22:00:00,a,a_1
11279,2022-09-05 23:00:00,a,a_1
11280,2022-09-06 00:00:00,a,a_1
11281,2022-09-06 01:00:00,e,e_0
11282,2022-09-06 02:00:00,e,e_0
11283,2022-09-06 03:00:00,d,d_1
11284,2022-09-06 04:00:00,d,d_1
11285,2022-09-06 05:00:00,d,d_1
11286,2022-09-06 06:00:00,d,d_1
11287,2022-09-06 07:00:00,d,d_1
11288,2022-09-06 08:00:00,d,d_1
11289,2022-09-06 09:00:00,d,d_1
11290,2022-09-06 10:00:00,h,h_0
11291,2022-09-06 11:00:00,f,f_0
11292,2022-09-06 12:00:00,f,f_0
11293,2022-09-06 13:00:00,e,e_0
11294,2022-09-06 14:00:00,f,f_0
11295,2022-09-06 15:00:00,g,g_0
11296,2022-09-06 16:00:00,d,d_0
11297,2022-09-06 17:00:00,d,d_0
11298,2022-09-06 18:00:00,b,b_1
11299,2022-09-06 19:00:00,b,b_1
11300,2022-09-06 20:00:00,b,b_1
11301,2022-09-06 21:00:00,b,b_1
11302,2022-09-06 22:00:00,b,b_1
11303,2022-09-06 23:00:00,b,b_1
11304,2022-09-07 00:00:00,b,b_1
11305,2022-09-07 01:00:00,b,b_1
11306,2022-09-07 02:00:00,c,c_1
11307,2022-09-07 03:00:00,c,c_1
11308,2022-09-07 04:00:00,c,c_1
11309,2022-09-07 05:00:00,c,c_1
11310,2022-09-07 06:00:00,c,c_1
11311,2022-09-07 07:00:00,c,c_1
11312,2022-09-07 08:00:00,c,c_1
11313,2022-09-07 09:00:00,c,c_1
11314,2022-09-07 10:00:00,f,f_0
11315,2022-09-07 11:00:00,f,f_0
11316,2022-09-07 12:00:00,g,g_1
11317,2022-09-07 13:00:00,g,g_1
11318,2022-09-07 14:00:00,c,c_0
11319,2022-09-07 15:00:00,c,c_0
11320,2022-09-07 16:00:00,f,f_1
11321,2022-09-07 17:00:00,f,f_1
11322,2022-09-07 18:00:00,f,f_1
11323,2022-09-07 19:00:00,f,f_1
11324,2022-09-07 20:00:00,f,f_1
11325,2022-09-07 21:00:00,f,f_1
11326,2022-09-07 22:00:00,f,f_1
11327,2022-09-07 23:00:00,f,f_1
11328,2022-09-08 00:00:00,h,h_0
11329,2022-09-08 01:00:00,b,b_0
11330,2022-09-08 02:00:00,h,h_0
11331,2022-09-08 03:00:00,f,f_1
11332,2022-09-08 04:00:00,f,f_1
11333,2022-09-08 05:00:00,f,f_1
11334,2022-09-08 06:00:00,f,f_1
11335,2022-09-08 07:00:00,f,f_1
11336,2022-09-08 08:00:00,f,f_1
11337,2022-09-08 09:00:00,f,f_1
11338,2022-09-08 10:00:00,c,c_0
11339,2022-09-08 11:00:00,c,c_0
11340,2022-09-08 12:00:00,d,d_1
11341,2022-09-08 13:00:00,d,d_1
11342,2022-09-08 14:00:00,d,d_1
11343,2022-09-08 15:00:00,d,d_1
11344,2022-09-08 16:00:00,d,d_1
11345,2022-09-08 17:00:00,d,d_1
11346,2022-09-08 18:00:00,d,d_1
11347,2022-09-08 19:00:00,h,h_1
11348,2022-09-08 20:00:00,h,h_1
11349,2022-09-08 21:00:00,e,e_1
11350,2022-09-08 22:00:00,e,e_1
11351,2022-09-08 23:00:00,e,e_1
11352,2022-09-09 00:00:00,e,e_1
11353,2022-09-09 01:00:00,e,e_1
11354,2022-09-09 02:00:00,e,e_1
11355,2022-09-09 03:00:00,e,e_1
11356,2022-09-09 04:00:00,d,d_0
11357,2022-09-09 05:00:00,f,f_1
11358,2022-09-09 06:00:00,f,f_1
11359,2022-09-09 07:00:00,f,f_1
11360,2022-09-09 08:00:00,f,f_1
11361,2022-09-09 09:00:00,f,f_1
11362,2022-09-09 10:00:00,f,f_1
11363,2022-09-09 11:00:00,f,f_1
11364,2022-09-09 12:00:00,f,f_1
11365,2022-09-09 13:00:00,b,b_0
11366,2022-09-09 14:00:00,h,h_1
11367,2022-09-09 15:00:00,h,h_1
11368,2022-09-09 16:00:00,d,d_0
11369,2022-09-09 17:00:00,d,d_0
11370,2022-09-09 18:00:00,e,e_1
11371,2022-09-09 19:00:00,e,e_1
11372,2022-09-09 20:00:00,e,e_1
11373,2022-09-09 21:00:00,e,e_1
11374,2022-09-09 22:00:00,e,e_1
11375,2022-09-09 23:00:00,e,e_1
11376,2022-09-10 00:00:00,e,e_1
11377,2022-09-10 01:00:00,h,h_1
11378,2022-09-10 02:00:00,h,h_1
11379,2022-09-10 03:00:00,f,f_1
11380,2022-09-10 04:00:00,f,f_1
11381,2022-09-10 05:00:00,f,f_1
11382,2022-09-10 06:00:00,f,f_1
11383,2022-09-10 07:00:00,f,f_1
11384,2022-09-10 08:00:00,f,f_1
11385,2022-09-10 09:00:00,f,f_1
11386,2022-09-10 10:00:00,b,b_1
11387,2022-09-10 11:00:00,b,b_1
11388,2022-09-10 12:00:00,b,b_1
11389,2022-09-10 13:00:00,b,b_1
11390,2022-09-10 14:00:00,b,b_1
11391,2022-09-10 15:00:00,b,b_1
11392,2022-09-10 16:00:00,b,b_1
11393,2022-09-10 17:00:00,b,b_1
11394,2022-09-10 18:00:00,f,f_1
11395,2022-09-10 19:00:00,f,f_1
11396,2022-09-10 20:00:00,f,f_1
11397,2022-09-10 21:00:00,f,f_1
11398,2022-09-10 22:00:00,f,f_1
11399,2022-09-10 23:00:00,f,f_1
11400,2022-09-11 00:00:00,f,f_1
11401,2022-09-11 01:00:00,f,f_1
11402,2022-09-11 02:00:00,c,c_0
11403,2022-09-11 03:00:00,e,e_1
11404,2022-09-11 04:00:00,e,e_1
11405,2022-09-11 05:00:00,e,e_1
11406,2022-09-11 06:00:00,e,e_1
11407,2022-09-11 07:00:00,e,e_1
11408,2022-09-11 08:00:00,e,e_1
11409,2022-09-11 09:00:00,e,e_1
11410,2022-09-11 10:00:00,e,e_1
11411,2022-09-11 11:00:00,d,d_1
11412,2022-09-11 12:00:00,d,d_1
11413,2022-09-11 13:00:00,d,d_1
11414,2022-09-11 14:00:00,d,d_1
11415,2022-09-11 15:00:00,d,d_1
11416,2022-09-11 16:00:00,d,d_1
11417,2022-09-11 17:00:00,d,d_1
11418,2022-09-11 18:00:00,c,c_1
11419,2022-09-11 19:00:00,c,c_1
11420,2022-09-11 20:00:00,c,c_1
11421,2022-09-11 21:00:00,c,c_1
11422,2022-09-11 22:00:00,c,c_1
11423,2022-09-11 23:00:00,c,c_1
11424,2022-09-12 00:00:00,c,c_1
11425,2022-09-12 01:00:00,c,c_1
11426,2022-09-12 02:00:00,e,e_0
11427,2022-09-12 03:00:00,e,e_0
11428,2022-09-12 04:00:00,g,g_0
11429,2022-09-12 05:00:00,d,d_0
11430,2022-09-12 06:00:00,d,d_0
11431,2022-09-12 07:00:00,a,a_0
11432,2022-09-12 08:00:00,f,f_0
11433,2022-09-12 09:00:00,g,g_1
11434,2022-09-12 10:00:00,g,g_1
11435,2022-09-12 11:00:00,b,b_0
11436,2022-09-12 12:00:00,b,b_0
11437,2022-09-12 13:00:00,g,g_1
11438,2022-09-12 14:00:00,g,g_1
11439,2022-09-12 15:00:00,c,c_0
11440,2022-09-12 16:00:00,b,b_1
11441,2022-09-12 17:00:00,b,b_1
11442,2022-09-12 18:00:00,b,b_1
11443,2022-09-12 19:00:00,b,b_1
11444,2022-09-12 20:00:00,b,b_1
11445,2022-09-12 21:00:00,b,b_1
11446,2022-09-12 22:00:00,b,b_1
11447,2022-09-12 23:00:00,b,b_1
11448,2022-09-13 00:00:00,h,h_1
11449,2022-09-13 01:00:00,h,h_1
11450,2022-09-13 02:00:00,c,c_0
11451,2022-09-13 03:00:00,c,c_0
11452,2022-09-13 04:00:00,h,h_0
11453,2022-09-13 05:00:00,d,d_1
11454,2022-09-13 06:00:00,d,d_1
11455,2022-09-13 07:00:00,d,d_1
11456,2022-09-13 08:00:00,d,d_1
11457,2022-09-13 09:00:00,d,d_1
11458,2022-09-13 10:00:00,d,d_1
11459,2022-09-13 11:00:00,d,d_1
11460,2022-09-13 12:00:00,d,d_1
11461,2022-09-13 13:00:00,a,a_0
11462,2022-09-13 14:00:00,a,a_0
11463,2022-09-13 15:00:00,b,b_0
11464,2022-09-13 16:00:00,g,g_0
11465,2022-09-13 17:00:00,b,b_0
11466,2022-09-13 18:00:00,b,b_0
11467,2022-09-13 19:00:00,f,f_0
11468,2022-09-13 20:00:00,g,g_1
11469,2022-09-13 21:00:00,g,g_1
11470,2022-09-13 22:00:00,h,h_1
11471,2022-09-13 23:00:00,h,h_1
11472,2022-09-14 00:00:00,c,c_0
11473,2022-09-14 01:00:00,c,c_0
11474,2022-09-14 02:00:00,g,g_1
11475,2022-09-14 03:00:00,g,g_1
11476,2022-09-14 04:00:00,a,a_1
11477,2022-09-14 05:00:00,a,a_1
11478,2022-09-14 06:00:00,a,a_1
11479,2022-09-14 07:00:00,a,a_1
11480,2022-09-14 08:00:00,a,a_1
11481,2022-09-14 09:00:00,a,a_1
11482,2022-09-14 10:00:00,a,a_1
11483,2022-09-14 11:00:00,a,a_1
11484,2022-09-14 12:00:00,d,d_1
11485,2022-09-14 13:00:00,d,d_1
11486,2022-09-14 14:00:00,d,d_1
11487,2022-09-14 15:00:00,d,d_1
11488,2022-09-14 16:00:00,d,d_1
11489,2022-09-14 17:00:00,d,d_1
11490,2022-09-14 18:00:00,d,d_1
11491,2022-09-14 19:00:00,d,d_1
11492,2022-09-14 20:00:00,b,b_1
11493,2022-09-14 21:00:00,b,b_1
11494,2022-09-14 22:00:00,b,b_1
11495,2022-09-14 23:00:00,b,b_1
11496,2022-09-15 00:00:00,b,b_1
11497,2022-09-15 01:00:00,b,b_1
11498,2022-09-15 02:00:00,b,b_1
11499,2022-09-15 03:00:00,b,b_1
11500,2022-09-15 04:00:00,f,f_0
11501,2022-09-15 05:00:00,b,b_1
11502,2022-09-15 06:00:00,b,b_1
11503,2022-09-15 07:00:00,b,b_1
11504,2022-09-15 08:00:00,b,b_1
11505,2022-09-15 09:00:00,b,b_1
11506,2022-09-15 10:00:00,b,b_1
11507,2022-09-15 11:00:00,b,b_1
11508,2022-09-15 12:00:00,a,a_1
11509,2022-09-15 13:00:00,a,a_1
11510,2022-09-15 14:00:00,a,a_1
11511,2022-09-15 15:00:00,a,a_1
11512,2022-09-15 16:00:00,a,a_1
11513,2022-09-15 17:00:00,a,a_1
11514,2022-09-15 18:00:00,a,a_1
11515,2022-09-15 19:00:00,g,g_1
11516,2022-09-15 20:00:00,g,g_1
11517,2022-09-15 21:00:00,c,c_1
11518,2022-09-15 22:00:00,c,c_1
11519,2022-09-15 23:00:00,c,c_1
11520,2022-09-16 00:00:00,c,c_1
11521,2022-09-16 01:00:00,c,c_1
11522,2022-09-16 02:00:00,c,c_1
11523,2022-09-16 03:00:00,c,c_1
11524,2022-09-16 04:00:00,a,a_1
11525,2022-09-16 05:00:00,a,a_1
11526,2022-09-16 06:00:00,a,a_1
11527,2022-09-16 07:00:00,a,a_1
11528,2022-09-16 08:00:00,a,a_1
11529,2022-09-16 09:00:00,a,a_1
11530,2022-09-16 10:00:00,a,a_1
11531,2022-09-16 11:00:00,c,c_1
11532,2022-09-16 12:00:00,c,c_1
11533,2022-09-16 13:00:00,c,c_1
11534,2022-09-16 14:00:00,c,c_1
11535,2022-09-16 15:00:00,c,c_1
11536,2022-09-16 16:00:00,c,c_1
11537,2022-09-16 17:00:00,c,c_1
11538,2022-09-16 18:00:00,d,d_0
11539,2022-09-16 19:00:00,d,d_0
11540,2022-09-16 20:00:00,e,e_1
11541,2022-09-16 21:00:00,e,e_1
11542,2022-09-16 22:00:00,e,e_1
11543,2022-09-16 23:00:00,e,e_1
11544,2022-09-17 00:00:00,e,e_1
11545,2022-09-17 01:00:00,e,e_1
11546,2022-09-17 02:00:00,e,e_1
11547,2022-09-17 03:00:00,e,e_1
11548,2022-09-17 04:00:00,h,h_1
11549,2022-09-17 05:00:00,h,h_1
11550,2022-09-17 06:00:00,e,e_1
11551,2022-09-17 07:00:00,e,e_1
11552,2022-09-17 08:00:00,e,e_1
11553,2022-09-17 09:00:00,e,e_1
11554,2022-09-17 10:00:00,e,e_1
11555,2022-09-17 11:00:00,e,e_1
11556,2022-09-17 12:00:00,e,e_1
11557,2022-09-17 13:00:00,e,e_1
11558,2022-09-17 14:00:00,d,d_0
11559,2022-09-17 15:00:00,c,c_1
11560,2022-09-17 16:00:00,c,c_1
11561,2022-09-17 17:00:00,c,c_1
11562,2022-09-17 18:00:00,c,c_1
11563,2022-09-17 19:00:00,c,c_1
11564,2022-09-17 20:00:00,c,c_1
11565,2022-09-17 21:00:00,c,c_1
11566,2022-09-17 22:00:00,d,d_1
11567,2022-09-17 23:00:00,d,d_1
11568,2022-09-18 00:00:00,d,d_1
11569,2022-09-18 01:00:00,d,d_1
11570,2022-09-18 02:00:00,d,d_1
11571,2022-09-18 03:00:00,d,d_1
11572,2022-09-18 04:00:00,d,d_1
11573,2022-09-18 05:00:00,d,d_1
11574,2022-09-18 06:00:00,g,g_1
11575,2022-09-18 07:00:00,g,g_1
11576,2022-09-18 08:00:00,f,f_1
11577,2022-09-18 09:00:00,f,f_1
11578,2022-09-18 10:00:00,f,f_1
11579,2022-09-18 11:00:00,f,f_1
11580,2022-09-18 12:00:00,f,f_1
11581,2022-09-18 13:00:00,f,f_1
11582,2022-09-18 14:00:00,f,f_1
11583,2022-09-18 15:00:00,e,e_1
11584,2022-09-18 16:00:00,e,e_1
11585,2022-09-18 17:00:00,e,e_1
11586,2022-09-18 18:00:00,e,e_1
11587,2022-09-18 19:00:00,e,e_1
11588,2022-09-18 20:00:00,e,e_1
11589,2022-09-18 21:00:00,e,e_1
11590,2022-09-18 22:00:00,c,c_1
11591,2022-09-18 23:00:00,c,c_1
11592,2022-09-19 00:00:00,c,c_1
11593,2022-09-19 01:00:00,c,c_1
11594,2022-09-19 02:00:00,c,c_1
11595,2022-09-19 03:00:00,c,c_1
11596,2022-09-19 04:00:00,c,c_1
11597,2022-09-19 05:00:00,c,c_1
11598,2022-09-19 06:00:00,g,g_0
11599,2022-09-19 07:00:00,a,a_1
11600,2022-09-19 08:00:00,a,a_1
11601,2022-09-19 09:00:00,a,a_1
11602,2022-09-19 10:00:00,a,a_1
11603,2022-09-19 11:00:00,a,a_1
11604,2022-09-19 12:00:00,a,a_1
11605,2022-09-19 13:00:00,a,a_1
11606,2022-09-19 14:00:00,c,c_0
11607,2022-09-19 15:00:00,c,c_0
11608,2022-09-19 16:00:00,f,f_0
11609,2022-09-19 17:00:00,f,f_0
11610,2022-09-19 18:00:00,h,h_1
11611,2022-09-19 19:00:00,h,h_1
11612,2022-09-19 20:00:00,d,d_1
11613,2022-09-19 21:00:00,d,d_1
11614,2022-09-19 22:00:00,d,d_1
11615,2022-09-19 23:00:00,d,d_1
11616,2022-09-20 00:00:00,d,d_1
11617,2022-09-20 01:00:00,d,d_1
11618,2022-09-20 02:00:00,d,d_1
11619,2022-09-20 03:00:00,d,d_1
11620,2022-09-20 04:00:00,e,e_1
11621,2022-09-20 05:00:00,e,e_1
11622,2022-09-20 06:00:00,e,e_1
11623,2022-09-20 07:00:00,e,e_1
11624,2022-09-20 08:00:00,e,e_1
11625,2022-09-20 09:00:00,e,e_1
11626,2022-09-20 10:00:00,e,e_1
11627,2022-09-20 11:00:00,e,e_1
11628,2022-09-20 12:00:00,b,b_1
11629,2022-09-20 13:00:00,b,b_1
11630,2022-09-20 14:00:00,b,b_1
11631,2022-09-20 15:00:00,b,b_1
11632,2022-09-20 16:00:00,b,b_1
11633,2022-09-20 17:00:00,b,b_1
11634,2022-09-20 18:00:00,b,b_1
11635,2022-09-20 19:00:00,b,b_1
11636,2022-09-20 20:00:00,f,f_1
11637,2022-09-20 21:00:00,f,f_1
11638,2022-09-20 22:00:00,f,f_1
11639,2022-09-20 23:00:00,f,f_1
11640,2022-09-21 00:00:00,f,f_1
11641,2022-09-21 01:00:00,f,f_1
11642,2022-09-21 02:00:00,f,f_1
11643,2022-09-21 03:00:00,f,f_1
11644,2022-09-21 04:00:00,h,h_0
11645,2022-09-21 05:00:00,e,e_0
11646,2022-09-21 06:00:00,e,e_0
11647,2022-09-21 07:00:00,b,b_1
11648,2022-09-21 08:00:00,b,b_1
11649,2022-09-21 09:00:00,b,b_1
11650,2022-09-21 10:00:00,b,b_1
11651,2022-09-21 11:00:00,b,b_1
11652,2022-09-21 12:00:00,b,b_1
11653,2022-09-21 13:00:00,b,b_1
11654,2022-09-21 14:00:00,c,c_1
11655,2022-09-21 15:00:00,c,c_1
11656,2022-09-21 16:00:00,c,c_1
11657,2022-09-21 17:00:00,c,c_1
11658,2022-09-21 18:00:00,c,c_1
11659,2022-09-21 19:00:00,c,c_1
11660,2022-09-21 20:00:00,c,c_1
11661,2022-09-21 21:00:00,c,c_1
11662,2022-09-21 22:00:00,f,f_1
11663,2022-09-21 23:00:00,f,f_1
11664,2022-09-22 00:00:00,f,f_1
11665,2022-09-22 01:00:00,f,f_1
11666,2022-09-22 02:00:00,f,f_1
11667,2022-09-22 03:00:00,f,f_1
11668,2022-09-22 04:00:00,f,f_1
11669,2022-09-22 05:00:00,f,f_1
11670,2022-09-22 06:00:00,h,h_1
11671,2022-09-22 07:00:00,h,h_1
11672,2022-09-22 08:00:00,a,a_0
11673,2022-09-22 09:00:00,c,c_1
11674,2022-09-22 10:00:00,c,c_1
11675,2022-09-22 11:00:00,c,c_1
11676,2022-09-22 12:00:00,c,c_1
11677,2022-09-22 13:00:00,c,c_1
11678,2022-09-22 14:00:00,c,c_1
11679,2022-09-22 15:00:00,c,c_1
11680,2022-09-22 16:00:00,b,b_1
11681,2022-09-22 17:00:00,b,b_1
11682,2022-09-22 18:00:00,b,b_1
11683,2022-09-22 19:00:00,b,b_1
11684,2022-09-22 20:00:00,b,b_1
11685,2022-09-22 21:00:00,b,b_1
11686,2022-09-22 22:00:00,b,b_1
11687,2022-09-22 23:00:00,e,e_0
11688,2022-09-23 00:00:00,e,e_0
11689,2022-09-23 01:00:00,g,g_1
11690,2022-09-23 02:00:00,g,g_1
11691,2022-09-23 03:00:00,f,f_0
11692,2022-09-23 04:00:00,f,f_0
11693,2022-09-23 05:00:00,c,c_1
11694,2022-09-23 06:00:00,c,c_1
11695,2022-09-23 07:00:00,c,c_1
11696,2022-09-23 08:00:00,c,c_1
11697,2022-09-23 09:00:00,c,c_1
11698,2022-09-23 10:00:00,c,c_1
11699,2022-09-23 11:00:00,c,c_1
11700,2022-09-23 12:00:00,c,c_1
11701,2022-09-23 13:00:00,h,h_0
11702,2022-09-23 14:00:00,e,e_1
11703,2022-09-23 15:00:00,e,e_1
11704,2022-09-23 16:00:00,e,e_1
11705,2022-09-23 17:00:00,e,e_1
11706,2022-09-23 18:00:00,e,e_1
11707,2022-09-23 19:00:00,e,e_1
11708,2022-09-23 20:00:00,e,e_1
11709,2022-09-23 21:00:00,h,h_0
11710,2022-09-23 22:00:00,d,d_0
11711,2022-09-23 23:00:00,c,c_1
11712,2022-09-24 00:00:00,c,c_1
11713,2022-09-24 01:00:00,c,c_1
11714,2022-09-24 02:00:00,c,c_1
11715,2022-09-24 03:00:00,c,c_1
11716,2022-09-24 04:00:00,c,c_1
11717,2022-09-24 05:00:00,c,c_1
11718,2022-09-24 06:00:00,e,e_1
11719,2022-09-24 07:00:00,e,e_1
11720,2022-09-24 08:00:00,e,e_1
11721,2022-09-24 09:00:00,e,e_1
11722,2022-09-24 10:00:00,e,e_1
11723,2022-09-24 11:00:00,e,e_1
11724,2022-09-24 12:00:00,e,e_1
11725,2022-09-24 13:00:00,e,e_1
11726,2022-09-24 14:00:00,h,h_1
11727,2022-09-24 15:00:00,h,h_1
11728,2022-09-24 16:00:00,e,e_1
11729,2022-09-24 17:00:00,e,e_1
11730,2022-09-24 18:00:00,e,e_1
11731,2022-09-24 19:00:00,e,e_1
11732,2022-09-24 20:00:00,e,e_1
11733,2022-09-24 21:00:00,e,e_1
11734,2022-09-24 22:00:00,e,e_1
11735,2022-09-24 23:00:00,e,e_1
11736,2022-09-25 00:00:00,f,f_1
11737,2022-09-25 01:00:00,f,f_1
11738,2022-09-25 02:00:00,f,f_1
11739,2022-09-25 03:00:00,f,f_1
11740,2022-09-25 04:00:00,f,f_1
11741,2022-09-25 05:00:00,f,f_1
11742,2022-09-25 06:00:00,f,f_1
11743,2022-09-25 07:00:00,f,f_1
11744,2022-09-25 08:00:00,g,g_0
11745,2022-09-25 09:00:00,b,b_0
11746,2022-09-25 10:00:00,b,b_0
11747,2022-09-25 11:00:00,c,c_1
11748,2022-09-25 12:00:00,c,c_1
11749,2022-09-25 13:00:00,c,c_1
11750,2022-09-25 14:00:00,c,c_1
11751,2022-09-25 15:00:00,c,c_1
11752,2022-09-25 16:00:00,c,c_1
11753,2022-09-25 17:00:00,c,c_1
11754,2022-09-25 18:00:00,c,c_1
11755,2022-09-25 19:00:00,h,h_1
11756,2022-09-25 20:00:00,h,h_1
11757,2022-09-25 21:00:00,d,d_0
11758,2022-09-25 22:00:00,d,d_0
11759,2022-09-25 23:00:00,e,e_0
11760,2022-09-26 00:00:00,e,e_0
11761,2022-09-26 01:00:00,h,h_1
11762,2022-09-26 02:00:00,h,h_1
11763,2022-09-26 03:00:00,b,b_1
11764,2022-09-26 04:00:00,b,b_1
11765,2022-09-26 05:00:00,b,b_1
11766,2022-09-26 06:00:00,b,b_1
11767,2022-09-26 07:00:00,b,b_1
11768,2022-09-26 08:00:00,b,b_1
11769,2022-09-26 09:00:00,b,b_1
11770,2022-09-26 10:00:00,b,b_1
11771,2022-09-26 11:00:00,e,e_1
11772,2022-09-26 12:00:00,e,e_1
11773,2022-09-26 13:00:00,e,e_1
11774,2022-09-26 14:00:00,e,e_1
11775,2022-09-26 15:00:00,e,e_1
11776,2022-09-26 16:00:00,e,e_1
11777,2022-09-26 17:00:00,e,e_1
11778,2022-09-26 18:00:00,d,d_1
11779,2022-09-26 19:00:00,d,d_1
11780,2022-09-26 20:00:00,d,d_1
11781,2022-09-26 21:00:00,d,d_1
11782,2022-09-26 22:00:00,d,d_1
11783,2022-09-26 23:00:00,d,d_1
11784,2022-09-27 00:00:00,d,d_1
11785,2022-09-27 01:00:00,h,h_0
11786,2022-09-27 02:00:00,f,f_1
11787,2022-09-27 03:00:00,f,f_1
11788,2022-09-27 04:00:00,f,f_1
11789,2022-09-27 05:00:00,f,f_1
11790,2022-09-27 06:00:00,f,f_1
11791,2022-09-27 07:00:00,f,f_1
11792,2022-09-27 08:00:00,f,f_1
11793,2022-09-27 09:00:00,f,f_1
11794,2022-09-27 10:00:00,a,a_0
11795,2022-09-27 11:00:00,f,f_1
11796,2022-09-27 12:00:00,f,f_1
11797,2022-09-27 13:00:00,f,f_1
11798,2022-09-27 14:00:00,f,f_1
11799,2022-09-27 15:00:00,f,f_1
11800,2022-09-27 16:00:00,f,f_1
11801,2022-09-27 17:00:00,f,f_1
11802,2022-09-27 18:00:00,c,c_1
11803,2022-09-27 19:00:00,c,c_1
11804,2022-09-27 20:00:00,c,c_1
11805,2022-09-27 21:00:00,c,c_1
11806,2022-09-27 22:00:00,c,c_1
11807,2022-09-27 23:00:00,c,c_1
11808,2022-09-28 00:00:00,c,c_1
11809,2022-09-28 01:00:00,b,b_1
11810,2022-09-28 02:00:00,b,b_1
11811,2022-09-28 03:00:00,b,b_1
11812,2022-09-28 04:00:00,b,b_1
11813,2022-09-28 05:00:00,b,b_1
11814,2022-09-28 06:00:00,b,b_1
11815,2022-09-28 07:00:00,b,b_1
11816,2022-09-28 08:00:00,g,g_0
11817,2022-09-28 09:00:00,c,c_1
11818,2022-09-28 10:00:00,c,c_1
11819,2022-09-28 11:00:00,c,c_1
11820,2022-09-28 12:00:00,c,c_1
11821,2022-09-28 13:00:00,c,c_1
11822,2022-09-28 14:00:00,c,c_1
11823,2022-09-28 15:00:00,c,c_1
11824,2022-09-28 16:00:00,g,g_1
11825,2022-09-28 17:00:00,g,g_1
11826,2022-09-28 18:00:00,d,d_0
11827,2022-09-28 19:00:00,c,c_1
11828,2022-09-28 20:00:00,c,c_1
11829,2022-09-28 21:00:00,c,c_1
11830,2022-09-28 22:00:00,c,c_1
11831,2022-09-28 23:00:00,c,c_1
11832,2022-09-29 00:00:00,c,c_1
11833,2022-09-29 01:00:00,c,c_1
11834,2022-09-29 02:00:00,c,c_1
11835,2022-09-29 03:00:00,a,a_1
11836,2022-09-29 04:00:00,a,a_1
11837,2022-09-29 05:00:00,a,a_1
11838,2022-09-29 06:00:00,a,a_1
11839,2022-09-29 07:00:00,a,a_1
11840,2022-09-29 08:00:00,a,a_1
11841,2022-09-29 09:00:00,a,a_1
11842,2022-09-29 10:00:00,a,a_1
11843,2022-09-29 11:00:00,h,h_0
11844,2022-09-29 12:00:00,b,b_0
11845,2022-09-29 13:00:00,b,b_0
11846,2022-09-29 14:00:00,a,a_1
11847,2022-09-29 15:00:00,a,a_1
11848,2022-09-29 16:00:00,a,a_1
11849,2022-09-29 17:00:00,a,a_1
11850,2022-09-29 18:00:00,a,a_1
11851,2022-09-29 19:00:00,a,a_1
11852,2022-09-29 20:00:00,a,a_1
11853,2022-09-29 21:00:00,f,f_1
11854,2022-09-29 22:00:00,f,f_1
11855,2022-09-29 23:00:00,f,f_1
11856,2022-09-30 00:00:00,f,f_1
11857,2022-09-30 01:00:00,f,f_1
11858,2022-09-30 02:00:00,f,f_1
11859,2022-09-30 03:00:00,f,f_1
11860,2022-09-30 04:00:00,f,f_1
11861,2022-09-30 05:00:00,e,e_0
11862,2022-09-30 06:00:00,h,h_0
11863,2022-09-30 07:00:00,f,f_0
11864,2022-09-30 08:00:00,f,f_0
11865,2022-09-30 09:00:00,h,h_0
11866,2022-09-30 10:00:00,a,a_1
11867,2022-09-30 11:00:00,a,a_1
11868,2022-09-30 12:00:00,a,a_1
11869,2022-09-30 13:00:00,a,a_1
11870,2022-09-30 14:00:00,a,a_1
11871,2022-09-30 15:00:00,a,a_1
11872,2022-09-30 16:00:00,a,a_1
11873,2022-09-30 17:00:00,a,a_1
11874,2022-09-30 18:00:00,b,b_1
11875,2022-09-30 19:00:00,b,b_1
11876,2022-09-30 20:00:00,b,b_1
11877,2022-09-30 21:00:00,b,b_1
11878,2022-09-30 22:00:00,b,b_1
11879,2022-09-30 23:00:00,b,b_1
11880,2022-10-01 00:00:00,b,b_1
11881,2022-10-01 01:00:00,g,g_0
11882,2022-10-01 02:00:00,d,d_1
11883,2022-10-01 03:00:00,d,d_1
11884,2022-10-01 04:00:00,d,d_1
11885,2022-10-01 05:00:00,d,d_1
11886,2022-10-01 06:00:00,d,d_1
11887,2022-10-01 07:00:00,d,d_1
11888,2022-10-01 08:00:00,d,d_1
11889,2022-10-01 09:00:00,h,h_1
11890,2022-10-01 10:00:00,h,h_1
11891,2022-10-01 11:00:00,b,b_1
11892,2022-10-01 12:00:00,b,b_1
11893,2022-10-01 13:00:00,b,b_1
11894,2022-10-01 14:00:00,b,b_1
11895,2022-10-01 15:00:00,b,b_1
11896,2022-10-01 16:00:00,b,b_1
11897,2022-10-01 17:00:00,b,b_1
11898,2022-10-01 18:00:00,g,g_1
11899,2022-10-01 19:00:00,g,g_1
11900,2022-10-01 20:00:00,h,h_0
11901,2022-10-01 21:00:00,a,a_0
11902,2022-10-01 22:00:00,a,a_0
11903,2022-10-01 23:00:00,b,b_1
11904,2022-10-02 00:00:00,b,b_1
11905,2022-10-02 01:00:00,b,b_1
11906,2022-10-02 02:00:00,b,b_1
11907,2022-10-02 03:00:00,b,b_1
11908,2022-10-02 04:00:00,b,b_1
11909,2022-10-02 05:00:00,b,b_1
11910,2022-10-02 06:00:00,c,c_1
11911,2022-10-02 07:00:00,c,c_1
11912,2022-10-02 08:00:00,c,c_1
11913,2022-10-02 09:00:00,c,c_1
11914,2022-10-02 10:00:00,c,c_1
11915,2022-10-02 11:00:00,c,c_1
11916,2022-10-02 12:00:00,c,c_1
11917,2022-10-02 13:00:00,c,c_1
11918,2022-10-02 14:00:00,f,f_0
11919,2022-10-02 15:00:00,f,f_0
11920,2022-10-02 16:00:00,a,a_0
11921,2022-10-02 17:00:00,a,a_0
11922,2022-10-02 18:00:00,b,b_0
11923,2022-10-02 19:00:00,b,b_0
11924,2022-10-02 20:00:00,d,d_0
11925,2022-10-02 21:00:00,d,d_0
11926,2022-10-02 22:00:00,a,a_1
11927,2022-10-02 23:00:00,a,a_1
11928,2022-10-03 00:00:00,a,a_1
11929,2022-10-03 01:00:00,a,a_1
11930,2022-10-03 02:00:00,a,a_1
11931,2022-10-03 03:00:00,a,a_1
11932,2022-10-03 04:00:00,a,a_1
11933,2022-10-03 05:00:00,f,f_1
11934,2022-10-03 06:00:00,f,f_1
11935,2022-10-03 07:00:00,f,f_1
11936,2022-10-03 08:00:00,f,f_1
11937,2022-10-03 09:00:00,f,f_1
11938,2022-10-03 10:00:00,f,f_1
11939,2022-10-03 11:00:00,f,f_1
11940,2022-10-03 12:00:00,c,c_0
11941,2022-10-03 13:00:00,c,c_0
11942,2022-10-03 14:00:00,e,e_1
11943,2022-10-03 15:00:00,e,e_1
11944,2022-10-03 16:00:00,e,e_1
11945,2022-10-03 17:00:00,e,e_1
11946,2022-10-03 18:00:00,e,e_1
11947,2022-10-03 19:00:00,e,e_1
11948,2022-10-03 20:00:00,e,e_1
11949,2022-10-03 21:00:00,e,e_1
11950,2022-10-03 22:00:00,d,d_0
11951,2022-10-03 23:00:00,d,d_0
11952,2022-10-04 00:00:00,a,a_1
11953,2022-10-04 01:00:00,a,a_1
11954,2022-10-04 02:00:00,a,a_1
11955,2022-10-04 03:00:00,a,a_1
11956,2022-10-04 04:00:00,a,a_1
11957,2022-10-04 05:00:00,a,a_1
11958,2022-10-04 06:00:00,a,a_1
11959,2022-10-04 07:00:00,a,a_1
11960,2022-10-04 08:00:00,h,h_1
11961,2022-10-04 09:00:00,h,h_1
11962,2022-10-04 10:00:00,e,e_1
11963,2022-10-04 11:00:00,e,e_1
11964,2022-10-04 12:00:00,e,e_1
11965,2022-10-04 13:00:00,e,e_1
11966,2022-10-04 14:00:00,e,e_1
11967,2022-10-04 15:00:00,e,e_1
11968,2022-10-04 16:00:00,e,e_1
11969,2022-10-04 17:00:00,b,b_1
11970,2022-10-04 18:00:00,b,b_1
11971,2022-10-04 19:00:00,b,b_1
11972,2022-10-04 20:00:00,b,b_1
11973,2022-10-04 21:00:00,b,b_1
11974,2022-10-04 22:00:00,b,b_1
11975,2022-10-04 23:00:00,b,b_1
11976,2022-10-05 00:00:00,a,a_0
11977,2022-10-05 01:00:00,b,b_0
11978,2022-10-05 02:00:00,b,b_0
11979,2022-10-05 03:00:00,f,f_1
11980,2022-10-05 04:00:00,f,f_1
11981,2022-10-05 05:00:00,f,f_1
11982,2022-10-05 06:00:00,f,f_1
11983,2022-10-05 07:00:00,f,f_1
11984,2022-10-05 08:00:00,f,f_1
11985,2022-10-05 09:00:00,f,f_1
11986,2022-10-05 10:00:00,d,d_1
11987,2022-10-05 11:00:00,d,d_1
11988,2022-10-05 12:00:00,d,d_1
11989,2022-10-05 13:00:00,d,d_1
11990,2022-10-05 14:00:00,d,d_1
11991,2022-10-05 15:00:00,d,d_1
11992,2022-10-05 16:00:00,d,d_1
11993,2022-10-05 17:00:00,d,d_1
11994,2022-10-05 18:00:00,b,b_1
11995,2022-10-05 19:00:00,b,b_1
11996,2022-10-05 20:00:00,b,b_1
11997,2022-10-05 21:00:00,b,b_1
11998,2022-10-05 22:00:00,b,b_1
11999,2022-10-05 23:00:00,b,b_1
12000,2022-10-06 00:00:00,b,b_1
12001,2022-10-06 01:00:00,b,b_1
12002,2022-10-06 02:00:00,c,c_1
12003,2022-10-06 03:00:00,c,c_1
12004,2022-10-06 04:00:00,c,c_1
12005,2022-10-06 05:00:00,c,c_1
12006,2022-10-06 06:00:00,c,c_1
12007,2022-10-06 07:00:00,c,c_1
12008,2022-10-06 08:00:00,c,c_1
12009,2022-10-06 09:00:00,c,c_1
12010,2022-10-06 10:00:00,f,f_0
12011,2022-10-06 11:00:00,g,g_1
12012,2022-10-06 12:00:00,g,g_1
12013,2022-10-06 13:00:00,c,c_1
12014,2022-10-06 14:00:00,c,c_1
12015,2022-10-06 15:00:00,c,c_1
12016,2022-10-06 16:00:00,c,c_1
12017,2022-10-06 17:00:00,c,c_1
12018,2022-10-06 18:00:00,c,c_1
12019,2022-10-06 19:00:00,c,c_1
12020,2022-10-06 20:00:00,c,c_1
12021,2022-10-06 21:00:00,b,b_1
12022,2022-10-06 22:00:00,b,b_1
12023,2022-10-06 23:00:00,b,b_1
12024,2022-10-07 00:00:00,b,b_1
12025,2022-10-07 01:00:00,b,b_1
12026,2022-10-07 02:00:00,b,b_1
12027,2022-10-07 03:00:00,b,b_1
12028,2022-10-07 04:00:00,b,b_1
12029,2022-10-07 05:00:00,d,d_0
12030,2022-10-07 06:00:00,d,d_0
12031,2022-10-07 07:00:00,c,c_1
12032,2022-10-07 08:00:00,c,c_1
12033,2022-10-07 09:00:00,c,c_1
12034,2022-10-07 10:00:00,c,c_1
12035,2022-10-07 11:00:00,c,c_1
12036,2022-10-07 12:00:00,c,c_1
12037,2022-10-07 13:00:00,c,c_1
12038,2022-10-07 14:00:00,c,c_1
12039,2022-10-07 15:00:00,e,e_1
12040,2022-10-07 16:00:00,e,e_1
12041,2022-10-07 17:00:00,e,e_1
12042,2022-10-07 18:00:00,e,e_1
12043,2022-10-07 19:00:00,e,e_1
12044,2022-10-07 20:00:00,e,e_1
12045,2022-10-07 21:00:00,e,e_1
12046,2022-10-07 22:00:00,d,d_0
12047,2022-10-07 23:00:00,c,c_1
12048,2022-10-08 00:00:00,c,c_1
12049,2022-10-08 01:00:00,c,c_1
12050,2022-10-08 02:00:00,c,c_1
12051,2022-10-08 03:00:00,c,c_1
12052,2022-10-08 04:00:00,c,c_1
12053,2022-10-08 05:00:00,c,c_1
12054,2022-10-08 06:00:00,d,d_0
12055,2022-10-08 07:00:00,b,b_1
12056,2022-10-08 08:00:00,b,b_1
12057,2022-10-08 09:00:00,b,b_1
12058,2022-10-08 10:00:00,b,b_1
12059,2022-10-08 11:00:00,b,b_1
12060,2022-10-08 12:00:00,b,b_1
12061,2022-10-08 13:00:00,b,b_1
12062,2022-10-08 14:00:00,c,c_1
12063,2022-10-08 15:00:00,c,c_1
12064,2022-10-08 16:00:00,c,c_1
12065,2022-10-08 17:00:00,c,c_1
12066,2022-10-08 18:00:00,c,c_1
12067,2022-10-08 19:00:00,c,c_1
12068,2022-10-08 20:00:00,c,c_1
12069,2022-10-08 21:00:00,c,c_1
12070,2022-10-08 22:00:00,g,g_0
12071,2022-10-08 23:00:00,e,e_1
12072,2022-10-09 00:00:00,e,e_1
12073,2022-10-09 01:00:00,e,e_1
12074,2022-10-09 02:00:00,e,e_1
12075,2022-10-09 03:00:00,e,e_1
12076,2022-10-09 04:00:00,e,e_1
12077,2022-10-09 05:00:00,e,e_1
12078,2022-10-09 06:00:00,e,e_1
12079,2022-10-09 07:00:00,a,a_1
12080,2022-10-09 08:00:00,a,a_1
12081,2022-10-09 09:00:00,a,a_1
12082,2022-10-09 10:00:00,a,a_1
12083,2022-10-09 11:00:00,a,a_1
12084,2022-10-09 12:00:00,a,a_1
12085,2022-10-09 13:00:00,a,a_1
12086,2022-10-09 14:00:00,a,a_1
12087,2022-10-09 15:00:00,b,b_1
12088,2022-10-09 16:00:00,b,b_1
12089,2022-10-09 17:00:00,b,b_1
12090,2022-10-09 18:00:00,b,b_1
12091,2022-10-09 19:00:00,b,b_1
12092,2022-10-09 20:00:00,b,b_1
12093,2022-10-09 21:00:00,b,b_1
12094,2022-10-09 22:00:00,b,b_1
12095,2022-10-09 23:00:00,f,f_1
12096,2022-10-10 00:00:00,f,f_1
12097,2022-10-10 01:00:00,f,f_1
12098,2022-10-10 02:00:00,f,f_1
12099,2022-10-10 03:00:00,f,f_1
12100,2022-10-10 04:00:00,f,f_1
12101,2022-10-10 05:00:00,f,f_1
12102,2022-10-10 06:00:00,f,f_1
12103,2022-10-10 07:00:00,h,h_0
12104,2022-10-10 08:00:00,e,e_0
12105,2022-10-10 09:00:00,d,d_0
12106,2022-10-10 10:00:00,c,c_0
12107,2022-10-10 11:00:00,h,h_1
12108,2022-10-10 12:00:00,h,h_1
12109,2022-10-10 13:00:00,a,a_0
12110,2022-10-10 14:00:00,b,b_0
12111,2022-10-10 15:00:00,b,b_0
12112,2022-10-10 16:00:00,e,e_1
12113,2022-10-10 17:00:00,e,e_1
12114,2022-10-10 18:00:00,e,e_1
12115,2022-10-10 19:00:00,e,e_1
12116,2022-10-10 20:00:00,e,e_1
12117,2022-10-10 21:00:00,e,e_1
12118,2022-10-10 22:00:00,e,e_1
12119,2022-10-10 23:00:00,e,e_1
12120,2022-10-11 00:00:00,a,a_1
12121,2022-10-11 01:00:00,a,a_1
12122,2022-10-11 02:00:00,a,a_1
12123,2022-10-11 03:00:00,a,a_1
12124,2022-10-11 04:00:00,a,a_1
12125,2022-10-11 05:00:00,a,a_1
12126,2022-10-11 06:00:00,a,a_1
12127,2022-10-11 07:00:00,b,b_1
12128,2022-10-11 08:00:00,b,b_1
12129,2022-10-11 09:00:00,b,b_1
12130,2022-10-11 10:00:00,b,b_1
12131,2022-10-11 11:00:00,b,b_1
12132,2022-10-11 12:00:00,b,b_1
12133,2022-10-11 13:00:00,b,b_1
12134,2022-10-11 14:00:00,b,b_1
12135,2022-10-11 15:00:00,d,d_0
12136,2022-10-11 16:00:00,d,d_0
12137,2022-10-11 17:00:00,f,f_1
12138,2022-10-11 18:00:00,f,f_1
12139,2022-10-11 19:00:00,f,f_1
12140,2022-10-11 20:00:00,f,f_1
12141,2022-10-11 21:00:00,f,f_1
12142,2022-10-11 22:00:00,f,f_1
12143,2022-10-11 23:00:00,f,f_1
12144,2022-10-12 00:00:00,f,f_1
12145,2022-10-12 01:00:00,b,b_0
12146,2022-10-12 02:00:00,b,b_0
12147,2022-10-12 03:00:00,e,e_1
12148,2022-10-12 04:00:00,e,e_1
12149,2022-10-12 05:00:00,e,e_1
12150,2022-10-12 06:00:00,e,e_1
12151,2022-10-12 07:00:00,e,e_1
12152,2022-10-12 08:00:00,e,e_1
12153,2022-10-12 09:00:00,e,e_1
12154,2022-10-12 10:00:00,e,e_1
12155,2022-10-12 11:00:00,d,d_1
12156,2022-10-12 12:00:00,d,d_1
12157,2022-10-12 13:00:00,d,d_1
12158,2022-10-12 14:00:00,d,d_1
12159,2022-10-12 15:00:00,d,d_1
12160,2022-10-12 16:00:00,d,d_1
12161,2022-10-12 17:00:00,d,d_1
12162,2022-10-12 18:00:00,d,d_1
12163,2022-10-12 19:00:00,b,b_1
12164,2022-10-12 20:00:00,b,b_1
12165,2022-10-12 21:00:00,b,b_1
12166,2022-10-12 22:00:00,b,b_1
12167,2022-10-12 23:00:00,b,b_1
12168,2022-10-13 00:00:00,b,b_1
12169,2022-10-13 01:00:00,b,b_1
12170,2022-10-13 02:00:00,b,b_1
12171,2022-10-13 03:00:00,h,h_1
12172,2022-10-13 04:00:00,h,h_1
12173,2022-10-13 05:00:00,c,c_0
12174,2022-10-13 06:00:00,f,f_1
12175,2022-10-13 07:00:00,f,f_1
12176,2022-10-13 08:00:00,f,f_1
12177,2022-10-13 09:00:00,f,f_1
12178,2022-10-13 10:00:00,f,f_1
12179,2022-10-13 11:00:00,f,f_1
12180,2022-10-13 12:00:00,f,f_1
12181,2022-10-13 13:00:00,g,g_1
12182,2022-10-13 14:00:00,g,g_1
12183,2022-10-13 15:00:00,c,c_0
12184,2022-10-13 16:00:00,c,c_0
12185,2022-10-13 17:00:00,e,e_0
12186,2022-10-13 18:00:00,d,d_1
12187,2022-10-13 19:00:00,d,d_1
12188,2022-10-13 20:00:00,d,d_1
12189,2022-10-13 21:00:00,d,d_1
12190,2022-10-13 22:00:00,d,d_1
12191,2022-10-13 23:00:00,d,d_1
12192,2022-10-14 00:00:00,d,d_1
12193,2022-10-14 01:00:00,a,a_0
12194,2022-10-14 02:00:00,a,a_0
12195,2022-10-14 03:00:00,d,d_0
12196,2022-10-14 04:00:00,d,d_0
12197,2022-10-14 05:00:00,f,f_0
12198,2022-10-14 06:00:00,h,h_1
12199,2022-10-14 07:00:00,h,h_1
12200,2022-10-14 08:00:00,e,e_0
12201,2022-10-14 09:00:00,d,d_1
12202,2022-10-14 10:00:00,d,d_1
12203,2022-10-14 11:00:00,d,d_1
12204,2022-10-14 12:00:00,d,d_1
12205,2022-10-14 13:00:00,d,d_1
12206,2022-10-14 14:00:00,d,d_1
12207,2022-10-14 15:00:00,d,d_1
12208,2022-10-14 16:00:00,d,d_1
12209,2022-10-14 17:00:00,f,f_0
12210,2022-10-14 18:00:00,g,g_1
12211,2022-10-14 19:00:00,g,g_1
12212,2022-10-14 20:00:00,h,h_0
12213,2022-10-14 21:00:00,a,a_1
12214,2022-10-14 22:00:00,a,a_1
12215,2022-10-14 23:00:00,a,a_1
12216,2022-10-15 00:00:00,a,a_1
12217,2022-10-15 01:00:00,a,a_1
12218,2022-10-15 02:00:00,a,a_1
12219,2022-10-15 03:00:00,a,a_1
12220,2022-10-15 04:00:00,a,a_1
12221,2022-10-15 05:00:00,d,d_0
12222,2022-10-15 06:00:00,d,d_0
12223,2022-10-15 07:00:00,g,g_1
12224,2022-10-15 08:00:00,g,g_1
12225,2022-10-15 09:00:00,e,e_1
12226,2022-10-15 10:00:00,e,e_1
12227,2022-10-15 11:00:00,e,e_1
12228,2022-10-15 12:00:00,e,e_1
12229,2022-10-15 13:00:00,e,e_1
12230,2022-10-15 14:00:00,e,e_1
12231,2022-10-15 15:00:00,e,e_1
12232,2022-10-15 16:00:00,d,d_1
12233,2022-10-15 17:00:00,d,d_1
12234,2022-10-15 18:00:00,d,d_1
12235,2022-10-15 19:00:00,d,d_1
12236,2022-10-15 20:00:00,d,d_1
12237,2022-10-15 21:00:00,d,d_1
12238,2022-10-15 22:00:00,d,d_1
12239,2022-10-15 23:00:00,d,d_1
12240,2022-10-16 00:00:00,c,c_0
12241,2022-10-16 01:00:00,c,c_0
12242,2022-10-16 02:00:00,g,g_0
12243,2022-10-16 03:00:00,d,d_1
12244,2022-10-16 04:00:00,d,d_1
12245,2022-10-16 05:00:00,d,d_1
12246,2022-10-16 06:00:00,d,d_1
12247,2022-10-16 07:00:00,d,d_1
12248,2022-10-16 08:00:00,d,d_1
12249,2022-10-16 09:00:00,d,d_1
12250,2022-10-16 10:00:00,d,d_1
12251,2022-10-16 11:00:00,a,a_0
12252,2022-10-16 12:00:00,h,h_0
12253,2022-10-16 13:00:00,d,d_1
12254,2022-10-16 14:00:00,d,d_1
12255,2022-10-16 15:00:00,d,d_1
12256,2022-10-16 16:00:00,d,d_1
12257,2022-10-16 17:00:00,d,d_1
12258,2022-10-16 18:00:00,d,d_1
12259,2022-10-16 19:00:00,d,d_1
12260,2022-10-16 20:00:00,e,e_1
12261,2022-10-16 21:00:00,e,e_1
12262,2022-10-16 22:00:00,e,e_1
12263,2022-10-16 23:00:00,e,e_1
12264,2022-10-17 00:00:00,e,e_1
12265,2022-10-17 01:00:00,e,e_1
12266,2022-10-17 02:00:00,e,e_1
12267,2022-10-17 03:00:00,b,b_0
12268,2022-10-17 04:00:00,b,b_0
12269,2022-10-17 05:00:00,h,h_1
12270,2022-10-17 06:00:00,h,h_1
12271,2022-10-17 07:00:00,d,d_1
12272,2022-10-17 08:00:00,d,d_1
12273,2022-10-17 09:00:00,d,d_1
12274,2022-10-17 10:00:00,d,d_1
12275,2022-10-17 11:00:00,d,d_1
12276,2022-10-17 12:00:00,d,d_1
12277,2022-10-17 13:00:00,d,d_1
12278,2022-10-17 14:00:00,h,h_0
12279,2022-10-17 15:00:00,c,c_0
12280,2022-10-17 16:00:00,c,c_0
12281,2022-10-17 17:00:00,d,d_0
12282,2022-10-17 18:00:00,d,d_0
12283,2022-10-17 19:00:00,f,f_1
12284,2022-10-17 20:00:00,f,f_1
12285,2022-10-17 21:00:00,f,f_1
12286,2022-10-17 22:00:00,f,f_1
12287,2022-10-17 23:00:00,f,f_1
12288,2022-10-18 00:00:00,f,f_1
12289,2022-10-18 01:00:00,f,f_1
12290,2022-10-18 02:00:00,e,e_1
12291,2022-10-18 03:00:00,e,e_1
12292,2022-10-18 04:00:00,e,e_1
12293,2022-10-18 05:00:00,e,e_1
12294,2022-10-18 06:00:00,e,e_1
12295,2022-10-18 07:00:00,e,e_1
12296,2022-10-18 08:00:00,e,e_1
12297,2022-10-18 09:00:00,e,e_1
12298,2022-10-18 10:00:00,d,d_1
12299,2022-10-18 11:00:00,d,d_1
12300,2022-10-18 12:00:00,d,d_1
12301,2022-10-18 13:00:00,d,d_1
12302,2022-10-18 14:00:00,d,d_1
12303,2022-10-18 15:00:00,d,d_1
12304,2022-10-18 16:00:00,d,d_1
12305,2022-10-18 17:00:00,d,d_1
12306,2022-10-18 18:00:00,h,h_1
12307,2022-10-18 19:00:00,h,h_1
12308,2022-10-18 20:00:00,b,b_1
12309,2022-10-18 21:00:00,b,b_1
12310,2022-10-18 22:00:00,b,b_1
12311,2022-10-18 23:00:00,b,b_1
12312,2022-10-19 00:00:00,b,b_1
12313,2022-10-19 01:00:00,b,b_1
12314,2022-10-19 02:00:00,b,b_1
12315,2022-10-19 03:00:00,b,b_1
12316,2022-10-19 04:00:00,a,a_1
12317,2022-10-19 05:00:00,a,a_1
12318,2022-10-19 06:00:00,a,a_1
12319,2022-10-19 07:00:00,a,a_1
12320,2022-10-19 08:00:00,a,a_1
12321,2022-10-19 09:00:00,a,a_1
12322,2022-10-19 10:00:00,a,a_1
12323,2022-10-19 11:00:00,a,a_1
12324,2022-10-19 12:00:00,g,g_1
12325,2022-10-19 13:00:00,g,g_1
12326,2022-10-19 14:00:00,h,h_1
12327,2022-10-19 15:00:00,h,h_1
12328,2022-10-19 16:00:00,e,e_1
12329,2022-10-19 17:00:00,e,e_1
12330,2022-10-19 18:00:00,e,e_1
12331,2022-10-19 19:00:00,e,e_1
12332,2022-10-19 20:00:00,e,e_1
12333,2022-10-19 21:00:00,e,e_1
12334,2022-10-19 22:00:00,e,e_1
12335,2022-10-19 23:00:00,b,b_1
12336,2022-10-20 00:00:00,b,b_1
12337,2022-10-20 01:00:00,b,b_1
12338,2022-10-20 02:00:00,b,b_1
12339,2022-10-20 03:00:00,b,b_1
12340,2022-10-20 04:00:00,b,b_1
12341,2022-10-20 05:00:00,b,b_1
12342,2022-10-20 06:00:00,f,f_0
12343,2022-10-20 07:00:00,h,h_0
12344,2022-10-20 08:00:00,e,e_0
12345,2022-10-20 09:00:00,e,e_0
12346,2022-10-20 10:00:00,c,c_1
12347,2022-10-20 11:00:00,c,c_1
12348,2022-10-20 12:00:00,c,c_1
12349,2022-10-20 13:00:00,c,c_1
12350,2022-10-20 14:00:00,c,c_1
12351,2022-10-20 15:00:00,c,c_1
12352,2022-10-20 16:00:00,c,c_1
12353,2022-10-20 17:00:00,c,c_1
12354,2022-10-20 18:00:00,f,f_0
12355,2022-10-20 19:00:00,d,d_1
12356,2022-10-20 20:00:00,d,d_1
12357,2022-10-20 21:00:00,d,d_1
12358,2022-10-20 22:00:00,d,d_1
12359,2022-10-20 23:00:00,d,d_1
12360,2022-10-21 00:00:00,d,d_1
12361,2022-10-21 01:00:00,d,d_1
12362,2022-10-21 02:00:00,b,b_1
12363,2022-10-21 03:00:00,b,b_1
12364,2022-10-21 04:00:00,b,b_1
12365,2022-10-21 05:00:00,b,b_1
12366,2022-10-21 06:00:00,b,b_1
12367,2022-10-21 07:00:00,b,b_1
12368,2022-10-21 08:00:00,b,b_1
12369,2022-10-21 09:00:00,b,b_1
12370,2022-10-21 10:00:00,c,c_1
12371,2022-10-21 11:00:00,c,c_1
12372,2022-10-21 12:00:00,c,c_1
12373,2022-10-21 13:00:00,c,c_1
12374,2022-10-21 14:00:00,c,c_1
12375,2022-10-21 15:00:00,c,c_1
12376,2022-10-21 16:00:00,c,c_1
12377,2022-10-21 17:00:00,d,d_0
12378,2022-10-21 18:00:00,d,d_0
12379,2022-10-21 19:00:00,e,e_0
12380,2022-10-21 20:00:00,e,e_0
12381,2022-10-21 21:00:00,c,c_1
12382,2022-10-21 22:00:00,c,c_1
12383,2022-10-21 23:00:00,c,c_1
12384,2022-10-22 00:00:00,c,c_1
12385,2022-10-22 01:00:00,c,c_1
12386,2022-10-22 02:00:00,c,c_1
12387,2022-10-22 03:00:00,c,c_1
12388,2022-10-22 04:00:00,c,c_1
12389,2022-10-22 05:00:00,d,d_0
12390,2022-10-22 06:00:00,d,d_0
12391,2022-10-22 07:00:00,b,b_1
12392,2022-10-22 08:00:00,b,b_1
12393,2022-10-22 09:00:00,b,b_1
12394,2022-10-22 10:00:00,b,b_1
12395,2022-10-22 11:00:00,b,b_1
12396,2022-10-22 12:00:00,b,b_1
12397,2022-10-22 13:00:00,b,b_1
12398,2022-10-22 14:00:00,c,c_1
12399,2022-10-22 15:00:00,c,c_1
12400,2022-10-22 16:00:00,c,c_1
12401,2022-10-22 17:00:00,c,c_1
12402,2022-10-22 18:00:00,c,c_1
12403,2022-10-22 19:00:00,c,c_1
12404,2022-10-22 20:00:00,c,c_1
12405,2022-10-22 21:00:00,f,f_1
12406,2022-10-22 22:00:00,f,f_1
12407,2022-10-22 23:00:00,f,f_1
12408,2022-10-23 00:00:00,f,f_1
12409,2022-10-23 01:00:00,f,f_1
12410,2022-10-23 02:00:00,f,f_1
12411,2022-10-23 03:00:00,f,f_1
12412,2022-10-23 04:00:00,d,d_0
12413,2022-10-23 05:00:00,f,f_0
12414,2022-10-23 06:00:00,f,f_0
12415,2022-10-23 07:00:00,c,c_0
12416,2022-10-23 08:00:00,a,a_0
12417,2022-10-23 09:00:00,e,e_1
12418,2022-10-23 10:00:00,e,e_1
12419,2022-10-23 11:00:00,e,e_1
12420,2022-10-23 12:00:00,e,e_1
12421,2022-10-23 13:00:00,e,e_1
12422,2022-10-23 14:00:00,e,e_1
12423,2022-10-23 15:00:00,e,e_1
12424,2022-10-23 16:00:00,e,e_1
12425,2022-10-23 17:00:00,g,g_0
12426,2022-10-23 18:00:00,b,b_0
12427,2022-10-23 19:00:00,b,b_0
12428,2022-10-23 20:00:00,c,c_1
12429,2022-10-23 21:00:00,c,c_1
12430,2022-10-23 22:00:00,c,c_1
12431,2022-10-23 23:00:00,c,c_1
12432,2022-10-24 00:00:00,c,c_1
12433,2022-10-24 01:00:00,c,c_1
12434,2022-10-24 02:00:00,c,c_1
12435,2022-10-24 03:00:00,d,d_0
12436,2022-10-24 04:00:00,g,g_0
12437,2022-10-24 05:00:00,f,f_0
12438,2022-10-24 06:00:00,c,c_0
12439,2022-10-24 07:00:00,c,c_0
12440,2022-10-24 08:00:00,e,e_1
12441,2022-10-24 09:00:00,e,e_1
12442,2022-10-24 10:00:00,e,e_1
12443,2022-10-24 11:00:00,e,e_1
12444,2022-10-24 12:00:00,e,e_1
12445,2022-10-24 13:00:00,e,e_1
12446,2022-10-24 14:00:00,e,e_1
12447,2022-10-24 15:00:00,h,h_0
12448,2022-10-24 16:00:00,d,d_1
12449,2022-10-24 17:00:00,d,d_1
12450,2022-10-24 18:00:00,d,d_1
12451,2022-10-24 19:00:00,d,d_1
12452,2022-10-24 20:00:00,d,d_1
12453,2022-10-24 21:00:00,d,d_1
12454,2022-10-24 22:00:00,d,d_1
12455,2022-10-24 23:00:00,d,d_1
12456,2022-10-25 00:00:00,f,f_0
12457,2022-10-25 01:00:00,f,f_0
12458,2022-10-25 02:00:00,g,g_1
12459,2022-10-25 03:00:00,g,g_1
12460,2022-10-25 04:00:00,h,h_0
12461,2022-10-25 05:00:00,c,c_0
12462,2022-10-25 06:00:00,g,g_1
12463,2022-10-25 07:00:00,g,g_1
12464,2022-10-25 08:00:00,h,h_1
12465,2022-10-25 09:00:00,h,h_1
12466,2022-10-25 10:00:00,d,d_0
12467,2022-10-25 11:00:00,g,g_0
12468,2022-10-25 12:00:00,f,f_1
12469,2022-10-25 13:00:00,f,f_1
12470,2022-10-25 14:00:00,f,f_1
12471,2022-10-25 15:00:00,f,f_1
12472,2022-10-25 16:00:00,f,f_1
12473,2022-10-25 17:00:00,f,f_1
12474,2022-10-25 18:00:00,f,f_1
12475,2022-10-25 19:00:00,f,f_1
12476,2022-10-25 20:00:00,c,c_1
12477,2022-10-25 21:00:00,c,c_1
12478,2022-10-25 22:00:00,c,c_1
12479,2022-10-25 23:00:00,c,c_1
12480,2022-10-26 00:00:00,c,c_1
12481,2022-10-26 01:00:00,c,c_1
12482,2022-10-26 02:00:00,c,c_1
12483,2022-10-26 03:00:00,c,c_1
12484,2022-10-26 04:00:00,b,b_0
12485,2022-10-26 05:00:00,h,h_1
12486,2022-10-26 06:00:00,h,h_1
12487,2022-10-26 07:00:00,e,e_0
12488,2022-10-26 08:00:00,e,e_0
12489,2022-10-26 09:00:00,d,d_0
12490,2022-10-26 10:00:00,c,c_1
12491,2022-10-26 11:00:00,c,c_1
12492,2022-10-26 12:00:00,c,c_1
12493,2022-10-26 13:00:00,c,c_1
12494,2022-10-26 14:00:00,c,c_1
12495,2022-10-26 15:00:00,c,c_1
12496,2022-10-26 16:00:00,c,c_1
12497,2022-10-26 17:00:00,c,c_1
12498,2022-10-26 18:00:00,h,h_0
12499,2022-10-26 19:00:00,f,f_0
12500,2022-10-26 20:00:00,g,g_0
12501,2022-10-26 21:00:00,e,e_1
12502,2022-10-26 22:00:00,e,e_1
12503,2022-10-26 23:00:00,e,e_1
12504,2022-10-27 00:00:00,e,e_1
12505,2022-10-27 01:00:00,e,e_1
12506,2022-10-27 02:00:00,e,e_1
12507,2022-10-27 03:00:00,e,e_1
12508,2022-10-27 04:00:00,h,h_0
12509,2022-10-27 05:00:00,f,f_1
12510,2022-10-27 06:00:00,f,f_1
12511,2022-10-27 07:00:00,f,f_1
12512,2022-10-27 08:00:00,f,f_1
12513,2022-10-27 09:00:00,f,f_1
12514,2022-10-27 10:00:00,f,f_1
12515,2022-10-27 11:00:00,f,f_1
12516,2022-10-27 12:00:00,f,f_1
12517,2022-10-27 13:00:00,e,e_0
12518,2022-10-27 14:00:00,e,e_0
12519,2022-10-27 15:00:00,c,c_0
12520,2022-10-27 16:00:00,c,c_0
12521,2022-10-27 17:00:00,f,f_1
12522,2022-10-27 18:00:00,f,f_1
12523,2022-10-27 19:00:00,f,f_1
12524,2022-10-27 20:00:00,f,f_1
12525,2022-10-27 21:00:00,f,f_1
12526,2022-10-27 22:00:00,f,f_1
12527,2022-10-27 23:00:00,f,f_1
12528,2022-10-28 00:00:00,b,b_1
12529,2022-10-28 01:00:00,b,b_1
12530,2022-10-28 02:00:00,b,b_1
12531,2022-10-28 03:00:00,b,b_1
12532,2022-10-28 04:00:00,b,b_1
12533,2022-10-28 05:00:00,b,b_1
12534,2022-10-28 06:00:00,b,b_1
12535,2022-10-28 07:00:00,b,b_1
12536,2022-10-28 08:00:00,a,a_1
12537,2022-10-28 09:00:00,a,a_1
12538,2022-10-28 10:00:00,a,a_1
12539,2022-10-28 11:00:00,a,a_1
12540,2022-10-28 12:00:00,a,a_1
12541,2022-10-28 13:00:00,a,a_1
12542,2022-10-28 14:00:00,a,a_1
12543,2022-10-28 15:00:00,h,h_1
12544,2022-10-28 16:00:00,h,h_1
12545,2022-10-28 17:00:00,d,d_0
12546,2022-10-28 18:00:00,d,d_0
12547,2022-10-28 19:00:00,h,h_0
12548,2022-10-28 20:00:00,f,f_1
12549,2022-10-28 21:00:00,f,f_1
12550,2022-10-28 22:00:00,f,f_1
12551,2022-10-28 23:00:00,f,f_1
12552,2022-10-29 00:00:00,f,f_1
12553,2022-10-29 01:00:00,f,f_1
12554,2022-10-29 02:00:00,f,f_1
12555,2022-10-29 03:00:00,h,h_0
12556,2022-10-29 04:00:00,b,b_1
12557,2022-10-29 05:00:00,b,b_1
12558,2022-10-29 06:00:00,b,b_1
12559,2022-10-29 07:00:00,b,b_1
12560,2022-10-29 08:00:00,b,b_1
12561,2022-10-29 09:00:00,b,b_1
12562,2022-10-29 10:00:00,b,b_1
12563,2022-10-29 11:00:00,e,e_1
12564,2022-10-29 12:00:00,e,e_1
12565,2022-10-29 13:00:00,e,e_1
12566,2022-10-29 14:00:00,e,e_1
12567,2022-10-29 15:00:00,e,e_1
12568,2022-10-29 16:00:00,e,e_1
12569,2022-10-29 17:00:00,e,e_1
12570,2022-10-29 18:00:00,c,c_1
12571,2022-10-29 19:00:00,c,c_1
12572,2022-10-29 20:00:00,c,c_1
12573,2022-10-29 21:00:00,c,c_1
12574,2022-10-29 22:00:00,c,c_1
12575,2022-10-29 23:00:00,c,c_1
12576,2022-10-30 00:00:00,c,c_1
12577,2022-10-30 01:00:00,c,c_1
12578,2022-10-30 02:00:00,d,d_0
12579,2022-10-30 03:00:00,d,d_0
12580,2022-10-30 04:00:00,e,e_1
12581,2022-10-30 05:00:00,e,e_1
12582,2022-10-30 06:00:00,e,e_1
12583,2022-10-30 07:00:00,e,e_1
12584,2022-10-30 08:00:00,e,e_1
12585,2022-10-30 09:00:00,e,e_1
12586,2022-10-30 10:00:00,e,e_1
12587,2022-10-30 11:00:00,f,f_1
12588,2022-10-30 12:00:00,f,f_1
12589,2022-10-30 13:00:00,f,f_1
12590,2022-10-30 14:00:00,f,f_1
12591,2022-10-30 15:00:00,f,f_1
12592,2022-10-30 16:00:00,f,f_1
12593,2022-10-30 17:00:00,f,f_1
12594,2022-10-30 18:00:00,e,e_1
12595,2022-10-30 19:00:00,e,e_1
12596,2022-10-30 20:00:00,e,e_1
12597,2022-10-30 21:00:00,e,e_1
12598,2022-10-30 22:00:00,e,e_1
12599,2022-10-30 23:00:00,e,e_1
12600,2022-10-31 00:00:00,e,e_1
12601,2022-10-31 01:00:00,e,e_1
12602,2022-10-31 02:00:00,f,f_1
12603,2022-10-31 03:00:00,f,f_1
12604,2022-10-31 04:00:00,f,f_1
12605,2022-10-31 05:00:00,f,f_1
12606,2022-10-31 06:00:00,f,f_1
12607,2022-10-31 07:00:00,f,f_1
12608,2022-10-31 08:00:00,f,f_1
12609,2022-10-31 09:00:00,h,h_1
12610,2022-10-31 10:00:00,h,h_1
12611,2022-10-31 11:00:00,c,c_0
12612,2022-10-31 12:00:00,f,f_1
12613,2022-10-31 13:00:00,f,f_1
12614,2022-10-31 14:00:00,f,f_1
12615,2022-10-31 15:00:00,f,f_1
12616,2022-10-31 16:00:00,f,f_1
12617,2022-10-31 17:00:00,f,f_1
12618,2022-10-31 18:00:00,f,f_1
12619,2022-10-31 19:00:00,f,f_1
12620,2022-10-31 20:00:00,h,h_0
12621,2022-10-31 21:00:00,e,e_1
12622,2022-10-31 22:00:00,e,e_1
12623,2022-10-31 23:00:00,e,e_1
12624,2022-11-01 00:00:00,e,e_1
12625,2022-11-01 01:00:00,e,e_1
12626,2022-11-01 02:00:00,e,e_1
12627,2022-11-01 03:00:00,e,e_1
12628,2022-11-01 04:00:00,h,h_0
12629,2022-11-01 05:00:00,c,c_0
12630,2022-11-01 06:00:00,c,c_0
12631,2022-11-01 07:00:00,f,f_1
12632,2022-11-01 08:00:00,f,f_1
12633,2022-11-01 09:00:00,f,f_1
12634,2022-11-01 10:00:00,f,f_1
12635,2022-11-01 11:00:00,f,f_1
12636,2022-11-01 12:00:00,f,f_1
12637,2022-11-01 13:00:00,f,f_1
12638,2022-11-01 14:00:00,f,f_1
12639,2022-11-01 15:00:00,d,d_1
12640,2022-11-01 16:00:00,d,d_1
12641,2022-11-01 17:00:00,d,d_1
12642,2022-11-01 18:00:00,d,d_1
12643,2022-11-01 19:00:00,d,d_1
12644,2022-11-01 20:00:00,d,d_1
12645,2022-11-01 21:00:00,d,d_1
12646,2022-11-01 22:00:00,a,a_1
12647,2022-11-01 23:00:00,a,a_1
12648,2022-11-02 00:00:00,a,a_1
12649,2022-11-02 01:00:00,a,a_1
12650,2022-11-02 02:00:00,a,a_1
12651,2022-11-02 03:00:00,a,a_1
12652,2022-11-02 04:00:00,a,a_1
12653,2022-11-02 05:00:00,a,a_1
12654,2022-11-02 06:00:00,e,e_1
12655,2022-11-02 07:00:00,e,e_1
12656,2022-11-02 08:00:00,e,e_1
12657,2022-11-02 09:00:00,e,e_1
12658,2022-11-02 10:00:00,e,e_1
12659,2022-11-02 11:00:00,e,e_1
12660,2022-11-02 12:00:00,e,e_1
12661,2022-11-02 13:00:00,d,d_1
12662,2022-11-02 14:00:00,d,d_1
12663,2022-11-02 15:00:00,d,d_1
12664,2022-11-02 16:00:00,d,d_1
12665,2022-11-02 17:00:00,d,d_1
12666,2022-11-02 18:00:00,d,d_1
12667,2022-11-02 19:00:00,d,d_1
12668,2022-11-02 20:00:00,d,d_1
12669,2022-11-02 21:00:00,b,b_1
12670,2022-11-02 22:00:00,b,b_1
12671,2022-11-02 23:00:00,b,b_1
12672,2022-11-03 00:00:00,b,b_1
12673,2022-11-03 01:00:00,b,b_1
12674,2022-11-03 02:00:00,b,b_1
12675,2022-11-03 03:00:00,b,b_1
12676,2022-11-03 04:00:00,b,b_1
12677,2022-11-03 05:00:00,h,h_1
12678,2022-11-03 06:00:00,h,h_1
12679,2022-11-03 07:00:00,f,f_0
12680,2022-11-03 08:00:00,b,b_1
12681,2022-11-03 09:00:00,b,b_1
12682,2022-11-03 10:00:00,b,b_1
12683,2022-11-03 11:00:00,b,b_1
12684,2022-11-03 12:00:00,b,b_1
12685,2022-11-03 13:00:00,b,b_1
12686,2022-11-03 14:00:00,b,b_1
12687,2022-11-03 15:00:00,g,g_1
12688,2022-11-03 16:00:00,g,g_1
12689,2022-11-03 17:00:00,f,f_0
12690,2022-11-03 18:00:00,f,f_0
12691,2022-11-03 19:00:00,e,e_0
12692,2022-11-03 20:00:00,h,h_1
12693,2022-11-03 21:00:00,h,h_1
12694,2022-11-03 22:00:00,f,f_0
12695,2022-11-03 23:00:00,f,f_0
12696,2022-11-04 00:00:00,h,h_0
12697,2022-11-04 01:00:00,c,c_1
12698,2022-11-04 02:00:00,c,c_1
12699,2022-11-04 03:00:00,c,c_1
12700,2022-11-04 04:00:00,c,c_1
12701,2022-11-04 05:00:00,c,c_1
12702,2022-11-04 06:00:00,c,c_1
12703,2022-11-04 07:00:00,c,c_1
12704,2022-11-04 08:00:00,c,c_1
12705,2022-11-04 09:00:00,g,g_0
12706,2022-11-04 10:00:00,e,e_0
12707,2022-11-04 11:00:00,c,c_0
12708,2022-11-04 12:00:00,a,a_1
12709,2022-11-04 13:00:00,a,a_1
12710,2022-11-04 14:00:00,a,a_1
12711,2022-11-04 15:00:00,a,a_1
12712,2022-11-04 16:00:00,a,a_1
12713,2022-11-04 17:00:00,a,a_1
12714,2022-11-04 18:00:00,a,a_1
12715,2022-11-04 19:00:00,a,a_1
12716,2022-11-04 20:00:00,d,d_1
12717,2022-11-04 21:00:00,d,d_1
12718,2022-11-04 22:00:00,d,d_1
12719,2022-11-04 23:00:00,d,d_1
12720,2022-11-05 00:00:00,d,d_1
12721,2022-11-05 01:00:00,d,d_1
12722,2022-11-05 02:00:00,d,d_1
12723,2022-11-05 03:00:00,c,c_0
12724,2022-11-05 04:00:00,g,g_0
12725,2022-11-05 05:00:00,a,a_1
12726,2022-11-05 06:00:00,a,a_1
12727,2022-11-05 07:00:00,a,a_1
12728,2022-11-05 08:00:00,a,a_1
12729,2022-11-05 09:00:00,a,a_1
12730,2022-11-05 10:00:00,a,a_1
12731,2022-11-05 11:00:00,a,a_1
12732,2022-11-05 12:00:00,a,a_1
12733,2022-11-05 13:00:00,e,e_1
12734,2022-11-05 14:00:00,e,e_1
12735,2022-11-05 15:00:00,e,e_1
12736,2022-11-05 16:00:00,e,e_1
12737,2022-11-05 17:00:00,e,e_1
12738,2022-11-05 18:00:00,e,e_1
12739,2022-11-05 19:00:00,e,e_1
12740,2022-11-05 20:00:00,f,f_1
12741,2022-11-05 21:00:00,f,f_1
12742,2022-11-05 22:00:00,f,f_1
12743,2022-11-05 23:00:00,f,f_1
12744,2022-11-06 00:00:00,f,f_1
12745,2022-11-06 01:00:00,f,f_1
12746,2022-11-06 02:00:00,f,f_1
12747,2022-11-06 03:00:00,f,f_1
12748,2022-11-06 04:00:00,g,g_1
12749,2022-11-06 05:00:00,g,g_1
12750,2022-11-06 06:00:00,b,b_1
12751,2022-11-06 07:00:00,b,b_1
12752,2022-11-06 08:00:00,b,b_1
12753,2022-11-06 09:00:00,b,b_1
12754,2022-11-06 10:00:00,b,b_1
12755,2022-11-06 11:00:00,b,b_1
12756,2022-11-06 12:00:00,b,b_1
12757,2022-11-06 13:00:00,b,b_1
12758,2022-11-06 14:00:00,h,h_0
12759,2022-11-06 15:00:00,c,c_1
12760,2022-11-06 16:00:00,c,c_1
12761,2022-11-06 17:00:00,c,c_1
12762,2022-11-06 18:00:00,c,c_1
12763,2022-11-06 19:00:00,c,c_1
12764,2022-11-06 20:00:00,c,c_1
12765,2022-11-06 21:00:00,c,c_1
12766,2022-11-06 22:00:00,f,f_1
12767,2022-11-06 23:00:00,f,f_1
12768,2022-11-07 00:00:00,f,f_1
12769,2022-11-07 01:00:00,f,f_1
12770,2022-11-07 02:00:00,f,f_1
12771,2022-11-07 03:00:00,f,f_1
12772,2022-11-07 04:00:00,f,f_1
12773,2022-11-07 05:00:00,f,f_1
12774,2022-11-07 06:00:00,h,h_0
12775,2022-11-07 07:00:00,d,d_1
12776,2022-11-07 08:00:00,d,d_1
12777,2022-11-07 09:00:00,d,d_1
12778,2022-11-07 10:00:00,d,d_1
12779,2022-11-07 11:00:00,d,d_1
12780,2022-11-07 12:00:00,d,d_1
12781,2022-11-07 13:00:00,d,d_1
12782,2022-11-07 14:00:00,d,d_1
12783,2022-11-07 15:00:00,f,f_0
12784,2022-11-07 16:00:00,a,a_1
12785,2022-11-07 17:00:00,a,a_1
12786,2022-11-07 18:00:00,a,a_1
12787,2022-11-07 19:00:00,a,a_1
12788,2022-11-07 20:00:00,a,a_1
12789,2022-11-07 21:00:00,a,a_1
12790,2022-11-07 22:00:00,a,a_1
12791,2022-11-07 23:00:00,g,g_1
12792,2022-11-08 00:00:00,g,g_1
12793,2022-11-08 01:00:00,h,h_0
12794,2022-11-08 02:00:00,e,e_0
12795,2022-11-08 03:00:00,b,b_1
12796,2022-11-08 04:00:00,b,b_1
12797,2022-11-08 05:00:00,b,b_1
12798,2022-11-08 06:00:00,b,b_1
12799,2022-11-08 07:00:00,b,b_1
12800,2022-11-08 08:00:00,b,b_1
12801,2022-11-08 09:00:00,b,b_1
12802,2022-11-08 10:00:00,g,g_0
12803,2022-11-08 11:00:00,c,c_0
12804,2022-11-08 12:00:00,h,h_1
12805,2022-11-08 13:00:00,h,h_1
12806,2022-11-08 14:00:00,f,f_0
12807,2022-11-08 15:00:00,b,b_1
12808,2022-11-08 16:00:00,b,b_1
12809,2022-11-08 17:00:00,b,b_1
12810,2022-11-08 18:00:00,b,b_1
12811,2022-11-08 19:00:00,b,b_1
12812,2022-11-08 20:00:00,b,b_1
12813,2022-11-08 21:00:00,b,b_1
12814,2022-11-08 22:00:00,b,b_1
12815,2022-11-08 23:00:00,c,c_1
12816,2022-11-09 00:00:00,c,c_1
12817,2022-11-09 01:00:00,c,c_1
12818,2022-11-09 02:00:00,c,c_1
12819,2022-11-09 03:00:00,c,c_1
12820,2022-11-09 04:00:00,c,c_1
12821,2022-11-09 05:00:00,c,c_1
12822,2022-11-09 06:00:00,e,e_1
12823,2022-11-09 07:00:00,e,e_1
12824,2022-11-09 08:00:00,e,e_1
12825,2022-11-09 09:00:00,e,e_1
12826,2022-11-09 10:00:00,e,e_1
12827,2022-11-09 11:00:00,e,e_1
12828,2022-11-09 12:00:00,e,e_1
12829,2022-11-09 13:00:00,e,e_1
12830,2022-11-09 14:00:00,g,g_0
12831,2022-11-09 15:00:00,b,b_0
12832,2022-11-09 16:00:00,b,b_0
12833,2022-11-09 17:00:00,f,f_1
12834,2022-11-09 18:00:00,f,f_1
12835,2022-11-09 19:00:00,f,f_1
12836,2022-11-09 20:00:00,f,f_1
12837,2022-11-09 21:00:00,f,f_1
12838,2022-11-09 22:00:00,f,f_1
12839,2022-11-09 23:00:00,f,f_1
12840,2022-11-10 00:00:00,f,f_1
12841,2022-11-10 01:00:00,h,h_1
12842,2022-11-10 02:00:00,h,h_1
12843,2022-11-10 03:00:00,f,f_0
12844,2022-11-10 04:00:00,f,f_0
12845,2022-11-10 05:00:00,h,h_1
12846,2022-11-10 06:00:00,h,h_1
12847,2022-11-10 07:00:00,d,d_0
12848,2022-11-10 08:00:00,d,d_0
12849,2022-11-10 09:00:00,h,h_1
12850,2022-11-10 10:00:00,h,h_1
12851,2022-11-10 11:00:00,d,d_1
12852,2022-11-10 12:00:00,d,d_1
12853,2022-11-10 13:00:00,d,d_1
12854,2022-11-10 14:00:00,d,d_1
12855,2022-11-10 15:00:00,d,d_1
12856,2022-11-10 16:00:00,d,d_1
12857,2022-11-10 17:00:00,d,d_1
12858,2022-11-10 18:00:00,d,d_1
12859,2022-11-10 19:00:00,e,e_1
12860,2022-11-10 20:00:00,e,e_1
12861,2022-11-10 21:00:00,e,e_1
12862,2022-11-10 22:00:00,e,e_1
12863,2022-11-10 23:00:00,e,e_1
12864,2022-11-11 00:00:00,e,e_1
12865,2022-11-11 01:00:00,e,e_1
12866,2022-11-11 02:00:00,c,c_0
12867,2022-11-11 03:00:00,c,c_0
12868,2022-11-11 04:00:00,h,h_0
12869,2022-11-11 05:00:00,e,e_1
12870,2022-11-11 06:00:00,e,e_1
12871,2022-11-11 07:00:00,e,e_1
12872,2022-11-11 08:00:00,e,e_1
12873,2022-11-11 09:00:00,e,e_1
12874,2022-11-11 10:00:00,e,e_1
12875,2022-11-11 11:00:00,e,e_1
12876,2022-11-11 12:00:00,f,f_1
12877,2022-11-11 13:00:00,f,f_1
12878,2022-11-11 14:00:00,f,f_1
12879,2022-11-11 15:00:00,f,f_1
12880,2022-11-11 16:00:00,f,f_1
12881,2022-11-11 17:00:00,f,f_1
12882,2022-11-11 18:00:00,f,f_1
12883,2022-11-11 19:00:00,d,d_0
12884,2022-11-11 20:00:00,e,e_1
12885,2022-11-11 21:00:00,e,e_1
12886,2022-11-11 22:00:00,e,e_1
12887,2022-11-11 23:00:00,e,e_1
12888,2022-11-12 00:00:00,e,e_1
12889,2022-11-12 01:00:00,e,e_1
12890,2022-11-12 02:00:00,e,e_1
12891,2022-11-12 03:00:00,e,e_1
12892,2022-11-12 04:00:00,h,h_0
12893,2022-11-12 05:00:00,c,c_1
12894,2022-11-12 06:00:00,c,c_1
12895,2022-11-12 07:00:00,c,c_1
12896,2022-11-12 08:00:00,c,c_1
12897,2022-11-12 09:00:00,c,c_1
12898,2022-11-12 10:00:00,c,c_1
12899,2022-11-12 11:00:00,c,c_1
12900,2022-11-12 12:00:00,c,c_1
12901,2022-11-12 13:00:00,f,f_1
12902,2022-11-12 14:00:00,f,f_1
12903,2022-11-12 15:00:00,f,f_1
12904,2022-11-12 16:00:00,f,f_1
12905,2022-11-12 17:00:00,f,f_1
12906,2022-11-12 18:00:00,f,f_1
12907,2022-11-12 19:00:00,f,f_1
12908,2022-11-12 20:00:00,f,f_1
12909,2022-11-12 21:00:00,h,h_1
12910,2022-11-12 22:00:00,h,h_1
12911,2022-11-12 23:00:00,g,g_0
12912,2022-11-13 00:00:00,d,d_0
12913,2022-11-13 01:00:00,e,e_1
12914,2022-11-13 02:00:00,e,e_1
12915,2022-11-13 03:00:00,e,e_1
12916,2022-11-13 04:00:00,e,e_1
12917,2022-11-13 05:00:00,e,e_1
12918,2022-11-13 06:00:00,e,e_1
12919,2022-11-13 07:00:00,e,e_1
12920,2022-11-13 08:00:00,e,e_1
12921,2022-11-13 09:00:00,b,b_0
12922,2022-11-13 10:00:00,h,h_1
12923,2022-11-13 11:00:00,h,h_1
12924,2022-11-13 12:00:00,a,a_0
12925,2022-11-13 13:00:00,e,e_0
12926,2022-11-13 14:00:00,e,e_0
12927,2022-11-13 15:00:00,c,c_0
12928,2022-11-13 16:00:00,c,c_0
12929,2022-11-13 17:00:00,h,h_0
12930,2022-11-13 18:00:00,f,f_1
12931,2022-11-13 19:00:00,f,f_1
12932,2022-11-13 20:00:00,f,f_1
12933,2022-11-13 21:00:00,f,f_1
12934,2022-11-13 22:00:00,f,f_1
12935,2022-11-13 23:00:00,f,f_1
12936,2022-11-14 00:00:00,f,f_1
12937,2022-11-14 01:00:00,f,f_1
12938,2022-11-14 02:00:00,h,h_1
12939,2022-11-14 03:00:00,h,h_1
12940,2022-11-14 04:00:00,d,d_1
12941,2022-11-14 05:00:00,d,d_1
12942,2022-11-14 06:00:00,d,d_1
12943,2022-11-14 07:00:00,d,d_1
12944,2022-11-14 08:00:00,d,d_1
12945,2022-11-14 09:00:00,d,d_1
12946,2022-11-14 10:00:00,d,d_1
12947,2022-11-14 11:00:00,c,c_1
12948,2022-11-14 12:00:00,c,c_1
12949,2022-11-14 13:00:00,c,c_1
12950,2022-11-14 14:00:00,c,c_1
12951,2022-11-14 15:00:00,c,c_1
12952,2022-11-14 16:00:00,c,c_1
12953,2022-11-14 17:00:00,c,c_1
12954,2022-11-14 18:00:00,a,a_0
12955,2022-11-14 19:00:00,g,g_1
12956,2022-11-14 20:00:00,g,g_1
12957,2022-11-14 21:00:00,e,e_0
12958,2022-11-14 22:00:00,e,e_0
12959,2022-11-14 23:00:00,h,h_1
12960,2022-11-15 00:00:00,h,h_1
12961,2022-11-15 01:00:00,d,d_0
12962,2022-11-15 02:00:00,d,d_0
12963,2022-11-15 03:00:00,e,e_0
12964,2022-11-15 04:00:00,e,e_0
12965,2022-11-15 05:00:00,f,f_0
12966,2022-11-15 06:00:00,a,a_0
12967,2022-11-15 07:00:00,a,a_0
12968,2022-11-15 08:00:00,e,e_1
12969,2022-11-15 09:00:00,e,e_1
12970,2022-11-15 10:00:00,e,e_1
12971,2022-11-15 11:00:00,e,e_1
12972,2022-11-15 12:00:00,e,e_1
12973,2022-11-15 13:00:00,e,e_1
12974,2022-11-15 14:00:00,e,e_1
12975,2022-11-15 15:00:00,f,f_1
12976,2022-11-15 16:00:00,f,f_1
12977,2022-11-15 17:00:00,f,f_1
12978,2022-11-15 18:00:00,f,f_1
12979,2022-11-15 19:00:00,f,f_1
12980,2022-11-15 20:00:00,f,f_1
12981,2022-11-15 21:00:00,f,f_1
12982,2022-11-15 22:00:00,f,f_1
12983,2022-11-15 23:00:00,g,g_0
12984,2022-11-16 00:00:00,d,d_0
12985,2022-11-16 01:00:00,d,d_0
12986,2022-11-16 02:00:00,h,h_1
12987,2022-11-16 03:00:00,h,h_1
12988,2022-11-16 04:00:00,a,a_0
12989,2022-11-16 05:00:00,a,a_0
12990,2022-11-16 06:00:00,b,b_0
12991,2022-11-16 07:00:00,b,b_0
12992,2022-11-16 08:00:00,a,a_1
12993,2022-11-16 09:00:00,a,a_1
12994,2022-11-16 10:00:00,a,a_1
12995,2022-11-16 11:00:00,a,a_1
12996,2022-11-16 12:00:00,a,a_1
12997,2022-11-16 13:00:00,a,a_1
12998,2022-11-16 14:00:00,a,a_1
12999,2022-11-16 15:00:00,b,b_0
13000,2022-11-16 16:00:00,c,c_0
13001,2022-11-16 17:00:00,c,c_0
13002,2022-11-16 18:00:00,b,b_1
13003,2022-11-16 19:00:00,b,b_1
13004,2022-11-16 20:00:00,b,b_1
13005,2022-11-16 21:00:00,b,b_1
13006,2022-11-16 22:00:00,b,b_1
13007,2022-11-16 23:00:00,b,b_1
13008,2022-11-17 00:00:00,b,b_1
13009,2022-11-17 01:00:00,b,b_1
13010,2022-11-17 02:00:00,e,e_1
13011,2022-11-17 03:00:00,e,e_1
13012,2022-11-17 04:00:00,e,e_1
13013,2022-11-17 05:00:00,e,e_1
13014,2022-11-17 06:00:00,e,e_1
13015,2022-11-17 07:00:00,e,e_1
13016,2022-11-17 08:00:00,e,e_1
13017,2022-11-17 09:00:00,b,b_1
13018,2022-11-17 10:00:00,b,b_1
13019,2022-11-17 11:00:00,b,b_1
13020,2022-11-17 12:00:00,b,b_1
13021,2022-11-17 13:00:00,b,b_1
13022,2022-11-17 14:00:00,b,b_1
13023,2022-11-17 15:00:00,b,b_1
13024,2022-11-17 16:00:00,b,b_1
13025,2022-11-17 17:00:00,f,f_1
13026,2022-11-17 18:00:00,f,f_1
13027,2022-11-17 19:00:00,f,f_1
13028,2022-11-17 20:00:00,f,f_1
13029,2022-11-17 21:00:00,f,f_1
13030,2022-11-17 22:00:00,f,f_1
13031,2022-11-17 23:00:00,f,f_1
13032,2022-11-18 00:00:00,c,c_1
13033,2022-11-18 01:00:00,c,c_1
13034,2022-11-18 02:00:00,c,c_1
13035,2022-11-18 03:00:00,c,c_1
13036,2022-11-18 04:00:00,c,c_1
13037,2022-11-18 05:00:00,c,c_1
13038,2022-11-18 06:00:00,c,c_1
13039,2022-11-18 07:00:00,h,h_1
13040,2022-11-18 08:00:00,h,h_1
13041,2022-11-18 09:00:00,d,d_0
13042,2022-11-18 10:00:00,d,d_0
13043,2022-11-18 11:00:00,e,e_0
13044,2022-11-18 12:00:00,f,f_0
13045,2022-11-18 13:00:00,h,h_1
13046,2022-11-18 14:00:00,h,h_1
13047,2022-11-18 15:00:00,e,e_1
13048,2022-11-18 16:00:00,e,e_1
13049,2022-11-18 17:00:00,e,e_1
13050,2022-11-18 18:00:00,e,e_1
13051,2022-11-18 19:00:00,e,e_1
13052,2022-11-18 20:00:00,e,e_1
13053,2022-11-18 21:00:00,e,e_1
13054,2022-11-18 22:00:00,g,g_0
13055,2022-11-18 23:00:00,h,h_0
13056,2022-11-19 00:00:00,c,c_1
13057,2022-11-19 01:00:00,c,c_1
13058,2022-11-19 02:00:00,c,c_1
13059,2022-11-19 03:00:00,c,c_1
13060,2022-11-19 04:00:00,c,c_1
13061,2022-11-19 05:00:00,c,c_1
13062,2022-11-19 06:00:00,c,c_1
13063,2022-11-19 07:00:00,c,c_1
13064,2022-11-19 08:00:00,a,a_0
13065,2022-11-19 09:00:00,a,a_0
13066,2022-11-19 10:00:00,b,b_0
13067,2022-11-19 11:00:00,b,b_0
13068,2022-11-19 12:00:00,c,c_0
13069,2022-11-19 13:00:00,c,c_0
13070,2022-11-19 14:00:00,a,a_1
13071,2022-11-19 15:00:00,a,a_1
13072,2022-11-19 16:00:00,a,a_1
13073,2022-11-19 17:00:00,a,a_1
13074,2022-11-19 18:00:00,a,a_1
13075,2022-11-19 19:00:00,a,a_1
13076,2022-11-19 20:00:00,a,a_1
13077,2022-11-19 21:00:00,a,a_1
13078,2022-11-19 22:00:00,b,b_0
13079,2022-11-19 23:00:00,b,b_0
13080,2022-11-20 00:00:00,d,d_1
13081,2022-11-20 01:00:00,d,d_1
13082,2022-11-20 02:00:00,d,d_1
13083,2022-11-20 03:00:00,d,d_1
13084,2022-11-20 04:00:00,d,d_1
13085,2022-11-20 05:00:00,d,d_1
13086,2022-11-20 06:00:00,d,d_1
13087,2022-11-20 07:00:00,d,d_1
13088,2022-11-20 08:00:00,c,c_0
13089,2022-11-20 09:00:00,b,b_1
13090,2022-11-20 10:00:00,b,b_1
13091,2022-11-20 11:00:00,b,b_1
13092,2022-11-20 12:00:00,b,b_1
13093,2022-11-20 13:00:00,b,b_1
13094,2022-11-20 14:00:00,b,b_1
13095,2022-11-20 15:00:00,b,b_1
13096,2022-11-20 16:00:00,b,b_1
13097,2022-11-20 17:00:00,d,d_1
13098,2022-11-20 18:00:00,d,d_1
13099,2022-11-20 19:00:00,d,d_1
13100,2022-11-20 20:00:00,d,d_1
13101,2022-11-20 21:00:00,d,d_1
13102,2022-11-20 22:00:00,d,d_1
13103,2022-11-20 23:00:00,d,d_1
13104,2022-11-21 00:00:00,d,d_1
13105,2022-11-21 01:00:00,c,c_0
13106,2022-11-21 02:00:00,c,c_0
13107,2022-11-21 03:00:00,e,e_1
13108,2022-11-21 04:00:00,e,e_1
13109,2022-11-21 05:00:00,e,e_1
13110,2022-11-21 06:00:00,e,e_1
13111,2022-11-21 07:00:00,e,e_1
13112,2022-11-21 08:00:00,e,e_1
13113,2022-11-21 09:00:00,e,e_1
13114,2022-11-21 10:00:00,e,e_1
13115,2022-11-21 11:00:00,a,a_0
13116,2022-11-21 12:00:00,c,c_1
13117,2022-11-21 13:00:00,c,c_1
13118,2022-11-21 14:00:00,c,c_1
13119,2022-11-21 15:00:00,c,c_1
13120,2022-11-21 16:00:00,c,c_1
13121,2022-11-21 17:00:00,c,c_1
13122,2022-11-21 18:00:00,c,c_1
13123,2022-11-21 19:00:00,b,b_0
13124,2022-11-21 20:00:00,f,f_0
13125,2022-11-21 21:00:00,f,f_0
13126,2022-11-21 22:00:00,d,d_0
13127,2022-11-21 23:00:00,g,g_1
13128,2022-11-22 00:00:00,g,g_1
13129,2022-11-22 01:00:00,b,b_0
13130,2022-11-22 02:00:00,g,g_0
13131,2022-11-22 03:00:00,d,d_1
13132,2022-11-22 04:00:00,d,d_1
13133,2022-11-22 05:00:00,d,d_1
13134,2022-11-22 06:00:00,d,d_1
13135,2022-11-22 07:00:00,d,d_1
13136,2022-11-22 08:00:00,d,d_1
13137,2022-11-22 09:00:00,d,d_1
13138,2022-11-22 10:00:00,b,b_1
13139,2022-11-22 11:00:00,b,b_1
13140,2022-11-22 12:00:00,b,b_1
13141,2022-11-22 13:00:00,b,b_1
13142,2022-11-22 14:00:00,b,b_1
13143,2022-11-22 15:00:00,b,b_1
13144,2022-11-22 16:00:00,b,b_1
13145,2022-11-22 17:00:00,g,g_1
13146,2022-11-22 18:00:00,g,g_1
13147,2022-11-22 19:00:00,e,e_0
13148,2022-11-22 20:00:00,e,e_0
13149,2022-11-22 21:00:00,a,a_1
13150,2022-11-22 22:00:00,a,a_1
13151,2022-11-22 23:00:00,a,a_1
13152,2022-11-23 00:00:00,a,a_1
13153,2022-11-23 01:00:00,a,a_1
13154,2022-11-23 02:00:00,a,a_1
13155,2022-11-23 03:00:00,a,a_1
13156,2022-11-23 04:00:00,g,g_0
13157,2022-11-23 05:00:00,f,f_0
13158,2022-11-23 06:00:00,f,f_0
13159,2022-11-23 07:00:00,b,b_1
13160,2022-11-23 08:00:00,b,b_1
13161,2022-11-23 09:00:00,b,b_1
13162,2022-11-23 10:00:00,b,b_1
13163,2022-11-23 11:00:00,b,b_1
13164,2022-11-23 12:00:00,b,b_1
13165,2022-11-23 13:00:00,b,b_1
13166,2022-11-23 14:00:00,b,b_1
13167,2022-11-23 15:00:00,h,h_0
13168,2022-11-23 16:00:00,c,c_1
13169,2022-11-23 17:00:00,c,c_1
13170,2022-11-23 18:00:00,c,c_1
13171,2022-11-23 19:00:00,c,c_1
13172,2022-11-23 20:00:00,c,c_1
13173,2022-11-23 21:00:00,c,c_1
13174,2022-11-23 22:00:00,c,c_1
13175,2022-11-23 23:00:00,c,c_1
13176,2022-11-24 00:00:00,d,d_0
13177,2022-11-24 01:00:00,d,d_0
13178,2022-11-24 02:00:00,a,a_1
13179,2022-11-24 03:00:00,a,a_1
13180,2022-11-24 04:00:00,a,a_1
13181,2022-11-24 05:00:00,a,a_1
13182,2022-11-24 06:00:00,a,a_1
13183,2022-11-24 07:00:00,a,a_1
13184,2022-11-24 08:00:00,a,a_1
13185,2022-11-24 09:00:00,c,c_0
13186,2022-11-24 10:00:00,d,d_0
13187,2022-11-24 11:00:00,b,b_1
13188,2022-11-24 12:00:00,b,b_1
13189,2022-11-24 13:00:00,b,b_1
13190,2022-11-24 14:00:00,b,b_1
13191,2022-11-24 15:00:00,b,b_1
13192,2022-11-24 16:00:00,b,b_1
13193,2022-11-24 17:00:00,b,b_1
13194,2022-11-24 18:00:00,d,d_1
13195,2022-11-24 19:00:00,d,d_1
13196,2022-11-24 20:00:00,d,d_1
13197,2022-11-24 21:00:00,d,d_1
13198,2022-11-24 22:00:00,d,d_1
13199,2022-11-24 23:00:00,d,d_1
13200,2022-11-25 00:00:00,d,d_1
13201,2022-11-25 01:00:00,a,a_0
13202,2022-11-25 02:00:00,d,d_1
13203,2022-11-25 03:00:00,d,d_1
13204,2022-11-25 04:00:00,d,d_1
13205,2022-11-25 05:00:00,d,d_1
13206,2022-11-25 06:00:00,d,d_1
13207,2022-11-25 07:00:00,d,d_1
13208,2022-11-25 08:00:00,d,d_1
13209,2022-11-25 09:00:00,b,b_0
13210,2022-11-25 10:00:00,b,b_0
13211,2022-11-25 11:00:00,c,c_1
13212,2022-11-25 12:00:00,c,c_1
13213,2022-11-25 13:00:00,c,c_1
13214,2022-11-25 14:00:00,c,c_1
13215,2022-11-25 15:00:00,c,c_1
13216,2022-11-25 16:00:00,c,c_1
13217,2022-11-25 17:00:00,c,c_1
13218,2022-11-25 18:00:00,c,c_1
13219,2022-11-25 19:00:00,d,d_0
13220,2022-11-25 20:00:00,g,g_0
13221,2022-11-25 21:00:00,c,c_0
13222,2022-11-25 22:00:00,c,c_0
13223,2022-11-25 23:00:00,e,e_1
13224,2022-11-26 00:00:00,e,e_1
13225,2022-11-26 01:00:00,e,e_1
13226,2022-11-26 02:00:00,e,e_1
13227,2022-11-26 03:00:00,e,e_1
13228,2022-11-26 04:00:00,e,e_1
13229,2022-11-26 05:00:00,e,e_1
13230,2022-11-26 06:00:00,b,b_0
13231,2022-11-26 07:00:00,b,b_0
13232,2022-11-26 08:00:00,h,h_0
13233,2022-11-26 09:00:00,f,f_1
13234,2022-11-26 10:00:00,f,f_1
13235,2022-11-26 11:00:00,f,f_1
13236,2022-11-26 12:00:00,f,f_1
13237,2022-11-26 13:00:00,f,f_1
13238,2022-11-26 14:00:00,f,f_1
13239,2022-11-26 15:00:00,f,f_1
13240,2022-11-26 16:00:00,f,f_1
13241,2022-11-26 17:00:00,e,e_0
13242,2022-11-26 18:00:00,g,g_0
13243,2022-11-26 19:00:00,c,c_0
13244,2022-11-26 20:00:00,f,f_0
13245,2022-11-26 21:00:00,b,b_1
13246,2022-11-26 22:00:00,b,b_1
13247,2022-11-26 23:00:00,b,b_1
13248,2022-11-27 00:00:00,b,b_1
13249,2022-11-27 01:00:00,b,b_1
13250,2022-11-27 02:00:00,b,b_1
13251,2022-11-27 03:00:00,b,b_1
13252,2022-11-27 04:00:00,b,b_1
13253,2022-11-27 05:00:00,h,h_1
13254,2022-11-27 06:00:00,h,h_1
13255,2022-11-27 07:00:00,d,d_1
13256,2022-11-27 08:00:00,d,d_1
13257,2022-11-27 09:00:00,d,d_1
13258,2022-11-27 10:00:00,d,d_1
13259,2022-11-27 11:00:00,d,d_1
13260,2022-11-27 12:00:00,d,d_1
13261,2022-11-27 13:00:00,d,d_1
13262,2022-11-27 14:00:00,c,c_1
13263,2022-11-27 15:00:00,c,c_1
13264,2022-11-27 16:00:00,c,c_1
13265,2022-11-27 17:00:00,c,c_1
13266,2022-11-27 18:00:00,c,c_1
13267,2022-11-27 19:00:00,c,c_1
13268,2022-11-27 20:00:00,c,c_1
13269,2022-11-27 21:00:00,c,c_1
13270,2022-11-27 22:00:00,g,g_1
13271,2022-11-27 23:00:00,g,g_1
13272,2022-11-28 00:00:00,b,b_0
13273,2022-11-28 01:00:00,b,b_0
13274,2022-11-28 02:00:00,f,f_1
13275,2022-11-28 03:00:00,f,f_1
13276,2022-11-28 04:00:00,f,f_1
13277,2022-11-28 05:00:00,f,f_1
13278,2022-11-28 06:00:00,f,f_1
13279,2022-11-28 07:00:00,f,f_1
13280,2022-11-28 08:00:00,f,f_1
13281,2022-11-28 09:00:00,f,f_1
13282,2022-11-28 10:00:00,c,c_0
13283,2022-11-28 11:00:00,c,c_0
13284,2022-11-28 12:00:00,d,d_1
13285,2022-11-28 13:00:00,d,d_1
13286,2022-11-28 14:00:00,d,d_1
13287,2022-11-28 15:00:00,d,d_1
13288,2022-11-28 16:00:00,d,d_1
13289,2022-11-28 17:00:00,d,d_1
13290,2022-11-28 18:00:00,d,d_1
13291,2022-11-28 19:00:00,h,h_0
13292,2022-11-28 20:00:00,a,a_0
13293,2022-11-28 21:00:00,a,a_0
13294,2022-11-28 22:00:00,b,b_0
13295,2022-11-28 23:00:00,g,g_1
13296,2022-11-29 00:00:00,g,g_1
13297,2022-11-29 01:00:00,c,c_1
13298,2022-11-29 02:00:00,c,c_1
13299,2022-11-29 03:00:00,c,c_1
13300,2022-11-29 04:00:00,c,c_1
13301,2022-11-29 05:00:00,c,c_1
13302,2022-11-29 06:00:00,c,c_1
13303,2022-11-29 07:00:00,c,c_1
13304,2022-11-29 08:00:00,b,b_0
13305,2022-11-29 09:00:00,h,h_0
13306,2022-11-29 10:00:00,d,d_0
13307,2022-11-29 11:00:00,h,h_0
13308,2022-11-29 12:00:00,c,c_1
13309,2022-11-29 13:00:00,c,c_1
13310,2022-11-29 14:00:00,c,c_1
13311,2022-11-29 15:00:00,c,c_1
13312,2022-11-29 16:00:00,c,c_1
13313,2022-11-29 17:00:00,c,c_1
13314,2022-11-29 18:00:00,c,c_1
13315,2022-11-29 19:00:00,c,c_1
13316,2022-11-29 20:00:00,e,e_1
13317,2022-11-29 21:00:00,e,e_1
13318,2022-11-29 22:00:00,e,e_1
13319,2022-11-29 23:00:00,e,e_1
13320,2022-11-30 00:00:00,e,e_1
13321,2022-11-30 01:00:00,e,e_1
13322,2022-11-30 02:00:00,e,e_1
13323,2022-11-30 03:00:00,d,d_0
13324,2022-11-30 04:00:00,e,e_1
13325,2022-11-30 05:00:00,e,e_1
13326,2022-11-30 06:00:00,e,e_1
13327,2022-11-30 07:00:00,e,e_1
13328,2022-11-30 08:00:00,e,e_1
13329,2022-11-30 09:00:00,e,e_1
13330,2022-11-30 10:00:00,e,e_1
13331,2022-11-30 11:00:00,c,c_0
13332,2022-11-30 12:00:00,f,f_1
13333,2022-11-30 13:00:00,f,f_1
13334,2022-11-30 14:00:00,f,f_1
13335,2022-11-30 15:00:00,f,f_1
13336,2022-11-30 16:00:00,f,f_1
13337,2022-11-30 17:00:00,f,f_1
13338,2022-11-30 18:00:00,f,f_1
13339,2022-11-30 19:00:00,d,d_0
13340,2022-11-30 20:00:00,e,e_1
13341,2022-11-30 21:00:00,e,e_1
13342,2022-11-30 22:00:00,e,e_1
13343,2022-11-30 23:00:00,e,e_1
13344,2022-12-01 00:00:00,e,e_1
13345,2022-12-01 01:00:00,e,e_1
13346,2022-12-01 02:00:00,e,e_1
13347,2022-12-01 03:00:00,f,f_1
13348,2022-12-01 04:00:00,f,f_1
13349,2022-12-01 05:00:00,f,f_1
13350,2022-12-01 06:00:00,f,f_1
13351,2022-12-01 07:00:00,f,f_1
13352,2022-12-01 08:00:00,f,f_1
13353,2022-12-01 09:00:00,f,f_1
13354,2022-12-01 10:00:00,c,c_0
13355,2022-12-01 11:00:00,c,c_0
13356,2022-12-01 12:00:00,h,h_1
13357,2022-12-01 13:00:00,h,h_1
13358,2022-12-01 14:00:00,d,d_1
13359,2022-12-01 15:00:00,d,d_1
13360,2022-12-01 16:00:00,d,d_1
13361,2022-12-01 17:00:00,d,d_1
13362,2022-12-01 18:00:00,d,d_1
13363,2022-12-01 19:00:00,d,d_1
13364,2022-12-01 20:00:00,d,d_1
13365,2022-12-01 21:00:00,d,d_1
13366,2022-12-01 22:00:00,f,f_1
13367,2022-12-01 23:00:00,f,f_1
13368,2022-12-02 00:00:00,f,f_1
13369,2022-12-02 01:00:00,f,f_1
13370,2022-12-02 02:00:00,f,f_1
13371,2022-12-02 03:00:00,f,f_1
13372,2022-12-02 04:00:00,f,f_1
13373,2022-12-02 05:00:00,f,f_1
13374,2022-12-02 06:00:00,e,e_1
13375,2022-12-02 07:00:00,e,e_1
13376,2022-12-02 08:00:00,e,e_1
13377,2022-12-02 09:00:00,e,e_1
13378,2022-12-02 10:00:00,e,e_1
13379,2022-12-02 11:00:00,e,e_1
13380,2022-12-02 12:00:00,e,e_1
13381,2022-12-02 13:00:00,c,c_1
13382,2022-12-02 14:00:00,c,c_1
13383,2022-12-02 15:00:00,c,c_1
13384,2022-12-02 16:00:00,c,c_1
13385,2022-12-02 17:00:00,c,c_1
13386,2022-12-02 18:00:00,c,c_1
13387,2022-12-02 19:00:00,c,c_1
13388,2022-12-02 20:00:00,c,c_1
13389,2022-12-02 21:00:00,d,d_1
13390,2022-12-02 22:00:00,d,d_1
13391,2022-12-02 23:00:00,d,d_1
13392,2022-12-03 00:00:00,d,d_1
13393,2022-12-03 01:00:00,d,d_1
13394,2022-12-03 02:00:00,d,d_1
13395,2022-12-03 03:00:00,d,d_1
13396,2022-12-03 04:00:00,d,d_1
13397,2022-12-03 05:00:00,f,f_1
13398,2022-12-03 06:00:00,f,f_1
13399,2022-12-03 07:00:00,f,f_1
13400,2022-12-03 08:00:00,f,f_1
13401,2022-12-03 09:00:00,f,f_1
13402,2022-12-03 10:00:00,f,f_1
13403,2022-12-03 11:00:00,f,f_1
13404,2022-12-03 12:00:00,d,d_0
13405,2022-12-03 13:00:00,d,d_0
13406,2022-12-03 14:00:00,h,h_0
13407,2022-12-03 15:00:00,g,g_1
13408,2022-12-03 16:00:00,g,g_1
13409,2022-12-03 17:00:00,e,e_0
13410,2022-12-03 18:00:00,e,e_0
13411,2022-12-03 19:00:00,d,d_1
13412,2022-12-03 20:00:00,d,d_1
13413,2022-12-03 21:00:00,d,d_1
13414,2022-12-03 22:00:00,d,d_1
13415,2022-12-03 23:00:00,d,d_1
13416,2022-12-04 00:00:00,d,d_1
13417,2022-12-04 01:00:00,d,d_1
13418,2022-12-04 02:00:00,d,d_1
13419,2022-12-04 03:00:00,h,h_0
13420,2022-12-04 04:00:00,b,b_1
13421,2022-12-04 05:00:00,b,b_1
13422,2022-12-04 06:00:00,b,b_1
13423,2022-12-04 07:00:00,b,b_1
13424,2022-12-04 08:00:00,b,b_1
13425,2022-12-04 09:00:00,b,b_1
13426,2022-12-04 10:00:00,b,b_1
13427,2022-12-04 11:00:00,h,h_0
13428,2022-12-04 12:00:00,g,g_1
13429,2022-12-04 13:00:00,g,g_1
13430,2022-12-04 14:00:00,d,d_1
13431,2022-12-04 15:00:00,d,d_1
13432,2022-12-04 16:00:00,d,d_1
13433,2022-12-04 17:00:00,d,d_1
13434,2022-12-04 18:00:00,d,d_1
13435,2022-12-04 19:00:00,d,d_1
13436,2022-12-04 20:00:00,d,d_1
13437,2022-12-04 21:00:00,d,d_1
13438,2022-12-04 22:00:00,b,b_0
13439,2022-12-04 23:00:00,a,a_0
13440,2022-12-05 00:00:00,c,c_0
13441,2022-12-05 01:00:00,h,h_1
13442,2022-12-05 02:00:00,h,h_1
13443,2022-12-05 03:00:00,f,f_0
13444,2022-12-05 04:00:00,g,g_1
13445,2022-12-05 05:00:00,g,g_1
13446,2022-12-05 06:00:00,c,c_0
13447,2022-12-05 07:00:00,b,b_0
13448,2022-12-05 08:00:00,b,b_0
13449,2022-12-05 09:00:00,c,c_0
13450,2022-12-05 10:00:00,d,d_1
13451,2022-12-05 11:00:00,d,d_1
13452,2022-12-05 12:00:00,d,d_1
13453,2022-12-05 13:00:00,d,d_1
13454,2022-12-05 14:00:00,d,d_1
13455,2022-12-05 15:00:00,d,d_1
13456,2022-12-05 16:00:00,d,d_1
13457,2022-12-05 17:00:00,d,d_1
13458,2022-12-05 18:00:00,c,c_0
13459,2022-12-05 19:00:00,d,d_1
13460,2022-12-05 20:00:00,d,d_1
13461,2022-12-05 21:00:00,d,d_1
13462,2022-12-05 22:00:00,d,d_1
13463,2022-12-05 23:00:00,d,d_1
13464,2022-12-06 00:00:00,d,d_1
13465,2022-12-06 01:00:00,d,d_1
13466,2022-12-06 02:00:00,g,g_0
13467,2022-12-06 03:00:00,a,a_1
13468,2022-12-06 04:00:00,a,a_1
13469,2022-12-06 05:00:00,a,a_1
13470,2022-12-06 06:00:00,a,a_1
13471,2022-12-06 07:00:00,a,a_1
13472,2022-12-06 08:00:00,a,a_1
13473,2022-12-06 09:00:00,a,a_1
13474,2022-12-06 10:00:00,a,a_1
13475,2022-12-06 11:00:00,g,g_1
13476,2022-12-06 12:00:00,g,g_1
13477,2022-12-06 13:00:00,d,d_1
13478,2022-12-06 14:00:00,d,d_1
13479,2022-12-06 15:00:00,d,d_1
13480,2022-12-06 16:00:00,d,d_1
13481,2022-12-06 17:00:00,d,d_1
13482,2022-12-06 18:00:00,d,d_1
13483,2022-12-06 19:00:00,d,d_1
13484,2022-12-06 20:00:00,d,d_1
13485,2022-12-06 21:00:00,h,h_1
13486,2022-12-06 22:00:00,h,h_1
13487,2022-12-06 23:00:00,g,g_0
13488,2022-12-07 00:00:00,f,f_0
13489,2022-12-07 01:00:00,f,f_0
13490,2022-12-07 02:00:00,h,h_1
13491,2022-12-07 03:00:00,h,h_1
13492,2022-12-07 04:00:00,b,b_1
13493,2022-12-07 05:00:00,b,b_1
13494,2022-12-07 06:00:00,b,b_1
13495,2022-12-07 07:00:00,b,b_1
13496,2022-12-07 08:00:00,b,b_1
13497,2022-12-07 09:00:00,b,b_1
13498,2022-12-07 10:00:00,b,b_1
13499,2022-12-07 11:00:00,c,c_1
13500,2022-12-07 12:00:00,c,c_1
13501,2022-12-07 13:00:00,c,c_1
13502,2022-12-07 14:00:00,c,c_1
13503,2022-12-07 15:00:00,c,c_1
13504,2022-12-07 16:00:00,c,c_1
13505,2022-12-07 17:00:00,c,c_1
13506,2022-12-07 18:00:00,c,c_1
13507,2022-12-07 19:00:00,g,g_0
13508,2022-12-07 20:00:00,c,c_1
13509,2022-12-07 21:00:00,c,c_1
13510,2022-12-07 22:00:00,c,c_1
13511,2022-12-07 23:00:00,c,c_1
13512,2022-12-08 00:00:00,c,c_1
13513,2022-12-08 01:00:00,c,c_1
13514,2022-12-08 02:00:00,c,c_1
13515,2022-12-08 03:00:00,d,d_0
13516,2022-12-08 04:00:00,b,b_1
13517,2022-12-08 05:00:00,b,b_1
13518,2022-12-08 06:00:00,b,b_1
13519,2022-12-08 07:00:00,b,b_1
13520,2022-12-08 08:00:00,b,b_1
13521,2022-12-08 09:00:00,b,b_1
13522,2022-12-08 10:00:00,b,b_1
13523,2022-12-08 11:00:00,b,b_1
13524,2022-12-08 12:00:00,e,e_1
13525,2022-12-08 13:00:00,e,e_1
13526,2022-12-08 14:00:00,e,e_1
13527,2022-12-08 15:00:00,e,e_1
13528,2022-12-08 16:00:00,e,e_1
13529,2022-12-08 17:00:00,e,e_1
13530,2022-12-08 18:00:00,e,e_1
13531,2022-12-08 19:00:00,c,c_1
13532,2022-12-08 20:00:00,c,c_1
13533,2022-12-08 21:00:00,c,c_1
13534,2022-12-08 22:00:00,c,c_1
13535,2022-12-08 23:00:00,c,c_1
13536,2022-12-09 00:00:00,c,c_1
13537,2022-12-09 01:00:00,c,c_1
13538,2022-12-09 02:00:00,c,c_1
13539,2022-12-09 03:00:00,g,g_0
13540,2022-12-09 04:00:00,h,h_0
13541,2022-12-09 05:00:00,e,e_1
13542,2022-12-09 06:00:00,e,e_1
13543,2022-12-09 07:00:00,e,e_1
13544,2022-12-09 08:00:00,e,e_1
13545,2022-12-09 09:00:00,e,e_1
13546,2022-12-09 10:00:00,e,e_1
13547,2022-12-09 11:00:00,e,e_1
13548,2022-12-09 12:00:00,f,f_0
13549,2022-12-09 13:00:00,b,b_0
13550,2022-12-09 14:00:00,b,b_0
13551,2022-12-09 15:00:00,d,d_0
13552,2022-12-09 16:00:00,g,g_0
13553,2022-12-09 17:00:00,a,a_0
13554,2022-12-09 18:00:00,b,b_0
13555,2022-12-09 19:00:00,c,c_0
13556,2022-12-09 20:00:00,h,h_1
13557,2022-12-09 21:00:00,h,h_1
13558,2022-12-09 22:00:00,a,a_0
13559,2022-12-09 23:00:00,e,e_1
13560,2022-12-10 00:00:00,e,e_1
13561,2022-12-10 01:00:00,e,e_1
13562,2022-12-10 02:00:00,e,e_1
13563,2022-12-10 03:00:00,e,e_1
13564,2022-12-10 04:00:00,e,e_1
13565,2022-12-10 05:00:00,e,e_1
13566,2022-12-10 06:00:00,b,b_1
13567,2022-12-10 07:00:00,b,b_1
13568,2022-12-10 08:00:00,b,b_1
13569,2022-12-10 09:00:00,b,b_1
13570,2022-12-10 10:00:00,b,b_1
13571,2022-12-10 11:00:00,b,b_1
13572,2022-12-10 12:00:00,b,b_1
13573,2022-12-10 13:00:00,f,f_1
13574,2022-12-10 14:00:00,f,f_1
13575,2022-12-10 15:00:00,f,f_1
13576,2022-12-10 16:00:00,f,f_1
13577,2022-12-10 17:00:00,f,f_1
13578,2022-12-10 18:00:00,f,f_1
13579,2022-12-10 19:00:00,f,f_1
13580,2022-12-10 20:00:00,f,f_1
13581,2022-12-10 21:00:00,a,a_0
13582,2022-12-10 22:00:00,a,a_0
13583,2022-12-10 23:00:00,e,e_1
13584,2022-12-11 00:00:00,e,e_1
13585,2022-12-11 01:00:00,e,e_1
13586,2022-12-11 02:00:00,e,e_1
13587,2022-12-11 03:00:00,e,e_1
13588,2022-12-11 04:00:00,e,e_1
13589,2022-12-11 05:00:00,e,e_1
13590,2022-12-11 06:00:00,e,e_1
13591,2022-12-11 07:00:00,c,c_0
13592,2022-12-11 08:00:00,c,c_0
13593,2022-12-11 09:00:00,h,h_1
13594,2022-12-11 10:00:00,h,h_1
13595,2022-12-11 11:00:00,e,e_1
13596,2022-12-11 12:00:00,e,e_1
13597,2022-12-11 13:00:00,e,e_1
13598,2022-12-11 14:00:00,e,e_1
13599,2022-12-11 15:00:00,e,e_1
13600,2022-12-11 16:00:00,e,e_1
13601,2022-12-11 17:00:00,e,e_1
13602,2022-12-11 18:00:00,d,d_1
13603,2022-12-11 19:00:00,d,d_1
13604,2022-12-11 20:00:00,d,d_1
13605,2022-12-11 21:00:00,d,d_1
13606,2022-12-11 22:00:00,d,d_1
13607,2022-12-11 23:00:00,d,d_1
13608,2022-12-12 00:00:00,d,d_1
13609,2022-12-12 01:00:00,b,b_1
13610,2022-12-12 02:00:00,b,b_1
13611,2022-12-12 03:00:00,b,b_1
13612,2022-12-12 04:00:00,b,b_1
13613,2022-12-12 05:00:00,b,b_1
13614,2022-12-12 06:00:00,b,b_1
13615,2022-12-12 07:00:00,b,b_1
13616,2022-12-12 08:00:00,g,g_1
13617,2022-12-12 09:00:00,g,g_1
13618,2022-12-12 10:00:00,c,c_1
13619,2022-12-12 11:00:00,c,c_1
13620,2022-12-12 12:00:00,c,c_1
13621,2022-12-12 13:00:00,c,c_1
13622,2022-12-12 14:00:00,c,c_1
13623,2022-12-12 15:00:00,c,c_1
13624,2022-12-12 16:00:00,c,c_1
13625,2022-12-12 17:00:00,h,h_1
13626,2022-12-12 18:00:00,h,h_1
13627,2022-12-12 19:00:00,d,d_0
13628,2022-12-12 20:00:00,d,d_0
13629,2022-12-12 21:00:00,f,f_1
13630,2022-12-12 22:00:00,f,f_1
13631,2022-12-12 23:00:00,f,f_1
13632,2022-12-13 00:00:00,f,f_1
13633,2022-12-13 01:00:00,f,f_1
13634,2022-12-13 02:00:00,f,f_1
13635,2022-12-13 03:00:00,f,f_1
13636,2022-12-13 04:00:00,a,a_1
13637,2022-12-13 05:00:00,a,a_1
13638,2022-12-13 06:00:00,a,a_1
13639,2022-12-13 07:00:00,a,a_1
13640,2022-12-13 08:00:00,a,a_1
13641,2022-12-13 09:00:00,a,a_1
13642,2022-12-13 10:00:00,a,a_1
13643,2022-12-13 11:00:00,a,a_1
13644,2022-12-13 12:00:00,h,h_0
13645,2022-12-13 13:00:00,e,e_1
13646,2022-12-13 14:00:00,e,e_1
13647,2022-12-13 15:00:00,e,e_1
13648,2022-12-13 16:00:00,e,e_1
13649,2022-12-13 17:00:00,e,e_1
13650,2022-12-13 18:00:00,e,e_1
13651,2022-12-13 19:00:00,e,e_1
13652,2022-12-13 20:00:00,f,f_1
13653,2022-12-13 21:00:00,f,f_1
13654,2022-12-13 22:00:00,f,f_1
13655,2022-12-13 23:00:00,f,f_1
13656,2022-12-14 00:00:00,f,f_1
13657,2022-12-14 01:00:00,f,f_1
13658,2022-12-14 02:00:00,f,f_1
13659,2022-12-14 03:00:00,f,f_1
13660,2022-12-14 04:00:00,d,d_0
13661,2022-12-14 05:00:00,b,b_1
13662,2022-12-14 06:00:00,b,b_1
13663,2022-12-14 07:00:00,b,b_1
13664,2022-12-14 08:00:00,b,b_1
13665,2022-12-14 09:00:00,b,b_1
13666,2022-12-14 10:00:00,b,b_1
13667,2022-12-14 11:00:00,b,b_1
13668,2022-12-14 12:00:00,c,c_1
13669,2022-12-14 13:00:00,c,c_1
13670,2022-12-14 14:00:00,c,c_1
13671,2022-12-14 15:00:00,c,c_1
13672,2022-12-14 16:00:00,c,c_1
13673,2022-12-14 17:00:00,c,c_1
13674,2022-12-14 18:00:00,c,c_1
13675,2022-12-14 19:00:00,h,h_1
13676,2022-12-14 20:00:00,h,h_1
13677,2022-12-14 21:00:00,c,c_1
13678,2022-12-14 22:00:00,c,c_1
13679,2022-12-14 23:00:00,c,c_1
13680,2022-12-15 00:00:00,c,c_1
13681,2022-12-15 01:00:00,c,c_1
13682,2022-12-15 02:00:00,c,c_1
13683,2022-12-15 03:00:00,c,c_1
13684,2022-12-15 04:00:00,c,c_1
13685,2022-12-15 05:00:00,e,e_1
13686,2022-12-15 06:00:00,e,e_1
13687,2022-12-15 07:00:00,e,e_1
13688,2022-12-15 08:00:00,e,e_1
13689,2022-12-15 09:00:00,e,e_1
13690,2022-12-15 10:00:00,e,e_1
13691,2022-12-15 11:00:00,e,e_1
13692,2022-12-15 12:00:00,e,e_1
13693,2022-12-15 13:00:00,b,b_0
13694,2022-12-15 14:00:00,c,c_1
13695,2022-12-15 15:00:00,c,c_1
13696,2022-12-15 16:00:00,c,c_1
13697,2022-12-15 17:00:00,c,c_1
13698,2022-12-15 18:00:00,c,c_1
13699,2022-12-15 19:00:00,c,c_1
13700,2022-12-15 20:00:00,c,c_1
13701,2022-12-15 21:00:00,c,c_1
13702,2022-12-15 22:00:00,a,a_1
13703,2022-12-15 23:00:00,a,a_1
13704,2022-12-16 00:00:00,a,a_1
13705,2022-12-16 01:00:00,a,a_1
13706,2022-12-16 02:00:00,a,a_1
13707,2022-12-16 03:00:00,a,a_1
13708,2022-12-16 04:00:00,a,a_1
13709,2022-12-16 05:00:00,a,a_1
13710,2022-12-16 06:00:00,d,d_0
13711,2022-12-16 07:00:00,d,d_0
13712,2022-12-16 08:00:00,f,f_1
13713,2022-12-16 09:00:00,f,f_1
13714,2022-12-16 10:00:00,f,f_1
13715,2022-12-16 11:00:00,f,f_1
13716,2022-12-16 12:00:00,f,f_1
13717,2022-12-16 13:00:00,f,f_1
13718,2022-12-16 14:00:00,f,f_1
13719,2022-12-16 15:00:00,f,f_1
13720,2022-12-16 16:00:00,a,a_0
13721,2022-12-16 17:00:00,h,h_0
13722,2022-12-16 18:00:00,e,e_1
13723,2022-12-16 19:00:00,e,e_1
13724,2022-12-16 20:00:00,e,e_1
13725,2022-12-16 21:00:00,e,e_1
13726,2022-12-16 22:00:00,e,e_1
13727,2022-12-16 23:00:00,e,e_1
13728,2022-12-17 00:00:00,e,e_1
13729,2022-12-17 01:00:00,e,e_1
13730,2022-12-17 02:00:00,g,g_1
13731,2022-12-17 03:00:00,g,g_1
13732,2022-12-17 04:00:00,e,e_0
13733,2022-12-17 05:00:00,e,e_0
13734,2022-12-17 06:00:00,h,h_1
13735,2022-12-17 07:00:00,h,h_1
13736,2022-12-17 08:00:00,c,c_0
13737,2022-12-17 09:00:00,f,f_0
13738,2022-12-17 10:00:00,f,f_0
13739,2022-12-17 11:00:00,e,e_1
13740,2022-12-17 12:00:00,e,e_1
13741,2022-12-17 13:00:00,e,e_1
13742,2022-12-17 14:00:00,e,e_1
13743,2022-12-17 15:00:00,e,e_1
13744,2022-12-17 16:00:00,e,e_1
13745,2022-12-17 17:00:00,e,e_1
13746,2022-12-17 18:00:00,b,b_0
13747,2022-12-17 19:00:00,b,b_0
13748,2022-12-17 20:00:00,h,h_1
13749,2022-12-17 21:00:00,h,h_1
13750,2022-12-17 22:00:00,b,b_0
13751,2022-12-17 23:00:00,d,d_1
13752,2022-12-18 00:00:00,d,d_1
13753,2022-12-18 01:00:00,d,d_1
13754,2022-12-18 02:00:00,d,d_1
13755,2022-12-18 03:00:00,d,d_1
13756,2022-12-18 04:00:00,d,d_1
13757,2022-12-18 05:00:00,d,d_1
13758,2022-12-18 06:00:00,d,d_1
13759,2022-12-18 07:00:00,f,f_1
13760,2022-12-18 08:00:00,f,f_1
13761,2022-12-18 09:00:00,f,f_1
13762,2022-12-18 10:00:00,f,f_1
13763,2022-12-18 11:00:00,f,f_1
13764,2022-12-18 12:00:00,f,f_1
13765,2022-12-18 13:00:00,f,f_1
13766,2022-12-18 14:00:00,f,f_1
13767,2022-12-18 15:00:00,c,c_0
13768,2022-12-18 16:00:00,a,a_0
13769,2022-12-18 17:00:00,b,b_0
13770,2022-12-18 18:00:00,b,b_0
13771,2022-12-18 19:00:00,h,h_1
13772,2022-12-18 20:00:00,h,h_1
13773,2022-12-18 21:00:00,c,c_0
13774,2022-12-18 22:00:00,d,d_1
13775,2022-12-18 23:00:00,d,d_1
13776,2022-12-19 00:00:00,d,d_1
13777,2022-12-19 01:00:00,d,d_1
13778,2022-12-19 02:00:00,d,d_1
13779,2022-12-19 03:00:00,d,d_1
13780,2022-12-19 04:00:00,d,d_1
13781,2022-12-19 05:00:00,f,f_1
13782,2022-12-19 06:00:00,f,f_1
13783,2022-12-19 07:00:00,f,f_1
13784,2022-12-19 08:00:00,f,f_1
13785,2022-12-19 09:00:00,f,f_1
13786,2022-12-19 10:00:00,f,f_1
13787,2022-12-19 11:00:00,f,f_1
13788,2022-12-19 12:00:00,c,c_0
13789,2022-12-19 13:00:00,c,c_0
13790,2022-12-19 14:00:00,e,e_0
13791,2022-12-19 15:00:00,e,e_0
13792,2022-12-19 16:00:00,f,f_1
13793,2022-12-19 17:00:00,f,f_1
13794,2022-12-19 18:00:00,f,f_1
13795,2022-12-19 19:00:00,f,f_1
13796,2022-12-19 20:00:00,f,f_1
13797,2022-12-19 21:00:00,f,f_1
13798,2022-12-19 22:00:00,f,f_1
13799,2022-12-19 23:00:00,f,f_1
13800,2022-12-20 00:00:00,d,d_1
13801,2022-12-20 01:00:00,d,d_1
13802,2022-12-20 02:00:00,d,d_1
13803,2022-12-20 03:00:00,d,d_1
13804,2022-12-20 04:00:00,d,d_1
13805,2022-12-20 05:00:00,d,d_1
13806,2022-12-20 06:00:00,d,d_1
13807,2022-12-20 07:00:00,d,d_1
13808,2022-12-20 08:00:00,h,h_0
13809,2022-12-20 09:00:00,b,b_1
13810,2022-12-20 10:00:00,b,b_1
13811,2022-12-20 11:00:00,b,b_1
13812,2022-12-20 12:00:00,b,b_1
13813,2022-12-20 13:00:00,b,b_1
13814,2022-12-20 14:00:00,b,b_1
13815,2022-12-20 15:00:00,b,b_1
13816,2022-12-20 16:00:00,e,e_1
13817,2022-12-20 17:00:00,e,e_1
13818,2022-12-20 18:00:00,e,e_1
13819,2022-12-20 19:00:00,e,e_1
13820,2022-12-20 20:00:00,e,e_1
13821,2022-12-20 21:00:00,e,e_1
13822,2022-12-20 22:00:00,e,e_1
13823,2022-12-20 23:00:00,h,h_0
13824,2022-12-21 00:00:00,g,g_0
13825,2022-12-21 01:00:00,f,f_1
13826,2022-12-21 02:00:00,f,f_1
13827,2022-12-21 03:00:00,f,f_1
13828,2022-12-21 04:00:00,f,f_1
13829,2022-12-21 05:00:00,f,f_1
13830,2022-12-21 06:00:00,f,f_1
13831,2022-12-21 07:00:00,f,f_1
13832,2022-12-21 08:00:00,a,a_0
13833,2022-12-21 09:00:00,f,f_1
13834,2022-12-21 10:00:00,f,f_1
13835,2022-12-21 11:00:00,f,f_1
13836,2022-12-21 12:00:00,f,f_1
13837,2022-12-21 13:00:00,f,f_1
13838,2022-12-21 14:00:00,f,f_1
13839,2022-12-21 15:00:00,f,f_1
13840,2022-12-21 16:00:00,f,f_1
13841,2022-12-21 17:00:00,h,h_0
13842,2022-12-21 18:00:00,b,b_0
13843,2022-12-21 19:00:00,b,b_0
13844,2022-12-21 20:00:00,d,d_1
13845,2022-12-21 21:00:00,d,d_1
13846,2022-12-21 22:00:00,d,d_1
13847,2022-12-21 23:00:00,d,d_1
13848,2022-12-22 00:00:00,d,d_1
13849,2022-12-22 01:00:00,d,d_1
13850,2022-12-22 02:00:00,d,d_1
13851,2022-12-22 03:00:00,a,a_1
13852,2022-12-22 04:00:00,a,a_1
13853,2022-12-22 05:00:00,a,a_1
13854,2022-12-22 06:00:00,a,a_1
13855,2022-12-22 07:00:00,a,a_1
13856,2022-12-22 08:00:00,a,a_1
13857,2022-12-22 09:00:00,a,a_1
13858,2022-12-22 10:00:00,e,e_0
13859,2022-12-22 11:00:00,a,a_0
13860,2022-12-22 12:00:00,f,f_0
13861,2022-12-22 13:00:00,f,f_0
13862,2022-12-22 14:00:00,b,b_0
13863,2022-12-22 15:00:00,b,b_0
13864,2022-12-22 16:00:00,f,f_0
13865,2022-12-22 17:00:00,a,a_1
13866,2022-12-22 18:00:00,a,a_1
13867,2022-12-22 19:00:00,a,a_1
13868,2022-12-22 20:00:00,a,a_1
13869,2022-12-22 21:00:00,a,a_1
13870,2022-12-22 22:00:00,a,a_1
13871,2022-12-22 23:00:00,a,a_1
13872,2022-12-23 00:00:00,a,a_1
13873,2022-12-23 01:00:00,b,b_0
13874,2022-12-23 02:00:00,b,b_0
13875,2022-12-23 03:00:00,c,c_0
13876,2022-12-23 04:00:00,b,b_0
13877,2022-12-23 05:00:00,b,b_0
13878,2022-12-23 06:00:00,d,d_1
13879,2022-12-23 07:00:00,d,d_1
13880,2022-12-23 08:00:00,d,d_1
13881,2022-12-23 09:00:00,d,d_1
13882,2022-12-23 10:00:00,d,d_1
13883,2022-12-23 11:00:00,d,d_1
13884,2022-12-23 12:00:00,d,d_1
13885,2022-12-23 13:00:00,d,d_1
13886,2022-12-23 14:00:00,g,g_0
13887,2022-12-23 15:00:00,c,c_1
13888,2022-12-23 16:00:00,c,c_1
13889,2022-12-23 17:00:00,c,c_1
13890,2022-12-23 18:00:00,c,c_1
13891,2022-12-23 19:00:00,c,c_1
13892,2022-12-23 20:00:00,c,c_1
13893,2022-12-23 21:00:00,c,c_1
13894,2022-12-23 22:00:00,h,h_0
13895,2022-12-23 23:00:00,d,d_1
13896,2022-12-24 00:00:00,d,d_1
13897,2022-12-24 01:00:00,d,d_1
13898,2022-12-24 02:00:00,d,d_1
13899,2022-12-24 03:00:00,d,d_1
13900,2022-12-24 04:00:00,d,d_1
13901,2022-12-24 05:00:00,d,d_1
13902,2022-12-24 06:00:00,b,b_0
13903,2022-12-24 07:00:00,b,b_0
13904,2022-12-24 08:00:00,h,h_1
13905,2022-12-24 09:00:00,h,h_1
13906,2022-12-24 10:00:00,f,f_0
13907,2022-12-24 11:00:00,f,f_0
13908,2022-12-24 12:00:00,g,g_1
13909,2022-12-24 13:00:00,g,g_1
13910,2022-12-24 14:00:00,c,c_0
13911,2022-12-24 15:00:00,d,d_1
13912,2022-12-24 16:00:00,d,d_1
13913,2022-12-24 17:00:00,d,d_1
13914,2022-12-24 18:00:00,d,d_1
13915,2022-12-24 19:00:00,d,d_1
13916,2022-12-24 20:00:00,d,d_1
13917,2022-12-24 21:00:00,d,d_1
13918,2022-12-24 22:00:00,h,h_0
13919,2022-12-24 23:00:00,g,g_0
13920,2022-12-25 00:00:00,h,h_0
13921,2022-12-25 01:00:00,f,f_1
13922,2022-12-25 02:00:00,f,f_1
13923,2022-12-25 03:00:00,f,f_1
13924,2022-12-25 04:00:00,f,f_1
13925,2022-12-25 05:00:00,f,f_1
13926,2022-12-25 06:00:00,f,f_1
13927,2022-12-25 07:00:00,f,f_1
13928,2022-12-25 08:00:00,d,d_0
13929,2022-12-25 09:00:00,h,h_0
13930,2022-12-25 10:00:00,e,e_1
13931,2022-12-25 11:00:00,e,e_1
13932,2022-12-25 12:00:00,e,e_1
13933,2022-12-25 13:00:00,e,e_1
13934,2022-12-25 14:00:00,e,e_1
13935,2022-12-25 15:00:00,e,e_1
13936,2022-12-25 16:00:00,e,e_1
13937,2022-12-25 17:00:00,e,e_1
13938,2022-12-25 18:00:00,d,d_1
13939,2022-12-25 19:00:00,d,d_1
13940,2022-12-25 20:00:00,d,d_1
13941,2022-12-25 21:00:00,d,d_1
13942,2022-12-25 22:00:00,d,d_1
13943,2022-12-25 23:00:00,d,d_1
13944,2022-12-26 00:00:00,d,d_1
13945,2022-12-26 01:00:00,f,f_0
13946,2022-12-26 02:00:00,e,e_1
13947,2022-12-26 03:00:00,e,e_1
13948,2022-12-26 04:00:00,e,e_1
13949,2022-12-26 05:00:00,e,e_1
13950,2022-12-26 06:00:00,e,e_1
13951,2022-12-26 07:00:00,e,e_1
13952,2022-12-26 08:00:00,e,e_1
13953,2022-12-26 09:00:00,b,b_1
13954,2022-12-26 10:00:00,b,b_1
13955,2022-12-26 11:00:00,b,b_1
13956,2022-12-26 12:00:00,b,b_1
13957,2022-12-26 13:00:00,b,b_1
13958,2022-12-26 14:00:00,b,b_1
13959,2022-12-26 15:00:00,b,b_1
13960,2022-12-26 16:00:00,b,b_1
13961,2022-12-26 17:00:00,h,h_0
13962,2022-12-26 18:00:00,g,g_0
13963,2022-12-26 19:00:00,h,h_0
13964,2022-12-26 20:00:00,f,f_1
13965,2022-12-26 21:00:00,f,f_1
13966,2022-12-26 22:00:00,f,f_1
13967,2022-12-26 23:00:00,f,f_1
13968,2022-12-27 00:00:00,f,f_1
13969,2022-12-27 01:00:00,f,f_1
13970,2022-12-27 02:00:00,f,f_1
13971,2022-12-27 03:00:00,f,f_1
13972,2022-12-27 04:00:00,e,e_0
13973,2022-12-27 05:00:00,e,e_0
13974,2022-12-27 06:00:00,c,c_0
13975,2022-12-27 07:00:00,g,g_1
13976,2022-12-27 08:00:00,g,g_1
13977,2022-12-27 09:00:00,f,f_0
13978,2022-12-27 10:00:00,e,e_1
13979,2022-12-27 11:00:00,e,e_1
13980,2022-12-27 12:00:00,e,e_1
13981,2022-12-27 13:00:00,e,e_1
13982,2022-12-27 14:00:00,e,e_1
13983,2022-12-27 15:00:00,e,e_1
13984,2022-12-27 16:00:00,e,e_1
13985,2022-12-27 17:00:00,e,e_1
13986,2022-12-27 18:00:00,d,d_0
13987,2022-12-27 19:00:00,h,h_0
13988,2022-12-27 20:00:00,a,a_1
13989,2022-12-27 21:00:00,a,a_1
13990,2022-12-27 22:00:00,a,a_1
13991,2022-12-27 23:00:00,a,a_1
13992,2022-12-28 00:00:00,a,a_1
13993,2022-12-28 01:00:00,a,a_1
13994,2022-12-28 02:00:00,a,a_1
13995,2022-12-28 03:00:00,f,f_1
13996,2022-12-28 04:00:00,f,f_1
13997,2022-12-28 05:00:00,f,f_1
13998,2022-12-28 06:00:00,f,f_1
13999,2022-12-28 07:00:00,f,f_1
14000,2022-12-28 08:00:00,f,f_1
14001,2022-12-28 09:00:00,f,f_1
14002,2022-12-28 10:00:00,e,e_0
14003,2022-12-28 11:00:00,e,e_0
14004,2022-12-28 12:00:00,f,f_1
14005,2022-12-28 13:00:00,f,f_1
14006,2022-12-28 14:00:00,f,f_1
14007,2022-12-28 15:00:00,f,f_1
14008,2022-12-28 16:00:00,f,f_1
14009,2022-12-28 17:00:00,f,f_1
14010,2022-12-28 18:00:00,f,f_1
14011,2022-12-28 19:00:00,f,f_1
14012,2022-12-28 20:00:00,b,b_0
14013,2022-12-28 21:00:00,d,d_0
14014,2022-12-28 22:00:00,f,f_0
14015,2022-12-28 23:00:00,h,h_0
14016,2022-12-29 00:00:00,e,e_1
14017,2022-12-29 01:00:00,e,e_1
14018,2022-12-29 02:00:00,e,e_1
14019,2022-12-29 03:00:00,e,e_1
14020,2022-12-29 04:00:00,e,e_1
14021,2022-12-29 05:00:00,e,e_1
14022,2022-12-29 06:00:00,e,e_1
14023,2022-12-29 07:00:00,b,b_1
14024,2022-12-29 08:00:00,b,b_1
14025,2022-12-29 09:00:00,b,b_1
14026,2022-12-29 10:00:00,b,b_1
14027,2022-12-29 11:00:00,b,b_1
14028,2022-12-29 12:00:00,b,b_1
14029,2022-12-29 13:00:00,b,b_1
14030,2022-12-29 14:00:00,h,h_0
14031,2022-12-29 15:00:00,d,d_0
14032,2022-12-29 16:00:00,d,d_0
14033,2022-12-29 17:00:00,h,h_1
14034,2022-12-29 18:00:00,h,h_1
14035,2022-12-29 19:00:00,g,g_1
14036,2022-12-29 20:00:00,g,g_1
14037,2022-12-29 21:00:00,c,c_1
14038,2022-12-29 22:00:00,c,c_1
14039,2022-12-29 23:00:00,c,c_1
14040,2022-12-30 00:00:00,c,c_1
14041,2022-12-30 01:00:00,c,c_1
14042,2022-12-30 02:00:00,c,c_1
14043,2022-12-30 03:00:00,c,c_1
14044,2022-12-30 04:00:00,c,c_1
14045,2022-12-30 05:00:00,d,d_1
14046,2022-12-30 06:00:00,d,d_1
14047,2022-12-30 07:00:00,d,d_1
14048,2022-12-30 08:00:00,d,d_1
14049,2022-12-30 09:00:00,d,d_1
14050,2022-12-30 10:00:00,d,d_1
14051,2022-12-30 11:00:00,d,d_1
14052,2022-12-30 12:00:00,h,h_0
14053,2022-12-30 13:00:00,e,e_0
14054,2022-12-30 14:00:00,a,a_1
14055,2022-12-30 15:00:00,a,a_1
14056,2022-12-30 16:00:00,a,a_1
14057,2022-12-30 17:00:00,a,a_1
14058,2022-12-30 18:00:00,a,a_1
14059,2022-12-30 19:00:00,a,a_1
14060,2022-12-30 20:00:00,a,a_1
14061,2022-12-30 21:00:00,e,e_1
14062,2022-12-30 22:00:00,e,e_1
14063,2022-12-30 23:00:00,e,e_1
14064,2022-12-31 00:00:00,e,e_1
14065,2022-12-31 01:00:00,e,e_1
14066,2022-12-31 02:00:00,e,e_1
14067,2022-12-31 03:00:00,e,e_1
14068,2022-12-31 04:00:00,g,g_0
14069,2022-12-31 05:00:00,h,h_0
14070,2022-12-31 06:00:00,c,c_0
14071,2022-12-31 07:00:00,b,b_1
14072,2022-12-31 08:00:00,b,b_1
14073,2022-12-31 09:00:00,b,b_1
14074,2022-12-31 10:00:00,b,b_1
14075,2022-12-31 11:00:00,b,b_1
14076,2022-12-31 12:00:00,b,b_1
14077,2022-12-31 13:00:00,b,b_1
14078,2022-12-31 14:00:00,b,b_1
14079,2022-12-31 15:00:00,e,e_1
14080,2022-12-31 16:00:00,e,e_1
14081,2022-12-31 17:00:00,e,e_1
14082,2022-12-31 18:00:00,e,e_1
14083,2022-12-31 19:00:00,e,e_1
14084,2022-12-31 20:00:00,e,e_1
14085,2022-12-31 21:00:00,e,e_1
14086,2022-12-31 22:00:00,e,e_1
14087,2022-12-31 23:00:00,c,c_0
14088,2023-01-01 00:00:00,d,d_0
14089,2023-01-01 01:00:00,d,d_0
14090,2023-01-01 02:00:00,f,f_1
14091,2023-01-01 03:00:00,f,f_1
14092,2023-01-01 04:00:00,f,f_1
14093,2023-01-01 05:00:00,f,f_1
14094,2023-01-01 06:00:00,f,f_1
14095,2023-01-01 07:00:00,f,f_1
14096,2023-01-01 08:00:00,f,f_1
14097,2023-01-01 09:00:00,f,f_1
14098,2023-01-01 10:00:00,e,e_1
14099,2023-01-01 11:00:00,e,e_1
14100,2023-01-01 12:00:00,e,e_1
14101,2023-01-01 13:00:00,e,e_1
14102,2023-01-01 14:00:00,e,e_1
14103,2023-01-01 15:00:00,e,e_1
14104,2023-01-01 16:00:00,e,e_1
14105,2023-01-01 17:00:00,a,a_1
14106,2023-01-01 18:00:00,a,a_1
14107,2023-01-01 19:00:00,a,a_1
14108,2023-01-01 20:00:00,a,a_1
14109,2023-01-01 21:00:00,a,a_1
14110,2023-01-01 22:00:00,a,a_1
14111,2023-01-01 23:00:00,a,a_1
14112,2023-01-02 00:00:00,a,a_1
14113,2023-01-02 01:00:00,f,f_1
14114,2023-01-02 02:00:00,f,f_1
14115,2023-01-02 03:00:00,f,f_1
14116,2023-01-02 04:00:00,f,f_1
14117,2023-01-02 05:00:00,f,f_1
14118,2023-01-02 06:00:00,f,f_1
14119,2023-01-02 07:00:00,f,f_1
14120,2023-01-02 08:00:00,d,d_0
14121,2023-01-02 09:00:00,f,f_1
14122,2023-01-02 10:00:00,f,f_1
14123,2023-01-02 11:00:00,f,f_1
14124,2023-01-02 12:00:00,f,f_1
14125,2023-01-02 13:00:00,f,f_1
14126,2023-01-02 14:00:00,f,f_1
14127,2023-01-02 15:00:00,f,f_1
14128,2023-01-02 16:00:00,h,h_0
14129,2023-01-02 17:00:00,c,c_1
14130,2023-01-02 18:00:00,c,c_1
14131,2023-01-02 19:00:00,c,c_1
14132,2023-01-02 20:00:00,c,c_1
14133,2023-01-02 21:00:00,c,c_1
14134,2023-01-02 22:00:00,c,c_1
14135,2023-01-02 23:00:00,c,c_1
14136,2023-01-03 00:00:00,b,b_1
14137,2023-01-03 01:00:00,b,b_1
14138,2023-01-03 02:00:00,b,b_1
14139,2023-01-03 03:00:00,b,b_1
14140,2023-01-03 04:00:00,b,b_1
14141,2023-01-03 05:00:00,b,b_1
14142,2023-01-03 06:00:00,b,b_1
14143,2023-01-03 07:00:00,b,b_1
14144,2023-01-03 08:00:00,d,d_1
14145,2023-01-03 09:00:00,d,d_1
14146,2023-01-03 10:00:00,d,d_1
14147,2023-01-03 11:00:00,d,d_1
14148,2023-01-03 12:00:00,d,d_1
14149,2023-01-03 13:00:00,d,d_1
14150,2023-01-03 14:00:00,d,d_1
14151,2023-01-03 15:00:00,d,d_1
14152,2023-01-03 16:00:00,c,c_1
14153,2023-01-03 17:00:00,c,c_1
14154,2023-01-03 18:00:00,c,c_1
14155,2023-01-03 19:00:00,c,c_1
14156,2023-01-03 20:00:00,c,c_1
14157,2023-01-03 21:00:00,c,c_1
14158,2023-01-03 22:00:00,c,c_1
14159,2023-01-03 23:00:00,b,b_0
14160,2023-01-04 00:00:00,b,b_0
14161,2023-01-04 01:00:00,h,h_1
14162,2023-01-04 02:00:00,h,h_1
14163,2023-01-04 03:00:00,g,g_1
14164,2023-01-04 04:00:00,g,g_1
14165,2023-01-04 05:00:00,c,c_1
14166,2023-01-04 06:00:00,c,c_1
14167,2023-01-04 07:00:00,c,c_1
14168,2023-01-04 08:00:00,c,c_1
14169,2023-01-04 09:00:00,c,c_1
14170,2023-01-04 10:00:00,c,c_1
14171,2023-01-04 11:00:00,c,c_1
14172,2023-01-04 12:00:00,e,e_1
14173,2023-01-04 13:00:00,e,e_1
14174,2023-01-04 14:00:00,e,e_1
14175,2023-01-04 15:00:00,e,e_1
14176,2023-01-04 16:00:00,e,e_1
14177,2023-01-04 17:00:00,e,e_1
14178,2023-01-04 18:00:00,e,e_1
14179,2023-01-04 19:00:00,e,e_1
14180,2023-01-04 20:00:00,f,f_1
14181,2023-01-04 21:00:00,f,f_1
14182,2023-01-04 22:00:00,f,f_1
14183,2023-01-04 23:00:00,f,f_1
14184,2023-01-05 00:00:00,f,f_1
14185,2023-01-05 01:00:00,f,f_1
14186,2023-01-05 02:00:00,f,f_1
14187,2023-01-05 03:00:00,a,a_1
14188,2023-01-05 04:00:00,a,a_1
14189,2023-01-05 05:00:00,a,a_1
14190,2023-01-05 06:00:00,a,a_1
14191,2023-01-05 07:00:00,a,a_1
14192,2023-01-05 08:00:00,a,a_1
14193,2023-01-05 09:00:00,a,a_1
14194,2023-01-05 10:00:00,d,d_0
14195,2023-01-05 11:00:00,c,c_0
14196,2023-01-05 12:00:00,a,a_0
14197,2023-01-05 13:00:00,e,e_1
14198,2023-01-05 14:00:00,e,e_1
14199,2023-01-05 15:00:00,e,e_1
14200,2023-01-05 16:00:00,e,e_1
14201,2023-01-05 17:00:00,e,e_1
14202,2023-01-05 18:00:00,e,e_1
14203,2023-01-05 19:00:00,e,e_1
14204,2023-01-05 20:00:00,g,g_1
14205,2023-01-05 21:00:00,g,g_1
14206,2023-01-05 22:00:00,e,e_0
14207,2023-01-05 23:00:00,b,b_0
14208,2023-01-06 00:00:00,b,b_0
14209,2023-01-06 01:00:00,f,f_0
14210,2023-01-06 02:00:00,f,f_0
14211,2023-01-06 03:00:00,h,h_1
14212,2023-01-06 04:00:00,h,h_1
14213,2023-01-06 05:00:00,f,f_0
14214,2023-01-06 06:00:00,f,f_0
14215,2023-01-06 07:00:00,g,g_1
14216,2023-01-06 08:00:00,g,g_1
14217,2023-01-06 09:00:00,h,h_0
14218,2023-01-06 10:00:00,b,b_1
14219,2023-01-06 11:00:00,b,b_1
14220,2023-01-06 12:00:00,b,b_1
14221,2023-01-06 13:00:00,b,b_1
14222,2023-01-06 14:00:00,b,b_1
14223,2023-01-06 15:00:00,b,b_1
14224,2023-01-06 16:00:00,b,b_1
14225,2023-01-06 17:00:00,c,c_1
14226,2023-01-06 18:00:00,c,c_1
14227,2023-01-06 19:00:00,c,c_1
14228,2023-01-06 20:00:00,c,c_1
14229,2023-01-06 21:00:00,c,c_1
14230,2023-01-06 22:00:00,c,c_1
14231,2023-01-06 23:00:00,c,c_1
14232,2023-01-07 00:00:00,b,b_0
14233,2023-01-07 01:00:00,b,b_0
14234,2023-01-07 02:00:00,e,e_0
14235,2023-01-07 03:00:00,e,e_0
14236,2023-01-07 04:00:00,f,f_0
14237,2023-01-07 05:00:00,f,f_0
14238,2023-01-07 06:00:00,a,a_0
14239,2023-01-07 07:00:00,g,g_0
14240,2023-01-07 08:00:00,h,h_0
14241,2023-01-07 09:00:00,d,d_0
14242,2023-01-07 10:00:00,d,d_0
14243,2023-01-07 11:00:00,e,e_0
14244,2023-01-07 12:00:00,e,e_0
14245,2023-01-07 13:00:00,a,a_1
14246,2023-01-07 14:00:00,a,a_1
14247,2023-01-07 15:00:00,a,a_1
14248,2023-01-07 16:00:00,a,a_1
14249,2023-01-07 17:00:00,a,a_1
14250,2023-01-07 18:00:00,a,a_1
14251,2023-01-07 19:00:00,a,a_1
14252,2023-01-07 20:00:00,b,b_0
14253,2023-01-07 21:00:00,e,e_1
14254,2023-01-07 22:00:00,e,e_1
14255,2023-01-07 23:00:00,e,e_1
14256,2023-01-08 00:00:00,e,e_1
14257,2023-01-08 01:00:00,e,e_1
14258,2023-01-08 02:00:00,e,e_1
14259,2023-01-08 03:00:00,e,e_1
14260,2023-01-08 04:00:00,h,h_1
14261,2023-01-08 05:00:00,h,h_1
14262,2023-01-08 06:00:00,c,c_0
14263,2023-01-08 07:00:00,c,c_0
14264,2023-01-08 08:00:00,e,e_0
14265,2023-01-08 09:00:00,e,e_0
14266,2023-01-08 10:00:00,f,f_1
14267,2023-01-08 11:00:00,f,f_1
14268,2023-01-08 12:00:00,f,f_1
14269,2023-01-08 13:00:00,f,f_1
14270,2023-01-08 14:00:00,f,f_1
14271,2023-01-08 15:00:00,f,f_1
14272,2023-01-08 16:00:00,f,f_1
14273,2023-01-08 17:00:00,d,d_1
14274,2023-01-08 18:00:00,d,d_1
14275,2023-01-08 19:00:00,d,d_1
14276,2023-01-08 20:00:00,d,d_1
14277,2023-01-08 21:00:00,d,d_1
14278,2023-01-08 22:00:00,d,d_1
14279,2023-01-08 23:00:00,d,d_1
14280,2023-01-09 00:00:00,c,c_0
14281,2023-01-09 01:00:00,c,c_0
14282,2023-01-09 02:00:00,a,a_1
14283,2023-01-09 03:00:00,a,a_1
14284,2023-01-09 04:00:00,a,a_1
14285,2023-01-09 05:00:00,a,a_1
14286,2023-01-09 06:00:00,a,a_1
14287,2023-01-09 07:00:00,a,a_1
14288,2023-01-09 08:00:00,a,a_1
14289,2023-01-09 09:00:00,h,h_0
14290,2023-01-09 10:00:00,d,d_1
14291,2023-01-09 11:00:00,d,d_1
14292,2023-01-09 12:00:00,d,d_1
14293,2023-01-09 13:00:00,d,d_1
14294,2023-01-09 14:00:00,d,d_1
14295,2023-01-09 15:00:00,d,d_1
14296,2023-01-09 16:00:00,d,d_1
14297,2023-01-09 17:00:00,g,g_1
14298,2023-01-09 18:00:00,g,g_1
14299,2023-01-09 19:00:00,f,f_0
14300,2023-01-09 20:00:00,e,e_1
14301,2023-01-09 21:00:00,e,e_1
14302,2023-01-09 22:00:00,e,e_1
14303,2023-01-09 23:00:00,e,e_1
14304,2023-01-10 00:00:00,e,e_1
14305,2023-01-10 01:00:00,e,e_1
14306,2023-01-10 02:00:00,e,e_1
14307,2023-01-10 03:00:00,e,e_1
14308,2023-01-10 04:00:00,h,h_1
14309,2023-01-10 05:00:00,h,h_1
14310,2023-01-10 06:00:00,f,f_1
14311,2023-01-10 07:00:00,f,f_1
14312,2023-01-10 08:00:00,f,f_1
14313,2023-01-10 09:00:00,f,f_1
14314,2023-01-10 10:00:00,f,f_1
14315,2023-01-10 11:00:00,f,f_1
14316,2023-01-10 12:00:00,f,f_1
14317,2023-01-10 13:00:00,g,g_0
14318,2023-01-10 14:00:00,h,h_0
14319,2023-01-10 15:00:00,g,g_0
14320,2023-01-10 16:00:00,h,h_0
14321,2023-01-10 17:00:00,d,d_0
14322,2023-01-10 18:00:00,d,d_0
14323,2023-01-10 19:00:00,h,h_1
14324,2023-01-10 20:00:00,h,h_1
14325,2023-01-10 21:00:00,e,e_0
14326,2023-01-10 22:00:00,e,e_0
14327,2023-01-10 23:00:00,b,b_1
14328,2023-01-11 00:00:00,b,b_1
14329,2023-01-11 01:00:00,b,b_1
14330,2023-01-11 02:00:00,b,b_1
14331,2023-01-11 03:00:00,b,b_1
14332,2023-01-11 04:00:00,b,b_1
14333,2023-01-11 05:00:00,b,b_1
14334,2023-01-11 06:00:00,b,b_1
14335,2023-01-11 07:00:00,d,d_1
14336,2023-01-11 08:00:00,d,d_1
14337,2023-01-11 09:00:00,d,d_1
14338,2023-01-11 10:00:00,d,d_1
14339,2023-01-11 11:00:00,d,d_1
14340,2023-01-11 12:00:00,d,d_1
14341,2023-01-11 13:00:00,d,d_1
14342,2023-01-11 14:00:00,d,d_1
14343,2023-01-11 15:00:00,b,b_1
14344,2023-01-11 16:00:00,b,b_1
14345,2023-01-11 17:00:00,b,b_1
14346,2023-01-11 18:00:00,b,b_1
14347,2023-01-11 19:00:00,b,b_1
14348,2023-01-11 20:00:00,b,b_1
14349,2023-01-11 21:00:00,b,b_1
14350,2023-01-11 22:00:00,g,g_1
14351,2023-01-11 23:00:00,g,g_1
14352,2023-01-12 00:00:00,c,c_0
14353,2023-01-12 01:00:00,c,c_0
14354,2023-01-12 02:00:00,f,f_1
14355,2023-01-12 03:00:00,f,f_1
14356,2023-01-12 04:00:00,f,f_1
14357,2023-01-12 05:00:00,f,f_1
14358,2023-01-12 06:00:00,f,f_1
14359,2023-01-12 07:00:00,f,f_1
14360,2023-01-12 08:00:00,f,f_1
14361,2023-01-12 09:00:00,f,f_1
14362,2023-01-12 10:00:00,h,h_1
14363,2023-01-12 11:00:00,h,h_1
14364,2023-01-12 12:00:00,c,c_1
14365,2023-01-12 13:00:00,c,c_1
14366,2023-01-12 14:00:00,c,c_1
14367,2023-01-12 15:00:00,c,c_1
14368,2023-01-12 16:00:00,c,c_1
14369,2023-01-12 17:00:00,c,c_1
14370,2023-01-12 18:00:00,c,c_1
14371,2023-01-12 19:00:00,f,f_0
14372,2023-01-12 20:00:00,f,f_0
14373,2023-01-12 21:00:00,d,d_0
14374,2023-01-12 22:00:00,b,b_1
14375,2023-01-12 23:00:00,b,b_1
14376,2023-01-13 00:00:00,b,b_1
14377,2023-01-13 01:00:00,b,b_1
14378,2023-01-13 02:00:00,b,b_1
14379,2023-01-13 03:00:00,b,b_1
14380,2023-01-13 04:00:00,b,b_1
14381,2023-01-13 05:00:00,a,a_0
14382,2023-01-13 06:00:00,a,a_0
14383,2023-01-13 07:00:00,d,d_0
14384,2023-01-13 08:00:00,e,e_0
14385,2023-01-13 09:00:00,e,e_0
14386,2023-01-13 10:00:00,c,c_1
14387,2023-01-13 11:00:00,c,c_1
14388,2023-01-13 12:00:00,c,c_1
14389,2023-01-13 13:00:00,c,c_1
14390,2023-01-13 14:00:00,c,c_1
14391,2023-01-13 15:00:00,c,c_1
14392,2023-01-13 16:00:00,c,c_1
14393,2023-01-13 17:00:00,e,e_1
14394,2023-01-13 18:00:00,e,e_1
14395,2023-01-13 19:00:00,e,e_1
14396,2023-01-13 20:00:00,e,e_1
14397,2023-01-13 21:00:00,e,e_1
14398,2023-01-13 22:00:00,e,e_1
14399,2023-01-13 23:00:00,e,e_1
14400,2023-01-14 00:00:00,b,b_1
14401,2023-01-14 01:00:00,b,b_1
14402,2023-01-14 02:00:00,b,b_1
14403,2023-01-14 03:00:00,b,b_1
14404,2023-01-14 04:00:00,b,b_1
14405,2023-01-14 05:00:00,b,b_1
14406,2023-01-14 06:00:00,b,b_1
14407,2023-01-14 07:00:00,b,b_1
14408,2023-01-14 08:00:00,f,f_1
14409,2023-01-14 09:00:00,f,f_1
14410,2023-01-14 10:00:00,f,f_1
14411,2023-01-14 11:00:00,f,f_1
14412,2023-01-14 12:00:00,f,f_1
14413,2023-01-14 13:00:00,f,f_1
14414,2023-01-14 14:00:00,f,f_1
14415,2023-01-14 15:00:00,f,f_1
14416,2023-01-14 16:00:00,e,e_1
14417,2023-01-14 17:00:00,e,e_1
14418,2023-01-14 18:00:00,e,e_1
14419,2023-01-14 19:00:00,e,e_1
14420,2023-01-14 20:00:00,e,e_1
14421,2023-01-14 21:00:00,e,e_1
14422,2023-01-14 22:00:00,e,e_1
14423,2023-01-14 23:00:00,h,h_0
14424,2023-01-15 00:00:00,b,b_1
14425,2023-01-15 01:00:00,b,b_1
14426,2023-01-15 02:00:00,b,b_1
14427,2023-01-15 03:00:00,b,b_1
14428,2023-01-15 04:00:00,b,b_1
14429,2023-01-15 05:00:00,b,b_1
14430,2023-01-15 06:00:00,b,b_1
14431,2023-01-15 07:00:00,a,a_1
14432,2023-01-15 08:00:00,a,a_1
14433,2023-01-15 09:00:00,a,a_1
14434,2023-01-15 10:00:00,a,a_1
14435,2023-01-15 11:00:00,a,a_1
14436,2023-01-15 12:00:00,a,a_1
14437,2023-01-15 13:00:00,a,a_1
14438,2023-01-15 14:00:00,a,a_1
14439,2023-01-15 15:00:00,d,d_0
14440,2023-01-15 16:00:00,d,d_0
14441,2023-01-15 17:00:00,e,e_1
14442,2023-01-15 18:00:00,e,e_1
14443,2023-01-15 19:00:00,e,e_1
14444,2023-01-15 20:00:00,e,e_1
14445,2023-01-15 21:00:00,e,e_1
14446,2023-01-15 22:00:00,e,e_1
14447,2023-01-15 23:00:00,e,e_1
14448,2023-01-16 00:00:00,c,c_0
14449,2023-01-16 01:00:00,b,b_0
14450,2023-01-16 02:00:00,e,e_0
14451,2023-01-16 03:00:00,f,f_1
14452,2023-01-16 04:00:00,f,f_1
14453,2023-01-16 05:00:00,f,f_1
14454,2023-01-16 06:00:00,f,f_1
14455,2023-01-16 07:00:00,f,f_1
14456,2023-01-16 08:00:00,f,f_1
14457,2023-01-16 09:00:00,f,f_1
14458,2023-01-16 10:00:00,f,f_1
14459,2023-01-16 11:00:00,h,h_1
14460,2023-01-16 12:00:00,h,h_1
14461,2023-01-16 13:00:00,b,b_0
14462,2023-01-16 14:00:00,b,b_0
14463,2023-01-16 15:00:00,e,e_1
14464,2023-01-16 16:00:00,e,e_1
14465,2023-01-16 17:00:00,e,e_1
14466,2023-01-16 18:00:00,e,e_1
14467,2023-01-16 19:00:00,e,e_1
14468,2023-01-16 20:00:00,e,e_1
14469,2023-01-16 21:00:00,e,e_1
14470,2023-01-16 22:00:00,f,f_1
14471,2023-01-16 23:00:00,f,f_1
14472,2023-01-17 00:00:00,f,f_1
14473,2023-01-17 01:00:00,f,f_1
14474,2023-01-17 02:00:00,f,f_1
14475,2023-01-17 03:00:00,f,f_1
14476,2023-01-17 04:00:00,f,f_1
14477,2023-01-17 05:00:00,f,f_1
14478,2023-01-17 06:00:00,b,b_1
14479,2023-01-17 07:00:00,b,b_1
14480,2023-01-17 08:00:00,b,b_1
14481,2023-01-17 09:00:00,b,b_1
14482,2023-01-17 10:00:00,b,b_1
14483,2023-01-17 11:00:00,b,b_1
14484,2023-01-17 12:00:00,b,b_1
14485,2023-01-17 13:00:00,d,d_0
14486,2023-01-17 14:00:00,d,d_0
14487,2023-01-17 15:00:00,c,c_1
14488,2023-01-17 16:00:00,c,c_1
14489,2023-01-17 17:00:00,c,c_1
14490,2023-01-17 18:00:00,c,c_1
14491,2023-01-17 19:00:00,c,c_1
14492,2023-01-17 20:00:00,c,c_1
14493,2023-01-17 21:00:00,c,c_1
14494,2023-01-17 22:00:00,h,h_1
14495,2023-01-17 23:00:00,h,h_1
14496,2023-01-18 00:00:00,e,e_1
14497,2023-01-18 01:00:00,e,e_1
14498,2023-01-18 02:00:00,e,e_1
14499,2023-01-18 03:00:00,e,e_1
14500,2023-01-18 04:00:00,e,e_1
14501,2023-01-18 05:00:00,e,e_1
14502,2023-01-18 06:00:00,e,e_1
14503,2023-01-18 07:00:00,f,f_1
14504,2023-01-18 08:00:00,f,f_1
14505,2023-01-18 09:00:00,f,f_1
14506,2023-01-18 10:00:00,f,f_1
14507,2023-01-18 11:00:00,f,f_1
14508,2023-01-18 12:00:00,f,f_1
14509,2023-01-18 13:00:00,f,f_1
14510,2023-01-18 14:00:00,f,f_1
14511,2023-01-18 15:00:00,d,d_0
14512,2023-01-18 16:00:00,f,f_0
14513,2023-01-18 17:00:00,f,f_0
14514,2023-01-18 18:00:00,h,h_1
14515,2023-01-18 19:00:00,h,h_1
14516,2023-01-18 20:00:00,d,d_0
14517,2023-01-18 21:00:00,d,d_0
14518,2023-01-18 22:00:00,e,e_1
14519,2023-01-18 23:00:00,e,e_1
14520,2023-01-19 00:00:00,e,e_1
14521,2023-01-19 01:00:00,e,e_1
14522,2023-01-19 02:00:00,e,e_1
14523,2023-01-19 03:00:00,e,e_1
14524,2023-01-19 04:00:00,e,e_1
14525,2023-01-19 05:00:00,e,e_1
14526,2023-01-19 06:00:00,c,c_1
14527,2023-01-19 07:00:00,c,c_1
14528,2023-01-19 08:00:00,c,c_1
14529,2023-01-19 09:00:00,c,c_1
14530,2023-01-19 10:00:00,c,c_1
14531,2023-01-19 11:00:00,c,c_1
14532,2023-01-19 12:00:00,c,c_1
14533,2023-01-19 13:00:00,h,h_1
14534,2023-01-19 14:00:00,h,h_1
14535,2023-01-19 15:00:00,d,d_1
14536,2023-01-19 16:00:00,d,d_1
14537,2023-01-19 17:00:00,d,d_1
14538,2023-01-19 18:00:00,d,d_1
14539,2023-01-19 19:00:00,d,d_1
14540,2023-01-19 20:00:00,d,d_1
14541,2023-01-19 21:00:00,d,d_1
14542,2023-01-19 22:00:00,d,d_1
14543,2023-01-19 23:00:00,b,b_0
14544,2023-01-20 00:00:00,b,b_0
14545,2023-01-20 01:00:00,f,f_1
14546,2023-01-20 02:00:00,f,f_1
14547,2023-01-20 03:00:00,f,f_1
14548,2023-01-20 04:00:00,f,f_1
14549,2023-01-20 05:00:00,f,f_1
14550,2023-01-20 06:00:00,f,f_1
14551,2023-01-20 07:00:00,f,f_1
14552,2023-01-20 08:00:00,c,c_0
14553,2023-01-20 09:00:00,g,g_0
14554,2023-01-20 10:00:00,h,h_1
14555,2023-01-20 11:00:00,h,h_1
14556,2023-01-20 12:00:00,a,a_1
14557,2023-01-20 13:00:00,a,a_1
14558,2023-01-20 14:00:00,a,a_1
14559,2023-01-20 15:00:00,a,a_1
14560,2023-01-20 16:00:00,a,a_1
14561,2023-01-20 17:00:00,a,a_1
14562,2023-01-20 18:00:00,a,a_1
14563,2023-01-20 19:00:00,d,d_1
14564,2023-01-20 20:00:00,d,d_1
14565,2023-01-20 21:00:00,d,d_1
14566,2023-01-20 22:00:00,d,d_1
14567,2023-01-20 23:00:00,d,d_1
14568,2023-01-21 00:00:00,d,d_1
14569,2023-01-21 01:00:00,d,d_1
14570,2023-01-21 02:00:00,d,d_1
14571,2023-01-21 03:00:00,b,b_1
14572,2023-01-21 04:00:00,b,b_1
14573,2023-01-21 05:00:00,b,b_1
14574,2023-01-21 06:00:00,b,b_1
14575,2023-01-21 07:00:00,b,b_1
14576,2023-01-21 08:00:00,b,b_1
14577,2023-01-21 09:00:00,b,b_1
14578,2023-01-21 10:00:00,h,h_0
14579,2023-01-21 11:00:00,b,b_1
14580,2023-01-21 12:00:00,b,b_1
14581,2023-01-21 13:00:00,b,b_1
14582,2023-01-21 14:00:00,b,b_1
14583,2023-01-21 15:00:00,b,b_1
14584,2023-01-21 16:00:00,b,b_1
14585,2023-01-21 17:00:00,b,b_1
14586,2023-01-21 18:00:00,g,g_0
14587,2023-01-21 19:00:00,a,a_0
14588,2023-01-21 20:00:00,a,a_0
14589,2023-01-21 21:00:00,d,d_1
14590,2023-01-21 22:00:00,d,d_1
14591,2023-01-21 23:00:00,d,d_1
14592,2023-01-22 00:00:00,d,d_1
14593,2023-01-22 01:00:00,d,d_1
14594,2023-01-22 02:00:00,d,d_1
14595,2023-01-22 03:00:00,d,d_1
14596,2023-01-22 04:00:00,d,d_1
14597,2023-01-22 05:00:00,b,b_0
14598,2023-01-22 06:00:00,c,c_1
14599,2023-01-22 07:00:00,c,c_1
14600,2023-01-22 08:00:00,c,c_1
14601,2023-01-22 09:00:00,c,c_1
14602,2023-01-22 10:00:00,c,c_1
14603,2023-01-22 11:00:00,c,c_1
14604,2023-01-22 12:00:00,c,c_1
14605,2023-01-22 13:00:00,a,a_1
14606,2023-01-22 14:00:00,a,a_1
14607,2023-01-22 15:00:00,a,a_1
14608,2023-01-22 16:00:00,a,a_1
14609,2023-01-22 17:00:00,a,a_1
14610,2023-01-22 18:00:00,a,a_1
14611,2023-01-22 19:00:00,a,a_1
14612,2023-01-22 20:00:00,a,a_1
14613,2023-01-22 21:00:00,h,h_0
14614,2023-01-22 22:00:00,g,g_0
14615,2023-01-22 23:00:00,d,d_0
14616,2023-01-23 00:00:00,e,e_1
14617,2023-01-23 01:00:00,e,e_1
14618,2023-01-23 02:00:00,e,e_1
14619,2023-01-23 03:00:00,e,e_1
14620,2023-01-23 04:00:00,e,e_1
14621,2023-01-23 05:00:00,e,e_1
14622,2023-01-23 06:00:00,e,e_1
14623,2023-01-23 07:00:00,c,c_1
14624,2023-01-23 08:00:00,c,c_1
14625,2023-01-23 09:00:00,c,c_1
14626,2023-01-23 10:00:00,c,c_1
14627,2023-01-23 11:00:00,c,c_1
14628,2023-01-23 12:00:00,c,c_1
14629,2023-01-23 13:00:00,c,c_1
14630,2023-01-23 14:00:00,f,f_1
14631,2023-01-23 15:00:00,f,f_1
14632,2023-01-23 16:00:00,f,f_1
14633,2023-01-23 17:00:00,f,f_1
14634,2023-01-23 18:00:00,f,f_1
14635,2023-01-23 19:00:00,f,f_1
14636,2023-01-23 20:00:00,f,f_1
14637,2023-01-23 21:00:00,a,a_1
14638,2023-01-23 22:00:00,a,a_1
14639,2023-01-23 23:00:00,a,a_1
14640,2023-01-24 00:00:00,a,a_1
14641,2023-01-24 01:00:00,a,a_1
14642,2023-01-24 02:00:00,a,a_1
14643,2023-01-24 03:00:00,a,a_1
14644,2023-01-24 04:00:00,e,e_1
14645,2023-01-24 05:00:00,e,e_1
14646,2023-01-24 06:00:00,e,e_1
14647,2023-01-24 07:00:00,e,e_1
14648,2023-01-24 08:00:00,e,e_1
14649,2023-01-24 09:00:00,e,e_1
14650,2023-01-24 10:00:00,e,e_1
14651,2023-01-24 11:00:00,e,e_1
14652,2023-01-24 12:00:00,d,d_0
14653,2023-01-24 13:00:00,d,d_0
14654,2023-01-24 14:00:00,h,h_0
14655,2023-01-24 15:00:00,f,f_1
14656,2023-01-24 16:00:00,f,f_1
14657,2023-01-24 17:00:00,f,f_1
14658,2023-01-24 18:00:00,f,f_1
14659,2023-01-24 19:00:00,f,f_1
14660,2023-01-24 20:00:00,f,f_1
14661,2023-01-24 21:00:00,f,f_1
14662,2023-01-24 22:00:00,f,f_1
14663,2023-01-24 23:00:00,h,h_1
14664,2023-01-25 00:00:00,h,h_1
14665,2023-01-25 01:00:00,e,e_1
14666,2023-01-25 02:00:00,e,e_1
14667,2023-01-25 03:00:00,e,e_1
14668,2023-01-25 04:00:00,e,e_1
14669,2023-01-25 05:00:00,e,e_1
14670,2023-01-25 06:00:00,e,e_1
14671,2023-01-25 07:00:00,e,e_1
14672,2023-01-25 08:00:00,e,e_1
14673,2023-01-25 09:00:00,a,a_0
14674,2023-01-25 10:00:00,b,b_1
14675,2023-01-25 11:00:00,b,b_1
14676,2023-01-25 12:00:00,b,b_1
14677,2023-01-25 13:00:00,b,b_1
14678,2023-01-25 14:00:00,b,b_1
14679,2023-01-25 15:00:00,b,b_1
14680,2023-01-25 16:00:00,b,b_1
14681,2023-01-25 17:00:00,b,b_1
14682,2023-01-25 18:00:00,h,h_0
14683,2023-01-25 19:00:00,e,e_1
14684,2023-01-25 20:00:00,e,e_1
14685,2023-01-25 21:00:00,e,e_1
14686,2023-01-25 22:00:00,e,e_1
14687,2023-01-25 23:00:00,e,e_1
14688,2023-01-26 00:00:00,e,e_1
14689,2023-01-26 01:00:00,e,e_1
14690,2023-01-26 02:00:00,e,e_1
14691,2023-01-26 03:00:00,f,f_0
14692,2023-01-26 04:00:00,a,a_0
14693,2023-01-26 05:00:00,d,d_1
14694,2023-01-26 06:00:00,d,d_1
14695,2023-01-26 07:00:00,d,d_1
14696,2023-01-26 08:00:00,d,d_1
14697,2023-01-26 09:00:00,d,d_1
14698,2023-01-26 10:00:00,d,d_1
14699,2023-01-26 11:00:00,d,d_1
14700,2023-01-26 12:00:00,c,c_1
14701,2023-01-26 13:00:00,c,c_1
14702,2023-01-26 14:00:00,c,c_1
14703,2023-01-26 15:00:00,c,c_1
14704,2023-01-26 16:00:00,c,c_1
14705,2023-01-26 17:00:00,c,c_1
14706,2023-01-26 18:00:00,c,c_1
14707,2023-01-26 19:00:00,h,h_1
14708,2023-01-26 20:00:00,h,h_1
14709,2023-01-26 21:00:00,c,c_1
14710,2023-01-26 22:00:00,c,c_1
14711,2023-01-26 23:00:00,c,c_1
14712,2023-01-27 00:00:00,c,c_1
14713,2023-01-27 01:00:00,c,c_1
14714,2023-01-27 02:00:00,c,c_1
14715,2023-01-27 03:00:00,c,c_1
14716,2023-01-27 04:00:00,d,d_0
14717,2023-01-27 05:00:00,f,f_1
14718,2023-01-27 06:00:00,f,f_1
14719,2023-01-27 07:00:00,f,f_1
14720,2023-01-27 08:00:00,f,f_1
14721,2023-01-27 09:00:00,f,f_1
14722,2023-01-27 10:00:00,f,f_1
14723,2023-01-27 11:00:00,f,f_1
14724,2023-01-27 12:00:00,a,a_0
14725,2023-01-27 13:00:00,a,a_0
14726,2023-01-27 14:00:00,b,b_0
14727,2023-01-27 15:00:00,b,b_0
14728,2023-01-27 16:00:00,g,g_1
14729,2023-01-27 17:00:00,g,g_1
14730,2023-01-27 18:00:00,f,f_0
14731,2023-01-27 19:00:00,h,h_0
14732,2023-01-27 20:00:00,f,f_1
14733,2023-01-27 21:00:00,f,f_1
14734,2023-01-27 22:00:00,f,f_1
14735,2023-01-27 23:00:00,f,f_1
14736,2023-01-28 00:00:00,f,f_1
14737,2023-01-28 01:00:00,f,f_1
14738,2023-01-28 02:00:00,f,f_1
14739,2023-01-28 03:00:00,c,c_0
14740,2023-01-28 04:00:00,c,c_0
14741,2023-01-28 05:00:00,h,h_1
14742,2023-01-28 06:00:00,h,h_1
14743,2023-01-28 07:00:00,b,b_1
14744,2023-01-28 08:00:00,b,b_1
14745,2023-01-28 09:00:00,b,b_1
14746,2023-01-28 10:00:00,b,b_1
14747,2023-01-28 11:00:00,b,b_1
14748,2023-01-28 12:00:00,b,b_1
14749,2023-01-28 13:00:00,b,b_1
14750,2023-01-28 14:00:00,e,e_0
14751,2023-01-28 15:00:00,e,e_0
14752,2023-01-28 16:00:00,d,d_1
14753,2023-01-28 17:00:00,d,d_1
14754,2023-01-28 18:00:00,d,d_1
14755,2023-01-28 19:00:00,d,d_1
14756,2023-01-28 20:00:00,d,d_1
14757,2023-01-28 21:00:00,d,d_1
14758,2023-01-28 22:00:00,d,d_1
14759,2023-01-28 23:00:00,d,d_1
14760,2023-01-29 00:00:00,c,c_1
14761,2023-01-29 01:00:00,c,c_1
14762,2023-01-29 02:00:00,c,c_1
14763,2023-01-29 03:00:00,c,c_1
14764,2023-01-29 04:00:00,c,c_1
14765,2023-01-29 05:00:00,c,c_1
14766,2023-01-29 06:00:00,c,c_1
14767,2023-01-29 07:00:00,e,e_0
14768,2023-01-29 08:00:00,g,g_1
14769,2023-01-29 09:00:00,g,g_1
14770,2023-01-29 10:00:00,d,d_0
14771,2023-01-29 11:00:00,d,d_0
14772,2023-01-29 12:00:00,c,c_0
14773,2023-01-29 13:00:00,e,e_1
14774,2023-01-29 14:00:00,e,e_1
14775,2023-01-29 15:00:00,e,e_1
14776,2023-01-29 16:00:00,e,e_1
14777,2023-01-29 17:00:00,e,e_1
14778,2023-01-29 18:00:00,e,e_1
14779,2023-01-29 19:00:00,e,e_1
14780,2023-01-29 20:00:00,e,e_1
14781,2023-01-29 21:00:00,g,g_1
14782,2023-01-29 22:00:00,g,g_1
14783,2023-01-29 23:00:00,e,e_1
14784,2023-01-30 00:00:00,e,e_1
14785,2023-01-30 01:00:00,e,e_1
14786,2023-01-30 02:00:00,e,e_1
14787,2023-01-30 03:00:00,e,e_1
14788,2023-01-30 04:00:00,e,e_1
14789,2023-01-30 05:00:00,e,e_1
14790,2023-01-30 06:00:00,b,b_0
14791,2023-01-30 07:00:00,d,d_1
14792,2023-01-30 08:00:00,d,d_1
14793,2023-01-30 09:00:00,d,d_1
14794,2023-01-30 10:00:00,d,d_1
14795,2023-01-30 11:00:00,d,d_1
14796,2023-01-30 12:00:00,d,d_1
14797,2023-01-30 13:00:00,d,d_1
14798,2023-01-30 14:00:00,d,d_1
14799,2023-01-30 15:00:00,f,f_1
14800,2023-01-30 16:00:00,f,f_1
14801,2023-01-30 17:00:00,f,f_1
14802,2023-01-30 18:00:00,f,f_1
14803,2023-01-30 19:00:00,f,f_1
14804,2023-01-30 20:00:00,f,f_1
14805,2023-01-30 21:00:00,f,f_1
14806,2023-01-30 22:00:00,f,f_1
14807,2023-01-30 23:00:00,h,h_0
14808,2023-01-31 00:00:00,f,f_1
14809,2023-01-31 01:00:00,f,f_1
14810,2023-01-31 02:00:00,f,f_1
14811,2023-01-31 03:00:00,f,f_1
14812,2023-01-31 04:00:00,f,f_1
14813,2023-01-31 05:00:00,f,f_1
14814,2023-01-31 06:00:00,f,f_1
14815,2023-01-31 07:00:00,f,f_1
14816,2023-01-31 08:00:00,c,c_0
14817,2023-01-31 09:00:00,b,b_0
14818,2023-01-31 10:00:00,c,c_1
14819,2023-01-31 11:00:00,c,c_1
14820,2023-01-31 12:00:00,c,c_1
14821,2023-01-31 13:00:00,c,c_1
14822,2023-01-31 14:00:00,c,c_1
14823,2023-01-31 15:00:00,c,c_1
14824,2023-01-31 16:00:00,c,c_1
14825,2023-01-31 17:00:00,h,h_1
14826,2023-01-31 18:00:00,h,h_1
14827,2023-01-31 19:00:00,d,d_1
14828,2023-01-31 20:00:00,d,d_1
14829,2023-01-31 21:00:00,d,d_1
14830,2023-01-31 22:00:00,d,d_1
14831,2023-01-31 23:00:00,d,d_1
14832,2023-02-01 00:00:00,d,d_1
14833,2023-02-01 01:00:00,d,d_1
14834,2023-02-01 02:00:00,h,h_1
14835,2023-02-01 03:00:00,h,h_1
14836,2023-02-01 04:00:00,c,c_0
14837,2023-02-01 05:00:00,c,c_0
14838,2023-02-01 06:00:00,f,f_1
14839,2023-02-01 07:00:00,f,f_1
14840,2023-02-01 08:00:00,f,f_1
14841,2023-02-01 09:00:00,f,f_1
14842,2023-02-01 10:00:00,f,f_1
14843,2023-02-01 11:00:00,f,f_1
14844,2023-02-01 12:00:00,f,f_1
14845,2023-02-01 13:00:00,c,c_0
14846,2023-02-01 14:00:00,a,a_1
14847,2023-02-01 15:00:00,a,a_1
14848,2023-02-01 16:00:00,a,a_1
14849,2023-02-01 17:00:00,a,a_1
14850,2023-02-01 18:00:00,a,a_1
14851,2023-02-01 19:00:00,a,a_1
14852,2023-02-01 20:00:00,a,a_1
14853,2023-02-01 21:00:00,a,a_1
14854,2023-02-01 22:00:00,d,d_0
14855,2023-02-01 23:00:00,b,b_1
14856,2023-02-02 00:00:00,b,b_1
14857,2023-02-02 01:00:00,b,b_1
14858,2023-02-02 02:00:00,b,b_1
14859,2023-02-02 03:00:00,b,b_1
14860,2023-02-02 04:00:00,b,b_1
14861,2023-02-02 05:00:00,b,b_1
14862,2023-02-02 06:00:00,d,d_1
14863,2023-02-02 07:00:00,d,d_1
14864,2023-02-02 08:00:00,d,d_1
14865,2023-02-02 09:00:00,d,d_1
14866,2023-02-02 10:00:00,d,d_1
14867,2023-02-02 11:00:00,d,d_1
14868,2023-02-02 12:00:00,d,d_1
14869,2023-02-02 13:00:00,d,d_1
14870,2023-02-02 14:00:00,b,b_1
14871,2023-02-02 15:00:00,b,b_1
14872,2023-02-02 16:00:00,b,b_1
14873,2023-02-02 17:00:00,b,b_1
14874,2023-02-02 18:00:00,b,b_1
14875,2023-02-02 19:00:00,b,b_1
14876,2023-02-02 20:00:00,b,b_1
14877,2023-02-02 21:00:00,b,b_1
14878,2023-02-02 22:00:00,g,g_0
14879,2023-02-02 23:00:00,e,e_0
14880,2023-02-03 00:00:00,h,h_1
14881,2023-02-03 01:00:00,h,h_1
14882,2023-02-03 02:00:00,c,c_1
14883,2023-02-03 03:00:00,c,c_1
14884,2023-02-03 04:00:00,c,c_1
14885,2023-02-03 05:00:00,c,c_1
14886,2023-02-03 06:00:00,c,c_1
14887,2023-02-03 07:00:00,c,c_1
14888,2023-02-03 08:00:00,c,c_1
14889,2023-02-03 09:00:00,c,c_1
14890,2023-02-03 10:00:00,a,a_0
14891,2023-02-03 11:00:00,f,f_0
14892,2023-02-03 12:00:00,d,d_1
14893,2023-02-03 13:00:00,d,d_1
14894,2023-02-03 14:00:00,d,d_1
14895,2023-02-03 15:00:00,d,d_1
14896,2023-02-03 16:00:00,d,d_1
14897,2023-02-03 17:00:00,d,d_1
14898,2023-02-03 18:00:00,d,d_1
14899,2023-02-03 19:00:00,a,a_1
14900,2023-02-03 20:00:00,a,a_1
14901,2023-02-03 21:00:00,a,a_1
14902,2023-02-03 22:00:00,a,a_1
14903,2023-02-03 23:00:00,a,a_1
14904,2023-02-04 00:00:00,a,a_1
14905,2023-02-04 01:00:00,a,a_1
14906,2023-02-04 02:00:00,a,a_1
14907,2023-02-04 03:00:00,c,c_0
14908,2023-02-04 04:00:00,c,c_0
14909,2023-02-04 05:00:00,e,e_1
14910,2023-02-04 06:00:00,e,e_1
14911,2023-02-04 07:00:00,e,e_1
14912,2023-02-04 08:00:00,e,e_1
14913,2023-02-04 09:00:00,e,e_1
14914,2023-02-04 10:00:00,e,e_1
14915,2023-02-04 11:00:00,e,e_1
14916,2023-02-04 12:00:00,g,g_0
14917,2023-02-04 13:00:00,a,a_0
14918,2023-02-04 14:00:00,a,a_0
14919,2023-02-04 15:00:00,h,h_0
14920,2023-02-04 16:00:00,b,b_0
14921,2023-02-04 17:00:00,b,b_0
14922,2023-02-04 18:00:00,d,d_1
14923,2023-02-04 19:00:00,d,d_1
14924,2023-02-04 20:00:00,d,d_1
14925,2023-02-04 21:00:00,d,d_1
14926,2023-02-04 22:00:00,d,d_1
14927,2023-02-04 23:00:00,d,d_1
14928,2023-02-05 00:00:00,d,d_1
14929,2023-02-05 01:00:00,d,d_1
14930,2023-02-05 02:00:00,c,c_0
14931,2023-02-05 03:00:00,c,c_0
14932,2023-02-05 04:00:00,g,g_1
14933,2023-02-05 05:00:00,g,g_1
14934,2023-02-05 06:00:00,f,f_1
14935,2023-02-05 07:00:00,f,f_1
14936,2023-02-05 08:00:00,f,f_1
14937,2023-02-05 09:00:00,f,f_1
14938,2023-02-05 10:00:00,f,f_1
14939,2023-02-05 11:00:00,f,f_1
14940,2023-02-05 12:00:00,f,f_1
14941,2023-02-05 13:00:00,f,f_1
14942,2023-02-05 14:00:00,c,c_0
14943,2023-02-05 15:00:00,f,f_0
14944,2023-02-05 16:00:00,h,h_1
14945,2023-02-05 17:00:00,h,h_1
14946,2023-02-05 18:00:00,d,d_0
14947,2023-02-05 19:00:00,d,d_0
14948,2023-02-05 20:00:00,a,a_0
14949,2023-02-05 21:00:00,a,a_0
14950,2023-02-05 22:00:00,b,b_1
14951,2023-02-05 23:00:00,b,b_1
14952,2023-02-06 00:00:00,b,b_1
14953,2023-02-06 01:00:00,b,b_1
14954,2023-02-06 02:00:00,b,b_1
14955,2023-02-06 03:00:00,b,b_1
14956,2023-02-06 04:00:00,b,b_1
14957,2023-02-06 05:00:00,b,b_1
14958,2023-02-06 06:00:00,c,c_1
14959,2023-02-06 07:00:00,c,c_1
14960,2023-02-06 08:00:00,c,c_1
14961,2023-02-06 09:00:00,c,c_1
14962,2023-02-06 10:00:00,c,c_1
14963,2023-02-06 11:00:00,c,c_1
14964,2023-02-06 12:00:00,c,c_1
14965,2023-02-06 13:00:00,g,g_1
14966,2023-02-06 14:00:00,g,g_1
14967,2023-02-06 15:00:00,e,e_1
14968,2023-02-06 16:00:00,e,e_1
14969,2023-02-06 17:00:00,e,e_1
14970,2023-02-06 18:00:00,e,e_1
14971,2023-02-06 19:00:00,e,e_1
14972,2023-02-06 20:00:00,e,e_1
14973,2023-02-06 21:00:00,e,e_1
14974,2023-02-06 22:00:00,e,e_1
14975,2023-02-06 23:00:00,b,b_0
14976,2023-02-07 00:00:00,b,b_0
14977,2023-02-07 01:00:00,a,a_0
14978,2023-02-07 02:00:00,a,a_0
14979,2023-02-07 03:00:00,d,d_0
14980,2023-02-07 04:00:00,e,e_1
14981,2023-02-07 05:00:00,e,e_1
14982,2023-02-07 06:00:00,e,e_1
14983,2023-02-07 07:00:00,e,e_1
14984,2023-02-07 08:00:00,e,e_1
14985,2023-02-07 09:00:00,e,e_1
14986,2023-02-07 10:00:00,e,e_1
14987,2023-02-07 11:00:00,e,e_1
14988,2023-02-07 12:00:00,a,a_0
14989,2023-02-07 13:00:00,b,b_0
14990,2023-02-07 14:00:00,c,c_0
14991,2023-02-07 15:00:00,d,d_1
14992,2023-02-07 16:00:00,d,d_1
14993,2023-02-07 17:00:00,d,d_1
14994,2023-02-07 18:00:00,d,d_1
14995,2023-02-07 19:00:00,d,d_1
14996,2023-02-07 20:00:00,d,d_1
14997,2023-02-07 21:00:00,d,d_1
14998,2023-02-07 22:00:00,a,a_0
14999,2023-02-07 23:00:00,g,g_1
15000,2023-02-08 00:00:00,g,g_1
15001,2023-02-08 01:00:00,e,e_0
15002,2023-02-08 02:00:00,e,e_0
15003,2023-02-08 03:00:00,g,g_0
15004,2023-02-08 04:00:00,f,f_0
15005,2023-02-08 05:00:00,b,b_0
15006,2023-02-08 06:00:00,b,b_0
15007,2023-02-08 07:00:00,h,h_0
15008,2023-02-08 08:00:00,f,f_0
15009,2023-02-08 09:00:00,g,g_1
15010,2023-02-08 10:00:00,g,g_1
15011,2023-02-08 11:00:00,d,d_1
15012,2023-02-08 12:00:00,d,d_1
15013,2023-02-08 13:00:00,d,d_1
15014,2023-02-08 14:00:00,d,d_1
15015,2023-02-08 15:00:00,d,d_1
15016,2023-02-08 16:00:00,d,d_1
15017,2023-02-08 17:00:00,d,d_1
15018,2023-02-08 18:00:00,d,d_1
15019,2023-02-08 19:00:00,c,c_0
15020,2023-02-08 20:00:00,h,h_0
15021,2023-02-08 21:00:00,c,c_0
15022,2023-02-08 22:00:00,g,g_1
15023,2023-02-08 23:00:00,g,g_1
15024,2023-02-09 00:00:00,d,d_1
15025,2023-02-09 01:00:00,d,d_1
15026,2023-02-09 02:00:00,d,d_1
15027,2023-02-09 03:00:00,d,d_1
15028,2023-02-09 04:00:00,d,d_1
15029,2023-02-09 05:00:00,d,d_1
15030,2023-02-09 06:00:00,d,d_1
15031,2023-02-09 07:00:00,b,b_1
15032,2023-02-09 08:00:00,b,b_1
15033,2023-02-09 09:00:00,b,b_1
15034,2023-02-09 10:00:00,b,b_1
15035,2023-02-09 11:00:00,b,b_1
15036,2023-02-09 12:00:00,b,b_1
15037,2023-02-09 13:00:00,b,b_1
15038,2023-02-09 14:00:00,f,f_0
15039,2023-02-09 15:00:00,f,f_0
15040,2023-02-09 16:00:00,d,d_1
15041,2023-02-09 17:00:00,d,d_1
15042,2023-02-09 18:00:00,d,d_1
15043,2023-02-09 19:00:00,d,d_1
15044,2023-02-09 20:00:00,d,d_1
15045,2023-02-09 21:00:00,d,d_1
15046,2023-02-09 22:00:00,d,d_1
15047,2023-02-09 23:00:00,d,d_1
15048,2023-02-10 00:00:00,g,g_1
15049,2023-02-10 01:00:00,g,g_1
15050,2023-02-10 02:00:00,e,e_1
15051,2023-02-10 03:00:00,e,e_1
15052,2023-02-10 04:00:00,e,e_1
15053,2023-02-10 05:00:00,e,e_1
15054,2023-02-10 06:00:00,e,e_1
15055,2023-02-10 07:00:00,e,e_1
15056,2023-02-10 08:00:00,e,e_1
15057,2023-02-10 09:00:00,e,e_1
15058,2023-02-10 10:00:00,f,f_1
15059,2023-02-10 11:00:00,f,f_1
15060,2023-02-10 12:00:00,f,f_1
15061,2023-02-10 13:00:00,f,f_1
15062,2023-02-10 14:00:00,f,f_1
15063,2023-02-10 15:00:00,f,f_1
15064,2023-02-10 16:00:00,f,f_1
15065,2023-02-10 17:00:00,f,f_1
15066,2023-02-10 18:00:00,h,h_1
15067,2023-02-10 19:00:00,h,h_1
15068,2023-02-10 20:00:00,g,g_1
15069,2023-02-10 21:00:00,g,g_1
15070,2023-02-10 22:00:00,h,h_1
15071,2023-02-10 23:00:00,h,h_1
15072,2023-02-11 00:00:00,d,d_1
15073,2023-02-11 01:00:00,d,d_1
15074,2023-02-11 02:00:00,d,d_1
15075,2023-02-11 03:00:00,d,d_1
15076,2023-02-11 04:00:00,d,d_1
15077,2023-02-11 05:00:00,d,d_1
15078,2023-02-11 06:00:00,d,d_1
15079,2023-02-11 07:00:00,d,d_1
15080,2023-02-11 08:00:00,g,g_0
15081,2023-02-11 09:00:00,a,a_0
15082,2023-02-11 10:00:00,b,b_0
15083,2023-02-11 11:00:00,b,b_0
15084,2023-02-11 12:00:00,h,h_1
15085,2023-02-11 13:00:00,h,h_1
15086,2023-02-11 14:00:00,f,f_1
15087,2023-02-11 15:00:00,f,f_1
15088,2023-02-11 16:00:00,f,f_1
15089,2023-02-11 17:00:00,f,f_1
15090,2023-02-11 18:00:00,f,f_1
15091,2023-02-11 19:00:00,f,f_1
15092,2023-02-11 20:00:00,f,f_1
15093,2023-02-11 21:00:00,a,a_0
15094,2023-02-11 22:00:00,a,a_0
15095,2023-02-11 23:00:00,d,d_1
15096,2023-02-12 00:00:00,d,d_1
15097,2023-02-12 01:00:00,d,d_1
15098,2023-02-12 02:00:00,d,d_1
15099,2023-02-12 03:00:00,d,d_1
15100,2023-02-12 04:00:00,d,d_1
15101,2023-02-12 05:00:00,d,d_1
15102,2023-02-12 06:00:00,d,d_1
15103,2023-02-12 07:00:00,c,c_0
15104,2023-02-12 08:00:00,c,c_0
15105,2023-02-12 09:00:00,e,e_1
15106,2023-02-12 10:00:00,e,e_1
15107,2023-02-12 11:00:00,e,e_1
15108,2023-02-12 12:00:00,e,e_1
15109,2023-02-12 13:00:00,e,e_1
15110,2023-02-12 14:00:00,e,e_1
15111,2023-02-12 15:00:00,e,e_1
15112,2023-02-12 16:00:00,e,e_1
15113,2023-02-12 17:00:00,f,f_1
15114,2023-02-12 18:00:00,f,f_1
15115,2023-02-12 19:00:00,f,f_1
15116,2023-02-12 20:00:00,f,f_1
15117,2023-02-12 21:00:00,f,f_1
15118,2023-02-12 22:00:00,f,f_1
15119,2023-02-12 23:00:00,f,f_1
15120,2023-02-13 00:00:00,c,c_1
15121,2023-02-13 01:00:00,c,c_1
15122,2023-02-13 02:00:00,c,c_1
15123,2023-02-13 03:00:00,c,c_1
15124,2023-02-13 04:00:00,c,c_1
15125,2023-02-13 05:00:00,c,c_1
15126,2023-02-13 06:00:00,c,c_1
15127,2023-02-13 07:00:00,c,c_1
15128,2023-02-13 08:00:00,h,h_1
15129,2023-02-13 09:00:00,h,h_1
15130,2023-02-13 10:00:00,f,f_1
15131,2023-02-13 11:00:00,f,f_1
15132,2023-02-13 12:00:00,f,f_1
15133,2023-02-13 13:00:00,f,f_1
15134,2023-02-13 14:00:00,f,f_1
15135,2023-02-13 15:00:00,f,f_1
15136,2023-02-13 16:00:00,f,f_1
15137,2023-02-13 17:00:00,f,f_1
15138,2023-02-13 18:00:00,d,d_1
15139,2023-02-13 19:00:00,d,d_1
15140,2023-02-13 20:00:00,d,d_1
15141,2023-02-13 21:00:00,d,d_1
15142,2023-02-13 22:00:00,d,d_1
15143,2023-02-13 23:00:00,d,d_1
15144,2023-02-14 00:00:00,d,d_1
15145,2023-02-14 01:00:00,f,f_0
15146,2023-02-14 02:00:00,f,f_0
15147,2023-02-14 03:00:00,h,h_0
15148,2023-02-14 04:00:00,b,b_0
15149,2023-02-14 05:00:00,c,c_0
15150,2023-02-14 06:00:00,e,e_0
15151,2023-02-14 07:00:00,c,c_0
15152,2023-02-14 08:00:00,c,c_0
15153,2023-02-14 09:00:00,a,a_1
15154,2023-02-14 10:00:00,a,a_1
15155,2023-02-14 11:00:00,a,a_1
15156,2023-02-14 12:00:00,a,a_1
15157,2023-02-14 13:00:00,a,a_1
15158,2023-02-14 14:00:00,a,a_1
15159,2023-02-14 15:00:00,a,a_1
15160,2023-02-14 16:00:00,d,d_1
15161,2023-02-14 17:00:00,d,d_1
15162,2023-02-14 18:00:00,d,d_1
15163,2023-02-14 19:00:00,d,d_1
15164,2023-02-14 20:00:00,d,d_1
15165,2023-02-14 21:00:00,d,d_1
15166,2023-02-14 22:00:00,d,d_1
15167,2023-02-14 23:00:00,c,c_0
15168,2023-02-15 00:00:00,c,c_0
15169,2023-02-15 01:00:00,e,e_0
15170,2023-02-15 02:00:00,d,d_1
15171,2023-02-15 03:00:00,d,d_1
15172,2023-02-15 04:00:00,d,d_1
15173,2023-02-15 05:00:00,d,d_1
15174,2023-02-15 06:00:00,d,d_1
15175,2023-02-15 07:00:00,d,d_1
15176,2023-02-15 08:00:00,d,d_1
15177,2023-02-15 09:00:00,f,f_0
15178,2023-02-15 10:00:00,f,f_0
15179,2023-02-15 11:00:00,g,g_0
15180,2023-02-15 12:00:00,d,d_1
15181,2023-02-15 13:00:00,d,d_1
15182,2023-02-15 14:00:00,d,d_1
15183,2023-02-15 15:00:00,d,d_1
15184,2023-02-15 16:00:00,d,d_1
15185,2023-02-15 17:00:00,d,d_1
15186,2023-02-15 18:00:00,d,d_1
15187,2023-02-15 19:00:00,h,h_0
15188,2023-02-15 20:00:00,f,f_1
15189,2023-02-15 21:00:00,f,f_1
15190,2023-02-15 22:00:00,f,f_1
15191,2023-02-15 23:00:00,f,f_1
15192,2023-02-16 00:00:00,f,f_1
15193,2023-02-16 01:00:00,f,f_1
15194,2023-02-16 02:00:00,f,f_1
15195,2023-02-16 03:00:00,f,f_1
15196,2023-02-16 04:00:00,h,h_0
15197,2023-02-16 05:00:00,d,d_0
15198,2023-02-16 06:00:00,d,d_0
15199,2023-02-16 07:00:00,g,g_0
15200,2023-02-16 08:00:00,c,c_1
15201,2023-02-16 09:00:00,c,c_1
15202,2023-02-16 10:00:00,c,c_1
15203,2023-02-16 11:00:00,c,c_1
15204,2023-02-16 12:00:00,c,c_1
15205,2023-02-16 13:00:00,c,c_1
15206,2023-02-16 14:00:00,c,c_1
15207,2023-02-16 15:00:00,c,c_1
15208,2023-02-16 16:00:00,a,a_0
15209,2023-02-16 17:00:00,b,b_0
15210,2023-02-16 18:00:00,b,b_0
15211,2023-02-16 19:00:00,d,d_0
15212,2023-02-16 20:00:00,c,c_0
15213,2023-02-16 21:00:00,d,d_1
15214,2023-02-16 22:00:00,d,d_1
15215,2023-02-16 23:00:00,d,d_1
15216,2023-02-17 00:00:00,d,d_1
15217,2023-02-17 01:00:00,d,d_1
15218,2023-02-17 02:00:00,d,d_1
15219,2023-02-17 03:00:00,d,d_1
15220,2023-02-17 04:00:00,e,e_1
15221,2023-02-17 05:00:00,e,e_1
15222,2023-02-17 06:00:00,e,e_1
15223,2023-02-17 07:00:00,e,e_1
15224,2023-02-17 08:00:00,e,e_1
15225,2023-02-17 09:00:00,e,e_1
15226,2023-02-17 10:00:00,e,e_1
15227,2023-02-17 11:00:00,e,e_1
15228,2023-02-17 12:00:00,b,b_0
15229,2023-02-17 13:00:00,b,b_0
15230,2023-02-17 14:00:00,c,c_0
15231,2023-02-17 15:00:00,g,g_1
15232,2023-02-17 16:00:00,g,g_1
15233,2023-02-17 17:00:00,d,d_1
15234,2023-02-17 18:00:00,d,d_1
15235,2023-02-17 19:00:00,d,d_1
15236,2023-02-17 20:00:00,d,d_1
15237,2023-02-17 21:00:00,d,d_1
15238,2023-02-17 22:00:00,d,d_1
15239,2023-02-17 23:00:00,d,d_1
15240,2023-02-18 00:00:00,d,d_1
15241,2023-02-18 01:00:00,c,c_1
15242,2023-02-18 02:00:00,c,c_1
15243,2023-02-18 03:00:00,c,c_1
15244,2023-02-18 04:00:00,c,c_1
15245,2023-02-18 05:00:00,c,c_1
15246,2023-02-18 06:00:00,c,c_1
15247,2023-02-18 07:00:00,c,c_1
15248,2023-02-18 08:00:00,a,a_0
15249,2023-02-18 09:00:00,a,a_0
15250,2023-02-18 10:00:00,d,d_0
15251,2023-02-18 11:00:00,e,e_1
15252,2023-02-18 12:00:00,e,e_1
15253,2023-02-18 13:00:00,e,e_1
15254,2023-02-18 14:00:00,e,e_1
15255,2023-02-18 15:00:00,e,e_1
15256,2023-02-18 16:00:00,e,e_1
15257,2023-02-18 17:00:00,e,e_1
15258,2023-02-18 18:00:00,g,g_1
15259,2023-02-18 19:00:00,g,g_1
15260,2023-02-18 20:00:00,f,f_1
15261,2023-02-18 21:00:00,f,f_1
15262,2023-02-18 22:00:00,f,f_1
15263,2023-02-18 23:00:00,f,f_1
15264,2023-02-19 00:00:00,f,f_1
15265,2023-02-19 01:00:00,f,f_1
15266,2023-02-19 02:00:00,f,f_1
15267,2023-02-19 03:00:00,f,f_1
15268,2023-02-19 04:00:00,h,h_0
15269,2023-02-19 05:00:00,e,e_1
15270,2023-02-19 06:00:00,e,e_1
15271,2023-02-19 07:00:00,e,e_1
15272,2023-02-19 08:00:00,e,e_1
15273,2023-02-19 09:00:00,e,e_1
15274,2023-02-19 10:00:00,e,e_1
15275,2023-02-19 11:00:00,e,e_1
15276,2023-02-19 12:00:00,h,h_1
15277,2023-02-19 13:00:00,h,h_1
15278,2023-02-19 14:00:00,b,b_0
15279,2023-02-19 15:00:00,c,c_0
15280,2023-02-19 16:00:00,e,e_1
15281,2023-02-19 17:00:00,e,e_1
15282,2023-02-19 18:00:00,e,e_1
15283,2023-02-19 19:00:00,e,e_1
15284,2023-02-19 20:00:00,e,e_1
15285,2023-02-19 21:00:00,e,e_1
15286,2023-02-19 22:00:00,e,e_1
15287,2023-02-19 23:00:00,f,f_1
15288,2023-02-20 00:00:00,f,f_1
15289,2023-02-20 01:00:00,f,f_1
15290,2023-02-20 02:00:00,f,f_1
15291,2023-02-20 03:00:00,f,f_1
15292,2023-02-20 04:00:00,f,f_1
15293,2023-02-20 05:00:00,f,f_1
15294,2023-02-20 06:00:00,f,f_1
15295,2023-02-20 07:00:00,h,h_0
15296,2023-02-20 08:00:00,b,b_1
15297,2023-02-20 09:00:00,b,b_1
15298,2023-02-20 10:00:00,b,b_1
15299,2023-02-20 11:00:00,b,b_1
15300,2023-02-20 12:00:00,b,b_1
15301,2023-02-20 13:00:00,b,b_1
15302,2023-02-20 14:00:00,b,b_1
15303,2023-02-20 15:00:00,a,a_0
15304,2023-02-20 16:00:00,d,d_1
15305,2023-02-20 17:00:00,d,d_1
15306,2023-02-20 18:00:00,d,d_1
15307,2023-02-20 19:00:00,d,d_1
15308,2023-02-20 20:00:00,d,d_1
15309,2023-02-20 21:00:00,d,d_1
15310,2023-02-20 22:00:00,d,d_1
15311,2023-02-20 23:00:00,d,d_1
15312,2023-02-21 00:00:00,c,c_1
15313,2023-02-21 01:00:00,c,c_1
15314,2023-02-21 02:00:00,c,c_1
15315,2023-02-21 03:00:00,c,c_1
15316,2023-02-21 04:00:00,c,c_1
15317,2023-02-21 05:00:00,c,c_1
15318,2023-02-21 06:00:00,c,c_1
15319,2023-02-21 07:00:00,c,c_1
15320,2023-02-21 08:00:00,b,b_1
15321,2023-02-21 09:00:00,b,b_1
15322,2023-02-21 10:00:00,b,b_1
15323,2023-02-21 11:00:00,b,b_1
15324,2023-02-21 12:00:00,b,b_1
15325,2023-02-21 13:00:00,b,b_1
15326,2023-02-21 14:00:00,b,b_1
15327,2023-02-21 15:00:00,a,a_1
15328,2023-02-21 16:00:00,a,a_1
15329,2023-02-21 17:00:00,a,a_1
15330,2023-02-21 18:00:00,a,a_1
15331,2023-02-21 19:00:00,a,a_1
15332,2023-02-21 20:00:00,a,a_1
15333,2023-02-21 21:00:00,a,a_1
15334,2023-02-21 22:00:00,a,a_1
15335,2023-02-21 23:00:00,f,f_0
15336,2023-02-22 00:00:00,f,f_0
15337,2023-02-22 01:00:00,g,g_1
15338,2023-02-22 02:00:00,g,g_1
15339,2023-02-22 03:00:00,d,d_0
15340,2023-02-22 04:00:00,d,d_0
15341,2023-02-22 05:00:00,g,g_1
15342,2023-02-22 06:00:00,g,g_1
15343,2023-02-22 07:00:00,b,b_1
15344,2023-02-22 08:00:00,b,b_1
15345,2023-02-22 09:00:00,b,b_1
15346,2023-02-22 10:00:00,b,b_1
15347,2023-02-22 11:00:00,b,b_1
15348,2023-02-22 12:00:00,b,b_1
15349,2023-02-22 13:00:00,b,b_1
15350,2023-02-22 14:00:00,b,b_1
15351,2023-02-22 15:00:00,c,c_1
15352,2023-02-22 16:00:00,c,c_1
15353,2023-02-22 17:00:00,c,c_1
15354,2023-02-22 18:00:00,c,c_1
15355,2023-02-22 19:00:00,c,c_1
15356,2023-02-22 20:00:00,c,c_1
15357,2023-02-22 21:00:00,c,c_1
15358,2023-02-22 22:00:00,c,c_1
15359,2023-02-22 23:00:00,e,e_1
15360,2023-02-23 00:00:00,e,e_1
15361,2023-02-23 01:00:00,e,e_1
15362,2023-02-23 02:00:00,e,e_1
15363,2023-02-23 03:00:00,e,e_1
15364,2023-02-23 04:00:00,e,e_1
15365,2023-02-23 05:00:00,e,e_1
15366,2023-02-23 06:00:00,e,e_1
15367,2023-02-23 07:00:00,c,c_1
15368,2023-02-23 08:00:00,c,c_1
15369,2023-02-23 09:00:00,c,c_1
15370,2023-02-23 10:00:00,c,c_1
15371,2023-02-23 11:00:00,c,c_1
15372,2023-02-23 12:00:00,c,c_1
15373,2023-02-23 13:00:00,c,c_1
15374,2023-02-23 14:00:00,d,d_0
15375,2023-02-23 15:00:00,f,f_1
15376,2023-02-23 16:00:00,f,f_1
15377,2023-02-23 17:00:00,f,f_1
15378,2023-02-23 18:00:00,f,f_1
15379,2023-02-23 19:00:00,f,f_1
15380,2023-02-23 20:00:00,f,f_1
15381,2023-02-23 21:00:00,f,f_1
15382,2023-02-23 22:00:00,h,h_1
15383,2023-02-23 23:00:00,h,h_1
15384,2023-02-24 00:00:00,d,d_0
15385,2023-02-24 01:00:00,h,h_0
15386,2023-02-24 02:00:00,a,a_1
15387,2023-02-24 03:00:00,a,a_1
15388,2023-02-24 04:00:00,a,a_1
15389,2023-02-24 05:00:00,a,a_1
15390,2023-02-24 06:00:00,a,a_1
15391,2023-02-24 07:00:00,a,a_1
15392,2023-02-24 08:00:00,a,a_1
15393,2023-02-24 09:00:00,c,c_0
15394,2023-02-24 10:00:00,c,c_0
15395,2023-02-24 11:00:00,e,e_1
15396,2023-02-24 12:00:00,e,e_1
15397,2023-02-24 13:00:00,e,e_1
15398,2023-02-24 14:00:00,e,e_1
15399,2023-02-24 15:00:00,e,e_1
15400,2023-02-24 16:00:00,e,e_1
15401,2023-02-24 17:00:00,e,e_1
15402,2023-02-24 18:00:00,d,d_0
15403,2023-02-24 19:00:00,b,b_1
15404,2023-02-24 20:00:00,b,b_1
15405,2023-02-24 21:00:00,b,b_1
15406,2023-02-24 22:00:00,b,b_1
15407,2023-02-24 23:00:00,b,b_1
15408,2023-02-25 00:00:00,b,b_1
15409,2023-02-25 01:00:00,b,b_1
15410,2023-02-25 02:00:00,b,b_1
15411,2023-02-25 03:00:00,e,e_1
15412,2023-02-25 04:00:00,e,e_1
15413,2023-02-25 05:00:00,e,e_1
15414,2023-02-25 06:00:00,e,e_1
15415,2023-02-25 07:00:00,e,e_1
15416,2023-02-25 08:00:00,e,e_1
15417,2023-02-25 09:00:00,e,e_1
15418,2023-02-25 10:00:00,e,e_1
15419,2023-02-25 11:00:00,f,f_1
15420,2023-02-25 12:00:00,f,f_1
15421,2023-02-25 13:00:00,f,f_1
15422,2023-02-25 14:00:00,f,f_1
15423,2023-02-25 15:00:00,f,f_1
15424,2023-02-25 16:00:00,f,f_1
15425,2023-02-25 17:00:00,f,f_1
15426,2023-02-25 18:00:00,f,f_1
15427,2023-02-25 19:00:00,d,d_1
15428,2023-02-25 20:00:00,d,d_1
15429,2023-02-25 21:00:00,d,d_1
15430,2023-02-25 22:00:00,d,d_1
15431,2023-02-25 23:00:00,d,d_1
15432,2023-02-26 00:00:00,d,d_1
15433,2023-02-26 01:00:00,d,d_1
15434,2023-02-26 02:00:00,d,d_1
15435,2023-02-26 03:00:00,c,c_1
15436,2023-02-26 04:00:00,c,c_1
15437,2023-02-26 05:00:00,c,c_1
15438,2023-02-26 06:00:00,c,c_1
15439,2023-02-26 07:00:00,c,c_1
15440,2023-02-26 08:00:00,c,c_1
15441,2023-02-26 09:00:00,c,c_1
15442,2023-02-26 10:00:00,c,c_1
15443,2023-02-26 11:00:00,b,b_1
15444,2023-02-26 12:00:00,b,b_1
15445,2023-02-26 13:00:00,b,b_1
15446,2023-02-26 14:00:00,b,b_1
15447,2023-02-26 15:00:00,b,b_1
15448,2023-02-26 16:00:00,b,b_1
15449,2023-02-26 17:00:00,b,b_1
15450,2023-02-26 18:00:00,b,b_1
15451,2023-02-26 19:00:00,a,a_1
15452,2023-02-26 20:00:00,a,a_1
15453,2023-02-26 21:00:00,a,a_1
15454,2023-02-26 22:00:00,a,a_1
15455,2023-02-26 23:00:00,a,a_1
15456,2023-02-27 00:00:00,a,a_1
15457,2023-02-27 01:00:00,a,a_1
15458,2023-02-27 02:00:00,a,a_1
15459,2023-02-27 03:00:00,e,e_1
15460,2023-02-27 04:00:00,e,e_1
15461,2023-02-27 05:00:00,e,e_1
15462,2023-02-27 06:00:00,e,e_1
15463,2023-02-27 07:00:00,e,e_1
15464,2023-02-27 08:00:00,e,e_1
15465,2023-02-27 09:00:00,e,e_1
15466,2023-02-27 10:00:00,g,g_1
15467,2023-02-27 11:00:00,g,g_1
15468,2023-02-27 12:00:00,b,b_1
15469,2023-02-27 13:00:00,b,b_1
15470,2023-02-27 14:00:00,b,b_1
15471,2023-02-27 15:00:00,b,b_1
15472,2023-02-27 16:00:00,b,b_1
15473,2023-02-27 17:00:00,b,b_1
15474,2023-02-27 18:00:00,b,b_1
15475,2023-02-27 19:00:00,d,d_0
15476,2023-02-27 20:00:00,f,f_1
15477,2023-02-27 21:00:00,f,f_1
15478,2023-02-27 22:00:00,f,f_1
15479,2023-02-27 23:00:00,f,f_1
15480,2023-02-28 00:00:00,f,f_1
15481,2023-02-28 01:00:00,f,f_1
15482,2023-02-28 02:00:00,f,f_1
15483,2023-02-28 03:00:00,h,h_1
15484,2023-02-28 04:00:00,h,h_1
15485,2023-02-28 05:00:00,a,a_0
15486,2023-02-28 06:00:00,a,a_0
15487,2023-02-28 07:00:00,c,c_1
15488,2023-02-28 08:00:00,c,c_1
15489,2023-02-28 09:00:00,c,c_1
15490,2023-02-28 10:00:00,c,c_1
15491,2023-02-28 11:00:00,c,c_1
15492,2023-02-28 12:00:00,c,c_1
15493,2023-02-28 13:00:00,c,c_1
15494,2023-02-28 14:00:00,c,c_1
15495,2023-02-28 15:00:00,g,g_1
15496,2023-02-28 16:00:00,g,g_1
15497,2023-02-28 17:00:00,h,h_0
15498,2023-02-28 18:00:00,b,b_0
15499,2023-02-28 19:00:00,g,g_1
15500,2023-02-28 20:00:00,g,g_1
15501,2023-02-28 21:00:00,d,d_0
15502,2023-02-28 22:00:00,d,d_0
15503,2023-02-28 23:00:00,c,c_0
15504,2023-03-01 00:00:00,e,e_1
15505,2023-03-01 01:00:00,e,e_1
15506,2023-03-01 02:00:00,e,e_1
15507,2023-03-01 03:00:00,e,e_1
15508,2023-03-01 04:00:00,e,e_1
15509,2023-03-01 05:00:00,e,e_1
15510,2023-03-01 06:00:00,e,e_1
15511,2023-03-01 07:00:00,e,e_1
15512,2023-03-01 08:00:00,b,b_0
15513,2023-03-01 09:00:00,e,e_1
15514,2023-03-01 10:00:00,e,e_1
15515,2023-03-01 11:00:00,e,e_1
15516,2023-03-01 12:00:00,e,e_1
15517,2023-03-01 13:00:00,e,e_1
15518,2023-03-01 14:00:00,e,e_1
15519,2023-03-01 15:00:00,e,e_1
15520,2023-03-01 16:00:00,d,d_1
15521,2023-03-01 17:00:00,d,d_1
15522,2023-03-01 18:00:00,d,d_1
15523,2023-03-01 19:00:00,d,d_1
15524,2023-03-01 20:00:00,d,d_1
15525,2023-03-01 21:00:00,d,d_1
15526,2023-03-01 22:00:00,d,d_1
15527,2023-03-01 23:00:00,a,a_0
15528,2023-03-02 00:00:00,a,a_0
15529,2023-03-02 01:00:00,f,f_1
15530,2023-03-02 02:00:00,f,f_1
15531,2023-03-02 03:00:00,f,f_1
15532,2023-03-02 04:00:00,f,f_1
15533,2023-03-02 05:00:00,f,f_1
15534,2023-03-02 06:00:00,f,f_1
15535,2023-03-02 07:00:00,f,f_1
15536,2023-03-02 08:00:00,g,g_0
15537,2023-03-02 09:00:00,h,h_1
15538,2023-03-02 10:00:00,h,h_1
15539,2023-03-02 11:00:00,c,c_0
15540,2023-03-02 12:00:00,a,a_1
15541,2023-03-02 13:00:00,a,a_1
15542,2023-03-02 14:00:00,a,a_1
15543,2023-03-02 15:00:00,a,a_1
15544,2023-03-02 16:00:00,a,a_1
15545,2023-03-02 17:00:00,a,a_1
15546,2023-03-02 18:00:00,a,a_1
15547,2023-03-02 19:00:00,a,a_1
15548,2023-03-02 20:00:00,e,e_0
15549,2023-03-02 21:00:00,e,e_0
15550,2023-03-02 22:00:00,b,b_0
15551,2023-03-02 23:00:00,c,c_1
15552,2023-03-03 00:00:00,c,c_1
15553,2023-03-03 01:00:00,c,c_1
15554,2023-03-03 02:00:00,c,c_1
15555,2023-03-03 03:00:00,c,c_1
15556,2023-03-03 04:00:00,c,c_1
15557,2023-03-03 05:00:00,c,c_1
15558,2023-03-03 06:00:00,d,d_1
15559,2023-03-03 07:00:00,d,d_1
15560,2023-03-03 08:00:00,d,d_1
15561,2023-03-03 09:00:00,d,d_1
15562,2023-03-03 10:00:00,d,d_1
15563,2023-03-03 11:00:00,d,d_1
15564,2023-03-03 12:00:00,d,d_1
15565,2023-03-03 13:00:00,b,b_1
15566,2023-03-03 14:00:00,b,b_1
15567,2023-03-03 15:00:00,b,b_1
15568,2023-03-03 16:00:00,b,b_1
15569,2023-03-03 17:00:00,b,b_1
15570,2023-03-03 18:00:00,b,b_1
15571,2023-03-03 19:00:00,b,b_1
15572,2023-03-03 20:00:00,e,e_0
15573,2023-03-03 21:00:00,f,f_0
15574,2023-03-03 22:00:00,f,f_0
15575,2023-03-03 23:00:00,g,g_0
15576,2023-03-04 00:00:00,b,b_1
15577,2023-03-04 01:00:00,b,b_1
15578,2023-03-04 02:00:00,b,b_1
15579,2023-03-04 03:00:00,b,b_1
15580,2023-03-04 04:00:00,b,b_1
15581,2023-03-04 05:00:00,b,b_1
15582,2023-03-04 06:00:00,b,b_1
15583,2023-03-04 07:00:00,c,c_1
15584,2023-03-04 08:00:00,c,c_1
15585,2023-03-04 09:00:00,c,c_1
15586,2023-03-04 10:00:00,c,c_1
15587,2023-03-04 11:00:00,c,c_1
15588,2023-03-04 12:00:00,c,c_1
15589,2023-03-04 13:00:00,c,c_1
15590,2023-03-04 14:00:00,f,f_0
15591,2023-03-04 15:00:00,h,h_1
15592,2023-03-04 16:00:00,h,h_1
15593,2023-03-04 17:00:00,d,d_1
15594,2023-03-04 18:00:00,d,d_1
15595,2023-03-04 19:00:00,d,d_1
15596,2023-03-04 20:00:00,d,d_1
15597,2023-03-04 21:00:00,d,d_1
15598,2023-03-04 22:00:00,d,d_1
15599,2023-03-04 23:00:00,d,d_1
15600,2023-03-05 00:00:00,d,d_1
15601,2023-03-05 01:00:00,g,g_1
15602,2023-03-05 02:00:00,g,g_1
15603,2023-03-05 03:00:00,b,b_1
15604,2023-03-05 04:00:00,b,b_1
15605,2023-03-05 05:00:00,b,b_1
15606,2023-03-05 06:00:00,b,b_1
15607,2023-03-05 07:00:00,b,b_1
15608,2023-03-05 08:00:00,b,b_1
15609,2023-03-05 09:00:00,b,b_1
15610,2023-03-05 10:00:00,c,c_0
15611,2023-03-05 11:00:00,a,a_1
15612,2023-03-05 12:00:00,a,a_1
15613,2023-03-05 13:00:00,a,a_1
15614,2023-03-05 14:00:00,a,a_1
15615,2023-03-05 15:00:00,a,a_1
15616,2023-03-05 16:00:00,a,a_1
15617,2023-03-05 17:00:00,a,a_1
15618,2023-03-05 18:00:00,c,c_1
15619,2023-03-05 19:00:00,c,c_1
15620,2023-03-05 20:00:00,c,c_1
15621,2023-03-05 21:00:00,c,c_1
15622,2023-03-05 22:00:00,c,c_1
15623,2023-03-05 23:00:00,c,c_1
15624,2023-03-06 00:00:00,c,c_1
15625,2023-03-06 01:00:00,c,c_1
15626,2023-03-06 02:00:00,h,h_1
15627,2023-03-06 03:00:00,h,h_1
15628,2023-03-06 04:00:00,b,b_1
15629,2023-03-06 05:00:00,b,b_1
15630,2023-03-06 06:00:00,b,b_1
15631,2023-03-06 07:00:00,b,b_1
15632,2023-03-06 08:00:00,b,b_1
15633,2023-03-06 09:00:00,b,b_1
15634,2023-03-06 10:00:00,b,b_1
15635,2023-03-06 11:00:00,b,b_1
15636,2023-03-06 12:00:00,d,d_1
15637,2023-03-06 13:00:00,d,d_1
15638,2023-03-06 14:00:00,d,d_1
15639,2023-03-06 15:00:00,d,d_1
15640,2023-03-06 16:00:00,d,d_1
15641,2023-03-06 17:00:00,d,d_1
15642,2023-03-06 18:00:00,d,d_1
15643,2023-03-06 19:00:00,b,b_0
15644,2023-03-06 20:00:00,g,g_1
15645,2023-03-06 21:00:00,g,g_1
15646,2023-03-06 22:00:00,c,c_1
15647,2023-03-06 23:00:00,c,c_1
15648,2023-03-07 00:00:00,c,c_1
15649,2023-03-07 01:00:00,c,c_1
15650,2023-03-07 02:00:00,c,c_1
15651,2023-03-07 03:00:00,c,c_1
15652,2023-03-07 04:00:00,c,c_1
15653,2023-03-07 05:00:00,c,c_1
15654,2023-03-07 06:00:00,h,h_0
15655,2023-03-07 07:00:00,g,g_0
15656,2023-03-07 08:00:00,e,e_0
15657,2023-03-07 09:00:00,e,e_0
15658,2023-03-07 10:00:00,f,f_0
15659,2023-03-07 11:00:00,f,f_0
15660,2023-03-07 12:00:00,a,a_0
15661,2023-03-07 13:00:00,a,a_0
15662,2023-03-07 14:00:00,c,c_0
15663,2023-03-07 15:00:00,c,c_0
15664,2023-03-07 16:00:00,b,b_0
15665,2023-03-07 17:00:00,f,f_1
15666,2023-03-07 18:00:00,f,f_1
15667,2023-03-07 19:00:00,f,f_1
15668,2023-03-07 20:00:00,f,f_1
15669,2023-03-07 21:00:00,f,f_1
15670,2023-03-07 22:00:00,f,f_1
15671,2023-03-07 23:00:00,f,f_1
15672,2023-03-08 00:00:00,f,f_1
15673,2023-03-08 01:00:00,b,b_0
15674,2023-03-08 02:00:00,b,b_0
15675,2023-03-08 03:00:00,d,d_1
15676,2023-03-08 04:00:00,d,d_1
15677,2023-03-08 05:00:00,d,d_1
15678,2023-03-08 06:00:00,d,d_1
15679,2023-03-08 07:00:00,d,d_1
15680,2023-03-08 08:00:00,d,d_1
15681,2023-03-08 09:00:00,d,d_1
15682,2023-03-08 10:00:00,d,d_1
15683,2023-03-08 11:00:00,h,h_0
15684,2023-03-08 12:00:00,f,f_0
15685,2023-03-08 13:00:00,d,d_0
15686,2023-03-08 14:00:00,d,d_0
15687,2023-03-08 15:00:00,c,c_0
15688,2023-03-08 16:00:00,f,f_1
15689,2023-03-08 17:00:00,f,f_1
15690,2023-03-08 18:00:00,f,f_1
15691,2023-03-08 19:00:00,f,f_1
15692,2023-03-08 20:00:00,f,f_1
15693,2023-03-08 21:00:00,f,f_1
15694,2023-03-08 22:00:00,f,f_1
15695,2023-03-08 23:00:00,f,f_1
15696,2023-03-09 00:00:00,b,b_0
15697,2023-03-09 01:00:00,b,b_0
15698,2023-03-09 02:00:00,c,c_1
15699,2023-03-09 03:00:00,c,c_1
15700,2023-03-09 04:00:00,c,c_1
15701,2023-03-09 05:00:00,c,c_1
15702,2023-03-09 06:00:00,c,c_1
15703,2023-03-09 07:00:00,c,c_1
15704,2023-03-09 08:00:00,c,c_1
15705,2023-03-09 09:00:00,c,c_1
15706,2023-03-09 10:00:00,g,g_0
15707,2023-03-09 11:00:00,d,d_0
15708,2023-03-09 12:00:00,d,d_0
15709,2023-03-09 13:00:00,h,h_0
15710,2023-03-09 14:00:00,c,c_0
15711,2023-03-09 15:00:00,b,b_1
15712,2023-03-09 16:00:00,b,b_1
15713,2023-03-09 17:00:00,b,b_1
15714,2023-03-09 18:00:00,b,b_1
15715,2023-03-09 19:00:00,b,b_1
15716,2023-03-09 20:00:00,b,b_1
15717,2023-03-09 21:00:00,b,b_1
15718,2023-03-09 22:00:00,b,b_1
15719,2023-03-09 23:00:00,a,a_0
15720,2023-03-10 00:00:00,d,d_0
15721,2023-03-10 01:00:00,h,h_1
15722,2023-03-10 02:00:00,h,h_1
15723,2023-03-10 03:00:00,b,b_0
15724,2023-03-10 04:00:00,b,b_0
15725,2023-03-10 05:00:00,a,a_1
15726,2023-03-10 06:00:00,a,a_1
15727,2023-03-10 07:00:00,a,a_1
15728,2023-03-10 08:00:00,a,a_1
15729,2023-03-10 09:00:00,a,a_1
15730,2023-03-10 10:00:00,a,a_1
15731,2023-03-10 11:00:00,a,a_1
15732,2023-03-10 12:00:00,e,e_1
15733,2023-03-10 13:00:00,e,e_1
15734,2023-03-10 14:00:00,e,e_1
15735,2023-03-10 15:00:00,e,e_1
15736,2023-03-10 16:00:00,e,e_1
15737,2023-03-10 17:00:00,e,e_1
15738,2023-03-10 18:00:00,e,e_1
15739,2023-03-10 19:00:00,e,e_1
15740,2023-03-10 20:00:00,c,c_1
15741,2023-03-10 21:00:00,c,c_1
15742,2023-03-10 22:00:00,c,c_1
15743,2023-03-10 23:00:00,c,c_1
15744,2023-03-11 00:00:00,c,c_1
15745,2023-03-11 01:00:00,c,c_1
15746,2023-03-11 02:00:00,c,c_1
15747,2023-03-11 03:00:00,h,h_1
15748,2023-03-11 04:00:00,h,h_1
15749,2023-03-11 05:00:00,b,b_1
15750,2023-03-11 06:00:00,b,b_1
15751,2023-03-11 07:00:00,b,b_1
15752,2023-03-11 08:00:00,b,b_1
15753,2023-03-11 09:00:00,b,b_1
15754,2023-03-11 10:00:00,b,b_1
15755,2023-03-11 11:00:00,b,b_1
15756,2023-03-11 12:00:00,d,d_0
15757,2023-03-11 13:00:00,c,c_1
15758,2023-03-11 14:00:00,c,c_1
15759,2023-03-11 15:00:00,c,c_1
15760,2023-03-11 16:00:00,c,c_1
15761,2023-03-11 17:00:00,c,c_1
15762,2023-03-11 18:00:00,c,c_1
15763,2023-03-11 19:00:00,c,c_1
15764,2023-03-11 20:00:00,b,b_1
15765,2023-03-11 21:00:00,b,b_1
15766,2023-03-11 22:00:00,b,b_1
15767,2023-03-11 23:00:00,b,b_1
15768,2023-03-12 00:00:00,b,b_1
15769,2023-03-12 01:00:00,b,b_1
15770,2023-03-12 02:00:00,b,b_1
15771,2023-03-12 03:00:00,b,b_1
15772,2023-03-12 04:00:00,e,e_1
15773,2023-03-12 05:00:00,e,e_1
15774,2023-03-12 06:00:00,e,e_1
15775,2023-03-12 07:00:00,e,e_1
15776,2023-03-12 08:00:00,e,e_1
15777,2023-03-12 09:00:00,e,e_1
15778,2023-03-12 10:00:00,e,e_1
15779,2023-03-12 11:00:00,e,e_1
15780,2023-03-12 12:00:00,f,f_1
15781,2023-03-12 13:00:00,f,f_1
15782,2023-03-12 14:00:00,f,f_1
15783,2023-03-12 15:00:00,f,f_1
15784,2023-03-12 16:00:00,f,f_1
15785,2023-03-12 17:00:00,f,f_1
15786,2023-03-12 18:00:00,f,f_1
15787,2023-03-12 19:00:00,f,f_1
15788,2023-03-12 20:00:00,a,a_0
15789,2023-03-12 21:00:00,c,c_1
15790,2023-03-12 22:00:00,c,c_1
15791,2023-03-12 23:00:00,c,c_1
15792,2023-03-13 00:00:00,c,c_1
15793,2023-03-13 01:00:00,c,c_1
15794,2023-03-13 02:00:00,c,c_1
15795,2023-03-13 03:00:00,c,c_1
15796,2023-03-13 04:00:00,c,c_1
15797,2023-03-13 05:00:00,b,b_1
15798,2023-03-13 06:00:00,b,b_1
15799,2023-03-13 07:00:00,b,b_1
15800,2023-03-13 08:00:00,b,b_1
15801,2023-03-13 09:00:00,b,b_1
15802,2023-03-13 10:00:00,b,b_1
15803,2023-03-13 11:00:00,b,b_1
15804,2023-03-13 12:00:00,d,d_1
15805,2023-03-13 13:00:00,d,d_1
15806,2023-03-13 14:00:00,d,d_1
15807,2023-03-13 15:00:00,d,d_1
15808,2023-03-13 16:00:00,d,d_1
15809,2023-03-13 17:00:00,d,d_1
15810,2023-03-13 18:00:00,d,d_1
15811,2023-03-13 19:00:00,d,d_1
15812,2023-03-13 20:00:00,f,f_0
15813,2023-03-13 21:00:00,h,h_0
15814,2023-03-13 22:00:00,g,g_0
15815,2023-03-13 23:00:00,d,d_1
15816,2023-03-14 00:00:00,d,d_1
15817,2023-03-14 01:00:00,d,d_1
15818,2023-03-14 02:00:00,d,d_1
15819,2023-03-14 03:00:00,d,d_1
15820,2023-03-14 04:00:00,d,d_1
15821,2023-03-14 05:00:00,d,d_1
15822,2023-03-14 06:00:00,g,g_1
15823,2023-03-14 07:00:00,g,g_1
15824,2023-03-14 08:00:00,f,f_0
15825,2023-03-14 09:00:00,d,d_0
15826,2023-03-14 10:00:00,d,d_0
15827,2023-03-14 11:00:00,e,e_1
15828,2023-03-14 12:00:00,e,e_1
15829,2023-03-14 13:00:00,e,e_1
15830,2023-03-14 14:00:00,e,e_1
15831,2023-03-14 15:00:00,e,e_1
15832,2023-03-14 16:00:00,e,e_1
15833,2023-03-14 17:00:00,e,e_1
15834,2023-03-14 18:00:00,e,e_1
15835,2023-03-14 19:00:00,h,h_1
15836,2023-03-14 20:00:00,h,h_1
15837,2023-03-14 21:00:00,b,b_1
15838,2023-03-14 22:00:00,b,b_1
15839,2023-03-14 23:00:00,b,b_1
15840,2023-03-15 00:00:00,b,b_1
15841,2023-03-15 01:00:00,b,b_1
15842,2023-03-15 02:00:00,b,b_1
15843,2023-03-15 03:00:00,b,b_1
15844,2023-03-15 04:00:00,b,b_1
15845,2023-03-15 05:00:00,c,c_1
15846,2023-03-15 06:00:00,c,c_1
15847,2023-03-15 07:00:00,c,c_1
15848,2023-03-15 08:00:00,c,c_1
15849,2023-03-15 09:00:00,c,c_1
15850,2023-03-15 10:00:00,c,c_1
15851,2023-03-15 11:00:00,c,c_1
15852,2023-03-15 12:00:00,a,a_1
15853,2023-03-15 13:00:00,a,a_1
15854,2023-03-15 14:00:00,a,a_1
15855,2023-03-15 15:00:00,a,a_1
15856,2023-03-15 16:00:00,a,a_1
15857,2023-03-15 17:00:00,a,a_1
15858,2023-03-15 18:00:00,a,a_1
15859,2023-03-15 19:00:00,c,c_1
15860,2023-03-15 20:00:00,c,c_1
15861,2023-03-15 21:00:00,c,c_1
15862,2023-03-15 22:00:00,c,c_1
15863,2023-03-15 23:00:00,c,c_1
15864,2023-03-16 00:00:00,c,c_1
15865,2023-03-16 01:00:00,c,c_1
15866,2023-03-16 02:00:00,h,h_0
15867,2023-03-16 03:00:00,f,f_0
15868,2023-03-16 04:00:00,f,f_0
15869,2023-03-16 05:00:00,b,b_1
15870,2023-03-16 06:00:00,b,b_1
15871,2023-03-16 07:00:00,b,b_1
15872,2023-03-16 08:00:00,b,b_1
15873,2023-03-16 09:00:00,b,b_1
15874,2023-03-16 10:00:00,b,b_1
15875,2023-03-16 11:00:00,b,b_1
15876,2023-03-16 12:00:00,b,b_1
15877,2023-03-16 13:00:00,a,a_1
15878,2023-03-16 14:00:00,a,a_1
15879,2023-03-16 15:00:00,a,a_1
15880,2023-03-16 16:00:00,a,a_1
15881,2023-03-16 17:00:00,a,a_1
15882,2023-03-16 18:00:00,a,a_1
15883,2023-03-16 19:00:00,a,a_1
15884,2023-03-16 20:00:00,d,d_0
15885,2023-03-16 21:00:00,d,d_0
15886,2023-03-16 22:00:00,f,f_0
15887,2023-03-16 23:00:00,f,f_0
15888,2023-03-17 00:00:00,e,e_0
15889,2023-03-17 01:00:00,b,b_1
15890,2023-03-17 02:00:00,b,b_1
15891,2023-03-17 03:00:00,b,b_1
15892,2023-03-17 04:00:00,b,b_1
15893,2023-03-17 05:00:00,b,b_1
15894,2023-03-17 06:00:00,b,b_1
15895,2023-03-17 07:00:00,b,b_1
15896,2023-03-17 08:00:00,g,g_0
15897,2023-03-17 09:00:00,f,f_0
15898,2023-03-17 10:00:00,f,f_0
15899,2023-03-17 11:00:00,h,h_1
15900,2023-03-17 12:00:00,h,h_1
15901,2023-03-17 13:00:00,g,g_1
15902,2023-03-17 14:00:00,g,g_1
15903,2023-03-17 15:00:00,a,a_1
15904,2023-03-17 16:00:00,a,a_1
15905,2023-03-17 17:00:00,a,a_1
15906,2023-03-17 18:00:00,a,a_1
15907,2023-03-17 19:00:00,a,a_1
15908,2023-03-17 20:00:00,a,a_1
15909,2023-03-17 21:00:00,a,a_1
15910,2023-03-17 22:00:00,h,h_1
15911,2023-03-17 23:00:00,h,h_1
15912,2023-03-18 00:00:00,b,b_1
15913,2023-03-18 01:00:00,b,b_1
15914,2023-03-18 02:00:00,b,b_1
15915,2023-03-18 03:00:00,b,b_1
15916,2023-03-18 04:00:00,b,b_1
15917,2023-03-18 05:00:00,b,b_1
15918,2023-03-18 06:00:00,b,b_1
15919,2023-03-18 07:00:00,g,g_0
15920,2023-03-18 08:00:00,d,d_1
15921,2023-03-18 09:00:00,d,d_1
15922,2023-03-18 10:00:00,d,d_1
15923,2023-03-18 11:00:00,d,d_1
15924,2023-03-18 12:00:00,d,d_1
15925,2023-03-18 13:00:00,d,d_1
15926,2023-03-18 14:00:00,d,d_1
15927,2023-03-18 15:00:00,c,c_0
15928,2023-03-18 16:00:00,c,c_0
15929,2023-03-18 17:00:00,d,d_1
15930,2023-03-18 18:00:00,d,d_1
15931,2023-03-18 19:00:00,d,d_1
15932,2023-03-18 20:00:00,d,d_1
15933,2023-03-18 21:00:00,d,d_1
15934,2023-03-18 22:00:00,d,d_1
15935,2023-03-18 23:00:00,d,d_1
15936,2023-03-19 00:00:00,e,e_0
15937,2023-03-19 01:00:00,e,e_0
15938,2023-03-19 02:00:00,d,d_1
15939,2023-03-19 03:00:00,d,d_1
15940,2023-03-19 04:00:00,d,d_1
15941,2023-03-19 05:00:00,d,d_1
15942,2023-03-19 06:00:00,d,d_1
15943,2023-03-19 07:00:00,d,d_1
15944,2023-03-19 08:00:00,d,d_1
15945,2023-03-19 09:00:00,g,g_1
15946,2023-03-19 10:00:00,g,g_1
15947,2023-03-19 11:00:00,h,h_1
15948,2023-03-19 12:00:00,h,h_1
15949,2023-03-19 13:00:00,b,b_1
15950,2023-03-19 14:00:00,b,b_1
15951,2023-03-19 15:00:00,b,b_1
15952,2023-03-19 16:00:00,b,b_1
15953,2023-03-19 17:00:00,b,b_1
15954,2023-03-19 18:00:00,b,b_1
15955,2023-03-19 19:00:00,b,b_1
15956,2023-03-19 20:00:00,d,d_1
15957,2023-03-19 21:00:00,d,d_1
15958,2023-03-19 22:00:00,d,d_1
15959,2023-03-19 23:00:00,d,d_1
15960,2023-03-20 00:00:00,d,d_1
15961,2023-03-20 01:00:00,d,d_1
15962,2023-03-20 02:00:00,d,d_1
15963,2023-03-20 03:00:00,d,d_1
15964,2023-03-20 04:00:00,a,a_1
15965,2023-03-20 05:00:00,a,a_1
15966,2023-03-20 06:00:00,a,a_1
15967,2023-03-20 07:00:00,a,a_1
15968,2023-03-20 08:00:00,a,a_1
15969,2023-03-20 09:00:00,a,a_1
15970,2023-03-20 10:00:00,a,a_1
15971,2023-03-20 11:00:00,g,g_1
15972,2023-03-20 12:00:00,g,g_1
15973,2023-03-20 13:00:00,c,c_1
15974,2023-03-20 14:00:00,c,c_1
15975,2023-03-20 15:00:00,c,c_1
15976,2023-03-20 16:00:00,c,c_1
15977,2023-03-20 17:00:00,c,c_1
15978,2023-03-20 18:00:00,c,c_1
15979,2023-03-20 19:00:00,c,c_1
15980,2023-03-20 20:00:00,c,c_1
15981,2023-03-20 21:00:00,d,d_0
15982,2023-03-20 22:00:00,b,b_1
15983,2023-03-20 23:00:00,b,b_1
15984,2023-03-21 00:00:00,b,b_1
15985,2023-03-21 01:00:00,b,b_1
15986,2023-03-21 02:00:00,b,b_1
15987,2023-03-21 03:00:00,b,b_1
15988,2023-03-21 04:00:00,b,b_1
15989,2023-03-21 05:00:00,b,b_1
15990,2023-03-21 06:00:00,h,h_1
15991,2023-03-21 07:00:00,h,h_1
15992,2023-03-21 08:00:00,g,g_1
15993,2023-03-21 09:00:00,g,g_1
15994,2023-03-21 10:00:00,e,e_1
15995,2023-03-21 11:00:00,e,e_1
15996,2023-03-21 12:00:00,e,e_1
15997,2023-03-21 13:00:00,e,e_1
15998,2023-03-21 14:00:00,e,e_1
15999,2023-03-21 15:00:00,e,e_1
16000,2023-03-21 16:00:00,e,e_1
16001,2023-03-21 17:00:00,b,b_1
16002,2023-03-21 18:00:00,b,b_1
16003,2023-03-21 19:00:00,b,b_1
16004,2023-03-21 20:00:00,b,b_1
16005,2023-03-21 21:00:00,b,b_1
16006,2023-03-21 22:00:00,b,b_1
16007,2023-03-21 23:00:00,b,b_1
16008,2023-03-22 00:00:00,d,d_0
16009,2023-03-22 01:00:00,d,d_0
16010,2023-03-22 02:00:00,a,a_1
16011,2023-03-22 03:00:00,a,a_1
16012,2023-03-22 04:00:00,a,a_1
16013,2023-03-22 05:00:00,a,a_1
16014,2023-03-22 06:00:00,a,a_1
16015,2023-03-22 07:00:00,a,a_1
16016,2023-03-22 08:00:00,a,a_1
16017,2023-03-22 09:00:00,f,f_1
16018,2023-03-22 10:00:00,f,f_1
16019,2023-03-22 11:00:00,f,f_1
16020,2023-03-22 12:00:00,f,f_1
16021,2023-03-22 13:00:00,f,f_1
16022,2023-03-22 14:00:00,f,f_1
16023,2023-03-22 15:00:00,f,f_1
16024,2023-03-22 16:00:00,f,f_1
16025,2023-03-22 17:00:00,c,c_1
16026,2023-03-22 18:00:00,c,c_1
16027,2023-03-22 19:00:00,c,c_1
16028,2023-03-22 20:00:00,c,c_1
16029,2023-03-22 21:00:00,c,c_1
16030,2023-03-22 22:00:00,c,c_1
16031,2023-03-22 23:00:00,c,c_1
16032,2023-03-23 00:00:00,c,c_1
16033,2023-03-23 01:00:00,d,d_0
16034,2023-03-23 02:00:00,d,d_0
16035,2023-03-23 03:00:00,a,a_1
16036,2023-03-23 04:00:00,a,a_1
16037,2023-03-23 05:00:00,a,a_1
16038,2023-03-23 06:00:00,a,a_1
16039,2023-03-23 07:00:00,a,a_1
16040,2023-03-23 08:00:00,a,a_1
16041,2023-03-23 09:00:00,a,a_1
16042,2023-03-23 10:00:00,a,a_1
16043,2023-03-23 11:00:00,h,h_1
16044,2023-03-23 12:00:00,h,h_1
16045,2023-03-23 13:00:00,d,d_0
16046,2023-03-23 14:00:00,d,d_0
16047,2023-03-23 15:00:00,e,e_1
16048,2023-03-23 16:00:00,e,e_1
16049,2023-03-23 17:00:00,e,e_1
16050,2023-03-23 18:00:00,e,e_1
16051,2023-03-23 19:00:00,e,e_1
16052,2023-03-23 20:00:00,e,e_1
16053,2023-03-23 21:00:00,e,e_1
16054,2023-03-23 22:00:00,d,d_0
16055,2023-03-23 23:00:00,d,d_0
16056,2023-03-24 00:00:00,b,b_1
16057,2023-03-24 01:00:00,b,b_1
16058,2023-03-24 02:00:00,b,b_1
16059,2023-03-24 03:00:00,b,b_1
16060,2023-03-24 04:00:00,b,b_1
16061,2023-03-24 05:00:00,b,b_1
16062,2023-03-24 06:00:00,b,b_1
16063,2023-03-24 07:00:00,a,a_0
16064,2023-03-24 08:00:00,e,e_1
16065,2023-03-24 09:00:00,e,e_1
16066,2023-03-24 10:00:00,e,e_1
16067,2023-03-24 11:00:00,e,e_1
16068,2023-03-24 12:00:00,e,e_1
16069,2023-03-24 13:00:00,e,e_1
16070,2023-03-24 14:00:00,e,e_1
16071,2023-03-24 15:00:00,d,d_1
16072,2023-03-24 16:00:00,d,d_1
16073,2023-03-24 17:00:00,d,d_1
16074,2023-03-24 18:00:00,d,d_1
16075,2023-03-24 19:00:00,d,d_1
16076,2023-03-24 20:00:00,d,d_1
16077,2023-03-24 21:00:00,d,d_1
16078,2023-03-24 22:00:00,f,f_1
16079,2023-03-24 23:00:00,f,f_1
16080,2023-03-25 00:00:00,f,f_1
16081,2023-03-25 01:00:00,f,f_1
16082,2023-03-25 02:00:00,f,f_1
16083,2023-03-25 03:00:00,f,f_1
16084,2023-03-25 04:00:00,f,f_1
16085,2023-03-25 05:00:00,g,g_0
16086,2023-03-25 06:00:00,c,c_1
16087,2023-03-25 07:00:00,c,c_1
16088,2023-03-25 08:00:00,c,c_1
16089,2023-03-25 09:00:00,c,c_1
16090,2023-03-25 10:00:00,c,c_1
16091,2023-03-25 11:00:00,c,c_1
16092,2023-03-25 12:00:00,c,c_1
16093,2023-03-25 13:00:00,c,c_1
16094,2023-03-25 14:00:00,b,b_0
16095,2023-03-25 15:00:00,f,f_0
16096,2023-03-25 16:00:00,b,b_1
16097,2023-03-25 17:00:00,b,b_1
16098,2023-03-25 18:00:00,b,b_1
16099,2023-03-25 19:00:00,b,b_1
16100,2023-03-25 20:00:00,b,b_1
16101,2023-03-25 21:00:00,b,b_1
16102,2023-03-25 22:00:00,b,b_1
16103,2023-03-25 23:00:00,c,c_0
16104,2023-03-26 00:00:00,c,c_0
16105,2023-03-26 01:00:00,a,a_0
16106,2023-03-26 02:00:00,c,c_1
16107,2023-03-26 03:00:00,c,c_1
16108,2023-03-26 04:00:00,c,c_1
16109,2023-03-26 05:00:00,c,c_1
16110,2023-03-26 06:00:00,c,c_1
16111,2023-03-26 07:00:00,c,c_1
16112,2023-03-26 08:00:00,c,c_1
16113,2023-03-26 09:00:00,c,c_1
16114,2023-03-26 10:00:00,b,b_1
16115,2023-03-26 11:00:00,b,b_1
16116,2023-03-26 12:00:00,b,b_1
16117,2023-03-26 13:00:00,b,b_1
16118,2023-03-26 14:00:00,b,b_1
16119,2023-03-26 15:00:00,b,b_1
16120,2023-03-26 16:00:00,b,b_1
16121,2023-03-26 17:00:00,d,d_0
16122,2023-03-26 18:00:00,e,e_1
16123,2023-03-26 19:00:00,e,e_1
16124,2023-03-26 20:00:00,e,e_1
16125,2023-03-26 21:00:00,e,e_1
16126,2023-03-26 22:00:00,e,e_1
16127,2023-03-26 23:00:00,e,e_1
16128,2023-03-27 00:00:00,e,e_1
16129,2023-03-27 01:00:00,a,a_0
16130,2023-03-27 02:00:00,a,a_0
16131,2023-03-27 03:00:00,c,c_1
16132,2023-03-27 04:00:00,c,c_1
16133,2023-03-27 05:00:00,c,c_1
16134,2023-03-27 06:00:00,c,c_1
16135,2023-03-27 07:00:00,c,c_1
16136,2023-03-27 08:00:00,c,c_1
16137,2023-03-27 09:00:00,c,c_1
16138,2023-03-27 10:00:00,c,c_1
16139,2023-03-27 11:00:00,e,e_1
16140,2023-03-27 12:00:00,e,e_1
16141,2023-03-27 13:00:00,e,e_1
16142,2023-03-27 14:00:00,e,e_1
16143,2023-03-27 15:00:00,e,e_1
16144,2023-03-27 16:00:00,e,e_1
16145,2023-03-27 17:00:00,e,e_1
16146,2023-03-27 18:00:00,d,d_0
16147,2023-03-27 19:00:00,f,f_1
16148,2023-03-27 20:00:00,f,f_1
16149,2023-03-27 21:00:00,f,f_1
16150,2023-03-27 22:00:00,f,f_1
16151,2023-03-27 23:00:00,f,f_1
16152,2023-03-28 00:00:00,f,f_1
16153,2023-03-28 01:00:00,f,f_1
16154,2023-03-28 02:00:00,a,a_0
16155,2023-03-28 03:00:00,d,d_0
16156,2023-03-28 04:00:00,e,e_1
16157,2023-03-28 05:00:00,e,e_1
16158,2023-03-28 06:00:00,e,e_1
16159,2023-03-28 07:00:00,e,e_1
16160,2023-03-28 08:00:00,e,e_1
16161,2023-03-28 09:00:00,e,e_1
16162,2023-03-28 10:00:00,e,e_1
16163,2023-03-28 11:00:00,e,e_1
16164,2023-03-28 12:00:00,b,b_1
16165,2023-03-28 13:00:00,b,b_1
16166,2023-03-28 14:00:00,b,b_1
16167,2023-03-28 15:00:00,b,b_1
16168,2023-03-28 16:00:00,b,b_1
16169,2023-03-28 17:00:00,b,b_1
16170,2023-03-28 18:00:00,b,b_1
16171,2023-03-28 19:00:00,b,b_1
16172,2023-03-28 20:00:00,c,c_1
16173,2023-03-28 21:00:00,c,c_1
16174,2023-03-28 22:00:00,c,c_1
16175,2023-03-28 23:00:00,c,c_1
16176,2023-03-29 00:00:00,c,c_1
16177,2023-03-29 01:00:00,c,c_1
16178,2023-03-29 02:00:00,c,c_1
16179,2023-03-29 03:00:00,c,c_1
16180,2023-03-29 04:00:00,f,f_1
16181,2023-03-29 05:00:00,f,f_1
16182,2023-03-29 06:00:00,f,f_1
16183,2023-03-29 07:00:00,f,f_1
16184,2023-03-29 08:00:00,f,f_1
16185,2023-03-29 09:00:00,f,f_1
16186,2023-03-29 10:00:00,f,f_1
16187,2023-03-29 11:00:00,b,b_0
16188,2023-03-29 12:00:00,b,b_0
16189,2023-03-29 13:00:00,c,c_0
16190,2023-03-29 14:00:00,g,g_0
16191,2023-03-29 15:00:00,d,d_0
16192,2023-03-29 16:00:00,d,d_0
16193,2023-03-29 17:00:00,h,h_1
16194,2023-03-29 18:00:00,h,h_1
16195,2023-03-29 19:00:00,a,a_0
16196,2023-03-29 20:00:00,a,a_0
16197,2023-03-29 21:00:00,d,d_1
16198,2023-03-29 22:00:00,d,d_1
16199,2023-03-29 23:00:00,d,d_1
16200,2023-03-30 00:00:00,d,d_1
16201,2023-03-30 01:00:00,d,d_1
16202,2023-03-30 02:00:00,d,d_1
16203,2023-03-30 03:00:00,d,d_1
16204,2023-03-30 04:00:00,e,e_1
16205,2023-03-30 05:00:00,e,e_1
16206,2023-03-30 06:00:00,e,e_1
16207,2023-03-30 07:00:00,e,e_1
16208,2023-03-30 08:00:00,e,e_1
16209,2023-03-30 09:00:00,e,e_1
16210,2023-03-30 10:00:00,e,e_1
16211,2023-03-30 11:00:00,e,e_1
16212,2023-03-30 12:00:00,g,g_1
16213,2023-03-30 13:00:00,g,g_1
16214,2023-03-30 14:00:00,b,b_0
16215,2023-03-30 15:00:00,h,h_1
16216,2023-03-30 16:00:00,h,h_1
16217,2023-03-30 17:00:00,f,f_1
16218,2023-03-30 18:00:00,f,f_1
16219,2023-03-30 19:00:00,f,f_1
16220,2023-03-30 20:00:00,f,f_1
16221,2023-03-30 21:00:00,f,f_1
16222,2023-03-30 22:00:00,f,f_1
16223,2023-03-30 23:00:00,f,f_1
16224,2023-03-31 00:00:00,f,f_1
16225,2023-03-31 01:00:00,e,e_1
16226,2023-03-31 02:00:00,e,e_1
16227,2023-03-31 03:00:00,e,e_1
16228,2023-03-31 04:00:00,e,e_1
16229,2023-03-31 05:00:00,e,e_1
16230,2023-03-31 06:00:00,e,e_1
16231,2023-03-31 07:00:00,e,e_1
16232,2023-03-31 08:00:00,e,e_1
16233,2023-03-31 09:00:00,c,c_0
16234,2023-03-31 10:00:00,f,f_1
16235,2023-03-31 11:00:00,f,f_1
16236,2023-03-31 12:00:00,f,f_1
16237,2023-03-31 13:00:00,f,f_1
16238,2023-03-31 14:00:00,f,f_1
16239,2023-03-31 15:00:00,f,f_1
16240,2023-03-31 16:00:00,f,f_1
16241,2023-03-31 17:00:00,h,h_0
16242,2023-03-31 18:00:00,d,d_0
16243,2023-03-31 19:00:00,c,c_1
16244,2023-03-31 20:00:00,c,c_1
16245,2023-03-31 21:00:00,c,c_1
16246,2023-03-31 22:00:00,c,c_1
16247,2023-03-31 23:00:00,c,c_1
16248,2023-04-01 00:00:00,c,c_1
16249,2023-04-01 01:00:00,c,c_1
16250,2023-04-01 02:00:00,c,c_1
16251,2023-04-01 03:00:00,d,d_0
16252,2023-04-01 04:00:00,d,d_0
16253,2023-04-01 05:00:00,h,h_0
16254,2023-04-01 06:00:00,g,g_1
16255,2023-04-01 07:00:00,g,g_1
16256,2023-04-01 08:00:00,b,b_0
16257,2023-04-01 09:00:00,b,b_0
16258,2023-04-01 10:00:00,f,f_0
16259,2023-04-01 11:00:00,f,f_0
16260,2023-04-01 12:00:00,g,g_0
16261,2023-04-01 13:00:00,h,h_1
16262,2023-04-01 14:00:00,h,h_1
16263,2023-04-01 15:00:00,d,d_1
16264,2023-04-01 16:00:00,d,d_1
16265,2023-04-01 17:00:00,d,d_1
16266,2023-04-01 18:00:00,d,d_1
16267,2023-04-01 19:00:00,d,d_1
16268,2023-04-01 20:00:00,d,d_1
16269,2023-04-01 21:00:00,d,d_1
16270,2023-04-01 22:00:00,d,d_1
16271,2023-04-01 23:00:00,g,g_0
16272,2023-04-02 00:00:00,a,a_1
16273,2023-04-02 01:00:00,a,a_1
16274,2023-04-02 02:00:00,a,a_1
16275,2023-04-02 03:00:00,a,a_1
16276,2023-04-02 04:00:00,a,a_1
16277,2023-04-02 05:00:00,a,a_1
16278,2023-04-02 06:00:00,a,a_1
16279,2023-04-02 07:00:00,a,a_1
16280,2023-04-02 08:00:00,e,e_1
16281,2023-04-02 09:00:00,e,e_1
16282,2023-04-02 10:00:00,e,e_1
16283,2023-04-02 11:00:00,e,e_1
16284,2023-04-02 12:00:00,e,e_1
16285,2023-04-02 13:00:00,e,e_1
16286,2023-04-02 14:00:00,e,e_1
16287,2023-04-02 15:00:00,b,b_0
16288,2023-04-02 16:00:00,b,b_0
16289,2023-04-02 17:00:00,h,h_0
16290,2023-04-02 18:00:00,f,f_1
16291,2023-04-02 19:00:00,f,f_1
16292,2023-04-02 20:00:00,f,f_1
16293,2023-04-02 21:00:00,f,f_1
16294,2023-04-02 22:00:00,f,f_1
16295,2023-04-02 23:00:00,f,f_1
16296,2023-04-03 00:00:00,f,f_1
16297,2023-04-03 01:00:00,h,h_1
16298,2023-04-03 02:00:00,h,h_1
16299,2023-04-03 03:00:00,d,d_0
16300,2023-04-03 04:00:00,d,d_0
16301,2023-04-03 05:00:00,h,h_1
16302,2023-04-03 06:00:00,h,h_1
16303,2023-04-03 07:00:00,c,c_0
16304,2023-04-03 08:00:00,c,c_0
16305,2023-04-03 09:00:00,d,d_0
16306,2023-04-03 10:00:00,b,b_1
16307,2023-04-03 11:00:00,b,b_1
16308,2023-04-03 12:00:00,b,b_1
16309,2023-04-03 13:00:00,b,b_1
16310,2023-04-03 14:00:00,b,b_1
16311,2023-04-03 15:00:00,b,b_1
16312,2023-04-03 16:00:00,b,b_1
16313,2023-04-03 17:00:00,c,c_1
16314,2023-04-03 18:00:00,c,c_1
16315,2023-04-03 19:00:00,c,c_1
16316,2023-04-03 20:00:00,c,c_1
16317,2023-04-03 21:00:00,c,c_1
16318,2023-04-03 22:00:00,c,c_1
16319,2023-04-03 23:00:00,c,c_1
16320,2023-04-04 00:00:00,c,c_1
16321,2023-04-04 01:00:00,g,g_1
16322,2023-04-04 02:00:00,g,g_1
16323,2023-04-04 03:00:00,h,h_1
16324,2023-04-04 04:00:00,h,h_1
16325,2023-04-04 05:00:00,e,e_1
16326,2023-04-04 06:00:00,e,e_1
16327,2023-04-04 07:00:00,e,e_1
16328,2023-04-04 08:00:00,e,e_1
16329,2023-04-04 09:00:00,e,e_1
16330,2023-04-04 10:00:00,e,e_1
16331,2023-04-04 11:00:00,e,e_1
16332,2023-04-04 12:00:00,e,e_1
16333,2023-04-04 13:00:00,a,a_1
16334,2023-04-04 14:00:00,a,a_1
16335,2023-04-04 15:00:00,a,a_1
16336,2023-04-04 16:00:00,a,a_1
16337,2023-04-04 17:00:00,a,a_1
16338,2023-04-04 18:00:00,a,a_1
16339,2023-04-04 19:00:00,a,a_1
16340,2023-04-04 20:00:00,d,d_1
16341,2023-04-04 21:00:00,d,d_1
16342,2023-04-04 22:00:00,d,d_1
16343,2023-04-04 23:00:00,d,d_1
16344,2023-04-05 00:00:00,d,d_1
16345,2023-04-05 01:00:00,d,d_1
16346,2023-04-05 02:00:00,d,d_1
16347,2023-04-05 03:00:00,h,h_0
16348,2023-04-05 04:00:00,f,f_1
16349,2023-04-05 05:00:00,f,f_1
16350,2023-04-05 06:00:00,f,f_1
16351,2023-04-05 07:00:00,f,f_1
16352,2023-04-05 08:00:00,f,f_1
16353,2023-04-05 09:00:00,f,f_1
16354,2023-04-05 10:00:00,f,f_1
16355,2023-04-05 11:00:00,f,f_1
16356,2023-04-05 12:00:00,c,c_0
16357,2023-04-05 13:00:00,g,g_1
16358,2023-04-05 14:00:00,g,g_1
16359,2023-04-05 15:00:00,a,a_1
16360,2023-04-05 16:00:00,a,a_1
16361,2023-04-05 17:00:00,a,a_1
16362,2023-04-05 18:00:00,a,a_1
16363,2023-04-05 19:00:00,a,a_1
16364,2023-04-05 20:00:00,a,a_1
16365,2023-04-05 21:00:00,a,a_1
16366,2023-04-05 22:00:00,h,h_1
16367,2023-04-05 23:00:00,h,h_1
16368,2023-04-06 00:00:00,d,d_1
16369,2023-04-06 01:00:00,d,d_1
16370,2023-04-06 02:00:00,d,d_1
16371,2023-04-06 03:00:00,d,d_1
16372,2023-04-06 04:00:00,d,d_1
16373,2023-04-06 05:00:00,d,d_1
16374,2023-04-06 06:00:00,d,d_1
16375,2023-04-06 07:00:00,d,d_1
16376,2023-04-06 08:00:00,e,e_0
16377,2023-04-06 09:00:00,e,e_0
16378,2023-04-06 10:00:00,b,b_0
16379,2023-04-06 11:00:00,b,b_0
16380,2023-04-06 12:00:00,c,c_0
16381,2023-04-06 13:00:00,f,f_0
16382,2023-04-06 14:00:00,f,f_0
16383,2023-04-06 15:00:00,g,g_0
16384,2023-04-06 16:00:00,d,d_1
16385,2023-04-06 17:00:00,d,d_1
16386,2023-04-06 18:00:00,d,d_1
16387,2023-04-06 19:00:00,d,d_1
16388,2023-04-06 20:00:00,d,d_1
16389,2023-04-06 21:00:00,d,d_1
16390,2023-04-06 22:00:00,d,d_1
16391,2023-04-06 23:00:00,d,d_1
16392,2023-04-07 00:00:00,c,c_0
16393,2023-04-07 01:00:00,c,c_0
16394,2023-04-07 02:00:00,e,e_0
16395,2023-04-07 03:00:00,e,e_0
16396,2023-04-07 04:00:00,a,a_0
16397,2023-04-07 05:00:00,g,g_0
16398,2023-04-07 06:00:00,h,h_0
16399,2023-04-07 07:00:00,d,d_1
16400,2023-04-07 08:00:00,d,d_1
16401,2023-04-07 09:00:00,d,d_1
16402,2023-04-07 10:00:00,d,d_1
16403,2023-04-07 11:00:00,d,d_1
16404,2023-04-07 12:00:00,d,d_1
16405,2023-04-07 13:00:00,d,d_1
16406,2023-04-07 14:00:00,d,d_1
16407,2023-04-07 15:00:00,h,h_0
16408,2023-04-07 16:00:00,f,f_0
16409,2023-04-07 17:00:00,f,f_0
16410,2023-04-07 18:00:00,g,g_1
16411,2023-04-07 19:00:00,g,g_1
16412,2023-04-07 20:00:00,b,b_0
16413,2023-04-07 21:00:00,a,a_0
16414,2023-04-07 22:00:00,d,d_0
16415,2023-04-07 23:00:00,d,d_0
16416,2023-04-08 00:00:00,b,b_0
16417,2023-04-08 01:00:00,b,b_0
16418,2023-04-08 02:00:00,c,c_0
16419,2023-04-08 03:00:00,g,g_0
16420,2023-04-08 04:00:00,a,a_1
16421,2023-04-08 05:00:00,a,a_1
16422,2023-04-08 06:00:00,a,a_1
16423,2023-04-08 07:00:00,a,a_1
16424,2023-04-08 08:00:00,a,a_1
16425,2023-04-08 09:00:00,a,a_1
16426,2023-04-08 10:00:00,a,a_1
16427,2023-04-08 11:00:00,h,h_1
16428,2023-04-08 12:00:00,h,h_1
16429,2023-04-08 13:00:00,b,b_0
16430,2023-04-08 14:00:00,b,b_0
16431,2023-04-08 15:00:00,g,g_0
16432,2023-04-08 16:00:00,b,b_1
16433,2023-04-08 17:00:00,b,b_1
16434,2023-04-08 18:00:00,b,b_1
16435,2023-04-08 19:00:00,b,b_1
16436,2023-04-08 20:00:00,b,b_1
16437,2023-04-08 21:00:00,b,b_1
16438,2023-04-08 22:00:00,b,b_1
16439,2023-04-08 23:00:00,b,b_1
16440,2023-04-09 00:00:00,c,c_1
16441,2023-04-09 01:00:00,c,c_1
16442,2023-04-09 02:00:00,c,c_1
16443,2023-04-09 03:00:00,c,c_1
16444,2023-04-09 04:00:00,c,c_1
16445,2023-04-09 05:00:00,c,c_1
16446,2023-04-09 06:00:00,c,c_1
16447,2023-04-09 07:00:00,f,f_1
16448,2023-04-09 08:00:00,f,f_1
16449,2023-04-09 09:00:00,f,f_1
16450,2023-04-09 10:00:00,f,f_1
16451,2023-04-09 11:00:00,f,f_1
16452,2023-04-09 12:00:00,f,f_1
16453,2023-04-09 13:00:00,f,f_1
16454,2023-04-09 14:00:00,h,h_1
16455,2023-04-09 15:00:00,h,h_1
16456,2023-04-09 16:00:00,b,b_1
16457,2023-04-09 17:00:00,b,b_1
16458,2023-04-09 18:00:00,b,b_1
16459,2023-04-09 19:00:00,b,b_1
16460,2023-04-09 20:00:00,b,b_1
16461,2023-04-09 21:00:00,b,b_1
16462,2023-04-09 22:00:00,b,b_1
16463,2023-04-09 23:00:00,b,b_1
16464,2023-04-10 00:00:00,d,d_1
16465,2023-04-10 01:00:00,d,d_1
16466,2023-04-10 02:00:00,d,d_1
16467,2023-04-10 03:00:00,d,d_1
16468,2023-04-10 04:00:00,d,d_1
16469,2023-04-10 05:00:00,d,d_1
16470,2023-04-10 06:00:00,d,d_1
16471,2023-04-10 07:00:00,d,d_1
16472,2023-04-10 08:00:00,g,g_1
16473,2023-04-10 09:00:00,g,g_1
16474,2023-04-10 10:00:00,f,f_0
16475,2023-04-10 11:00:00,f,f_0
16476,2023-04-10 12:00:00,c,c_0
16477,2023-04-10 13:00:00,d,d_1
16478,2023-04-10 14:00:00,d,d_1
16479,2023-04-10 15:00:00,d,d_1
16480,2023-04-10 16:00:00,d,d_1
16481,2023-04-10 17:00:00,d,d_1
16482,2023-04-10 18:00:00,d,d_1
16483,2023-04-10 19:00:00,d,d_1
16484,2023-04-10 20:00:00,d,d_1
16485,2023-04-10 21:00:00,b,b_0
16486,2023-04-10 22:00:00,b,b_0
16487,2023-04-10 23:00:00,a,a_1
16488,2023-04-11 00:00:00,a,a_1
16489,2023-04-11 01:00:00,a,a_1
16490,2023-04-11 02:00:00,a,a_1
16491,2023-04-11 03:00:00,a,a_1
16492,2023-04-11 04:00:00,a,a_1
16493,2023-04-11 05:00:00,a,a_1
16494,2023-04-11 06:00:00,a,a_1
16495,2023-04-11 07:00:00,b,b_0
16496,2023-04-11 08:00:00,b,b_0
16497,2023-04-11 09:00:00,g,g_1
16498,2023-04-11 10:00:00,g,g_1
16499,2023-04-11 11:00:00,c,c_0
16500,2023-04-11 12:00:00,d,d_1
16501,2023-04-11 13:00:00,d,d_1
16502,2023-04-11 14:00:00,d,d_1
16503,2023-04-11 15:00:00,d,d_1
16504,2023-04-11 16:00:00,d,d_1
16505,2023-04-11 17:00:00,d,d_1
16506,2023-04-11 18:00:00,d,d_1
16507,2023-04-11 19:00:00,d,d_1
16508,2023-04-11 20:00:00,h,h_0
16509,2023-04-11 21:00:00,d,d_1
16510,2023-04-11 22:00:00,d,d_1
16511,2023-04-11 23:00:00,d,d_1
16512,2023-04-12 00:00:00,d,d_1
16513,2023-04-12 01:00:00,d,d_1
16514,2023-04-12 02:00:00,d,d_1
16515,2023-04-12 03:00:00,d,d_1
16516,2023-04-12 04:00:00,a,a_1
16517,2023-04-12 05:00:00,a,a_1
16518,2023-04-12 06:00:00,a,a_1
16519,2023-04-12 07:00:00,a,a_1
16520,2023-04-12 08:00:00,a,a_1
16521,2023-04-12 09:00:00,a,a_1
16522,2023-04-12 10:00:00,a,a_1
16523,2023-04-12 11:00:00,e,e_0
16524,2023-04-12 12:00:00,g,g_1
16525,2023-04-12 13:00:00,g,g_1
16526,2023-04-12 14:00:00,b,b_1
16527,2023-04-12 15:00:00,b,b_1
16528,2023-04-12 16:00:00,b,b_1
16529,2023-04-12 17:00:00,b,b_1
16530,2023-04-12 18:00:00,b,b_1
16531,2023-04-12 19:00:00,b,b_1
16532,2023-04-12 20:00:00,b,b_1
16533,2023-04-12 21:00:00,b,b_1
16534,2023-04-12 22:00:00,h,h_1
16535,2023-04-12 23:00:00,h,h_1
16536,2023-04-13 00:00:00,g,g_0
16537,2023-04-13 01:00:00,c,c_0
16538,2023-04-13 02:00:00,h,h_1
16539,2023-04-13 03:00:00,h,h_1
16540,2023-04-13 04:00:00,g,g_0
16541,2023-04-13 05:00:00,a,a_0
16542,2023-04-13 06:00:00,b,b_1
16543,2023-04-13 07:00:00,b,b_1
16544,2023-04-13 08:00:00,b,b_1
16545,2023-04-13 09:00:00,b,b_1
16546,2023-04-13 10:00:00,b,b_1
16547,2023-04-13 11:00:00,b,b_1
16548,2023-04-13 12:00:00,b,b_1
16549,2023-04-13 13:00:00,b,b_1
16550,2023-04-13 14:00:00,d,d_1
16551,2023-04-13 15:00:00,d,d_1
16552,2023-04-13 16:00:00,d,d_1
16553,2023-04-13 17:00:00,d,d_1
16554,2023-04-13 18:00:00,d,d_1
16555,2023-04-13 19:00:00,d,d_1
16556,2023-04-13 20:00:00,d,d_1
16557,2023-04-13 21:00:00,d,d_1
16558,2023-04-13 22:00:00,c,c_1
16559,2023-04-13 23:00:00,c,c_1
16560,2023-04-14 00:00:00,c,c_1
16561,2023-04-14 01:00:00,c,c_1
16562,2023-04-14 02:00:00,c,c_1
16563,2023-04-14 03:00:00,c,c_1
16564,2023-04-14 04:00:00,c,c_1
16565,2023-04-14 05:00:00,c,c_1
16566,2023-04-14 06:00:00,h,h_1
16567,2023-04-14 07:00:00,h,h_1
16568,2023-04-14 08:00:00,f,f_1
16569,2023-04-14 09:00:00,f,f_1
16570,2023-04-14 10:00:00,f,f_1
16571,2023-04-14 11:00:00,f,f_1
16572,2023-04-14 12:00:00,f,f_1
16573,2023-04-14 13:00:00,f,f_1
16574,2023-04-14 14:00:00,f,f_1
16575,2023-04-14 15:00:00,f,f_1
16576,2023-04-14 16:00:00,d,d_0
16577,2023-04-14 17:00:00,d,d_0
16578,2023-04-14 18:00:00,c,c_1
16579,2023-04-14 19:00:00,c,c_1
16580,2023-04-14 20:00:00,c,c_1
16581,2023-04-14 21:00:00,c,c_1
16582,2023-04-14 22:00:00,c,c_1
16583,2023-04-14 23:00:00,c,c_1
16584,2023-04-15 00:00:00,c,c_1
16585,2023-04-15 01:00:00,d,d_0
16586,2023-04-15 02:00:00,c,c_1
16587,2023-04-15 03:00:00,c,c_1
16588,2023-04-15 04:00:00,c,c_1
16589,2023-04-15 05:00:00,c,c_1
16590,2023-04-15 06:00:00,c,c_1
16591,2023-04-15 07:00:00,c,c_1
16592,2023-04-15 08:00:00,c,c_1
16593,2023-04-15 09:00:00,c,c_1
16594,2023-04-15 10:00:00,e,e_0
16595,2023-04-15 11:00:00,e,e_0
16596,2023-04-15 12:00:00,d,d_0
16597,2023-04-15 13:00:00,d,d_0
16598,2023-04-15 14:00:00,g,g_1
16599,2023-04-15 15:00:00,g,g_1
16600,2023-04-15 16:00:00,a,a_1
16601,2023-04-15 17:00:00,a,a_1
16602,2023-04-15 18:00:00,a,a_1
16603,2023-04-15 19:00:00,a,a_1
16604,2023-04-15 20:00:00,a,a_1
16605,2023-04-15 21:00:00,a,a_1
16606,2023-04-15 22:00:00,a,a_1
16607,2023-04-15 23:00:00,a,a_1
16608,2023-04-16 00:00:00,d,d_1
16609,2023-04-16 01:00:00,d,d_1
16610,2023-04-16 02:00:00,d,d_1
16611,2023-04-16 03:00:00,d,d_1
16612,2023-04-16 04:00:00,d,d_1
16613,2023-04-16 05:00:00,d,d_1
16614,2023-04-16 06:00:00,d,d_1
16615,2023-04-16 07:00:00,h,h_1
16616,2023-04-16 08:00:00,h,h_1
16617,2023-04-16 09:00:00,f,f_0
16618,2023-04-16 10:00:00,f,f_0
16619,2023-04-16 11:00:00,e,e_0
16620,2023-04-16 12:00:00,e,e_0
16621,2023-04-16 13:00:00,h,h_1
16622,2023-04-16 14:00:00,h,h_1
16623,2023-04-16 15:00:00,a,a_0
16624,2023-04-16 16:00:00,a,a_0
16625,2023-04-16 17:00:00,g,g_1
16626,2023-04-16 18:00:00,g,g_1
16627,2023-04-16 19:00:00,b,b_0
16628,2023-04-16 20:00:00,b,b_0
16629,2023-04-16 21:00:00,e,e_0
16630,2023-04-16 22:00:00,f,f_1
16631,2023-04-16 23:00:00,f,f_1
16632,2023-04-17 00:00:00,f,f_1
16633,2023-04-17 01:00:00,f,f_1
16634,2023-04-17 02:00:00,f,f_1
16635,2023-04-17 03:00:00,f,f_1
16636,2023-04-17 04:00:00,f,f_1
16637,2023-04-17 05:00:00,f,f_1
16638,2023-04-17 06:00:00,c,c_1
16639,2023-04-17 07:00:00,c,c_1
16640,2023-04-17 08:00:00,c,c_1
16641,2023-04-17 09:00:00,c,c_1
16642,2023-04-17 10:00:00,c,c_1
16643,2023-04-17 11:00:00,c,c_1
16644,2023-04-17 12:00:00,c,c_1
16645,2023-04-17 13:00:00,c,c_1
16646,2023-04-17 14:00:00,h,h_0
16647,2023-04-17 15:00:00,e,e_0
16648,2023-04-17 16:00:00,e,e_0
16649,2023-04-17 17:00:00,f,f_0
16650,2023-04-17 18:00:00,f,f_0
16651,2023-04-17 19:00:00,d,d_0
16652,2023-04-17 20:00:00,b,b_1
16653,2023-04-17 21:00:00,b,b_1
16654,2023-04-17 22:00:00,b,b_1
16655,2023-04-17 23:00:00,b,b_1
16656,2023-04-18 00:00:00,b,b_1
16657,2023-04-18 01:00:00,b,b_1
16658,2023-04-18 02:00:00,b,b_1
16659,2023-04-18 03:00:00,h,h_0
16660,2023-04-18 04:00:00,e,e_1
16661,2023-04-18 05:00:00,e,e_1
16662,2023-04-18 06:00:00,e,e_1
16663,2023-04-18 07:00:00,e,e_1
16664,2023-04-18 08:00:00,e,e_1
16665,2023-04-18 09:00:00,e,e_1
16666,2023-04-18 10:00:00,e,e_1
16667,2023-04-18 11:00:00,b,b_1
16668,2023-04-18 12:00:00,b,b_1
16669,2023-04-18 13:00:00,b,b_1
16670,2023-04-18 14:00:00,b,b_1
16671,2023-04-18 15:00:00,b,b_1
16672,2023-04-18 16:00:00,b,b_1
16673,2023-04-18 17:00:00,b,b_1
16674,2023-04-18 18:00:00,b,b_1
16675,2023-04-18 19:00:00,f,f_1
16676,2023-04-18 20:00:00,f,f_1
16677,2023-04-18 21:00:00,f,f_1
16678,2023-04-18 22:00:00,f,f_1
16679,2023-04-18 23:00:00,f,f_1
16680,2023-04-19 00:00:00,f,f_1
16681,2023-04-19 01:00:00,f,f_1
16682,2023-04-19 02:00:00,f,f_1
16683,2023-04-19 03:00:00,a,a_0
16684,2023-04-19 04:00:00,b,b_0
16685,2023-04-19 05:00:00,b,b_0
16686,2023-04-19 06:00:00,g,g_1
16687,2023-04-19 07:00:00,g,g_1
16688,2023-04-19 08:00:00,c,c_1
16689,2023-04-19 09:00:00,c,c_1
16690,2023-04-19 10:00:00,c,c_1
16691,2023-04-19 11:00:00,c,c_1
16692,2023-04-19 12:00:00,c,c_1
16693,2023-04-19 13:00:00,c,c_1
16694,2023-04-19 14:00:00,c,c_1
16695,2023-04-19 15:00:00,b,b_0
16696,2023-04-19 16:00:00,e,e_0
16697,2023-04-19 17:00:00,e,e_0
16698,2023-04-19 18:00:00,c,c_0
16699,2023-04-19 19:00:00,c,c_0
16700,2023-04-19 20:00:00,d,d_0
16701,2023-04-19 21:00:00,h,h_1
16702,2023-04-19 22:00:00,h,h_1
16703,2023-04-19 23:00:00,c,c_0
16704,2023-04-20 00:00:00,c,c_0
16705,2023-04-20 01:00:00,a,a_0
16706,2023-04-20 02:00:00,b,b_0
16707,2023-04-20 03:00:00,b,b_0
16708,2023-04-20 04:00:00,c,c_1
16709,2023-04-20 05:00:00,c,c_1
16710,2023-04-20 06:00:00,c,c_1
16711,2023-04-20 07:00:00,c,c_1
16712,2023-04-20 08:00:00,c,c_1
16713,2023-04-20 09:00:00,c,c_1
16714,2023-04-20 10:00:00,c,c_1
16715,2023-04-20 11:00:00,c,c_1
16716,2023-04-20 12:00:00,f,f_0
16717,2023-04-20 13:00:00,b,b_0
16718,2023-04-20 14:00:00,a,a_0
16719,2023-04-20 15:00:00,a,a_0
16720,2023-04-20 16:00:00,d,d_1
16721,2023-04-20 17:00:00,d,d_1
16722,2023-04-20 18:00:00,d,d_1
16723,2023-04-20 19:00:00,d,d_1
16724,2023-04-20 20:00:00,d,d_1
16725,2023-04-20 21:00:00,d,d_1
16726,2023-04-20 22:00:00,d,d_1
16727,2023-04-20 23:00:00,d,d_1
16728,2023-04-21 00:00:00,e,e_0
16729,2023-04-21 01:00:00,f,f_0
16730,2023-04-21 02:00:00,f,f_0
16731,2023-04-21 03:00:00,h,h_1
16732,2023-04-21 04:00:00,h,h_1
16733,2023-04-21 05:00:00,e,e_1
16734,2023-04-21 06:00:00,e,e_1
16735,2023-04-21 07:00:00,e,e_1
16736,2023-04-21 08:00:00,e,e_1
16737,2023-04-21 09:00:00,e,e_1
16738,2023-04-21 10:00:00,e,e_1
16739,2023-04-21 11:00:00,e,e_1
16740,2023-04-21 12:00:00,e,e_1
16741,2023-04-21 13:00:00,f,f_0
16742,2023-04-21 14:00:00,g,g_0
16743,2023-04-21 15:00:00,c,c_1
16744,2023-04-21 16:00:00,c,c_1
16745,2023-04-21 17:00:00,c,c_1
16746,2023-04-21 18:00:00,c,c_1
16747,2023-04-21 19:00:00,c,c_1
16748,2023-04-21 20:00:00,c,c_1
16749,2023-04-21 21:00:00,c,c_1
16750,2023-04-21 22:00:00,c,c_1
16751,2023-04-21 23:00:00,d,d_0
16752,2023-04-22 00:00:00,a,a_1
16753,2023-04-22 01:00:00,a,a_1
16754,2023-04-22 02:00:00,a,a_1
16755,2023-04-22 03:00:00,a,a_1
16756,2023-04-22 04:00:00,a,a_1
16757,2023-04-22 05:00:00,a,a_1
16758,2023-04-22 06:00:00,a,a_1
16759,2023-04-22 07:00:00,a,a_1
16760,2023-04-22 08:00:00,e,e_1
16761,2023-04-22 09:00:00,e,e_1
16762,2023-04-22 10:00:00,e,e_1
16763,2023-04-22 11:00:00,e,e_1
16764,2023-04-22 12:00:00,e,e_1
16765,2023-04-22 13:00:00,e,e_1
16766,2023-04-22 14:00:00,e,e_1
16767,2023-04-22 15:00:00,b,b_1
16768,2023-04-22 16:00:00,b,b_1
16769,2023-04-22 17:00:00,b,b_1
16770,2023-04-22 18:00:00,b,b_1
16771,2023-04-22 19:00:00,b,b_1
16772,2023-04-22 20:00:00,b,b_1
16773,2023-04-22 21:00:00,b,b_1
16774,2023-04-22 22:00:00,b,b_1
16775,2023-04-22 23:00:00,f,f_1
16776,2023-04-23 00:00:00,f,f_1
16777,2023-04-23 01:00:00,f,f_1
16778,2023-04-23 02:00:00,f,f_1
16779,2023-04-23 03:00:00,f,f_1
16780,2023-04-23 04:00:00,f,f_1
16781,2023-04-23 05:00:00,f,f_1
16782,2023-04-23 06:00:00,c,c_1
16783,2023-04-23 07:00:00,c,c_1
16784,2023-04-23 08:00:00,c,c_1
16785,2023-04-23 09:00:00,c,c_1
16786,2023-04-23 10:00:00,c,c_1
16787,2023-04-23 11:00:00,c,c_1
16788,2023-04-23 12:00:00,c,c_1
16789,2023-04-23 13:00:00,c,c_1
16790,2023-04-23 14:00:00,h,h_0
16791,2023-04-23 15:00:00,g,g_1
16792,2023-04-23 16:00:00,g,g_1
16793,2023-04-23 17:00:00,c,c_1
16794,2023-04-23 18:00:00,c,c_1
16795,2023-04-23 19:00:00,c,c_1
16796,2023-04-23 20:00:00,c,c_1
16797,2023-04-23 21:00:00,c,c_1
16798,2023-04-23 22:00:00,c,c_1
16799,2023-04-23 23:00:00,c,c_1
16800,2023-04-24 00:00:00,e,e_0
16801,2023-04-24 01:00:00,e,e_0
16802,2023-04-24 02:00:00,a,a_0
16803,2023-04-24 03:00:00,a,a_0
16804,2023-04-24 04:00:00,b,b_1
16805,2023-04-24 05:00:00,b,b_1
16806,2023-04-24 06:00:00,b,b_1
16807,2023-04-24 07:00:00,b,b_1
16808,2023-04-24 08:00:00,b,b_1
16809,2023-04-24 09:00:00,b,b_1
16810,2023-04-24 10:00:00,b,b_1
16811,2023-04-24 11:00:00,h,h_1
16812,2023-04-24 12:00:00,h,h_1
16813,2023-04-24 13:00:00,g,g_0
16814,2023-04-24 14:00:00,b,b_0
16815,2023-04-24 15:00:00,b,b_0
16816,2023-04-24 16:00:00,e,e_0
16817,2023-04-24 17:00:00,e,e_0
16818,2023-04-24 18:00:00,a,a_1
16819,2023-04-24 19:00:00,a,a_1
16820,2023-04-24 20:00:00,a,a_1
16821,2023-04-24 21:00:00,a,a_1
16822,2023-04-24 22:00:00,a,a_1
16823,2023-04-24 23:00:00,a,a_1
16824,2023-04-25 00:00:00,a,a_1
16825,2023-04-25 01:00:00,c,c_1
16826,2023-04-25 02:00:00,c,c_1
16827,2023-04-25 03:00:00,c,c_1
16828,2023-04-25 04:00:00,c,c_1
16829,2023-04-25 05:00:00,c,c_1
16830,2023-04-25 06:00:00,c,c_1
16831,2023-04-25 07:00:00,c,c_1
16832,2023-04-25 08:00:00,c,c_1
16833,2023-04-25 09:00:00,b,b_1
16834,2023-04-25 10:00:00,b,b_1
16835,2023-04-25 11:00:00,b,b_1
16836,2023-04-25 12:00:00,b,b_1
16837,2023-04-25 13:00:00,b,b_1
16838,2023-04-25 14:00:00,b,b_1
16839,2023-04-25 15:00:00,b,b_1
16840,2023-04-25 16:00:00,f,f_0
16841,2023-04-25 17:00:00,g,g_0
16842,2023-04-25 18:00:00,h,h_0
16843,2023-04-25 19:00:00,f,f_0
16844,2023-04-25 20:00:00,f,f_0
16845,2023-04-25 21:00:00,d,d_0
16846,2023-04-25 22:00:00,b,b_1
16847,2023-04-25 23:00:00,b,b_1
16848,2023-04-26 00:00:00,b,b_1
16849,2023-04-26 01:00:00,b,b_1
16850,2023-04-26 02:00:00,b,b_1
16851,2023-04-26 03:00:00,b,b_1
16852,2023-04-26 04:00:00,b,b_1
16853,2023-04-26 05:00:00,h,h_1
16854,2023-04-26 06:00:00,h,h_1
16855,2023-04-26 07:00:00,b,b_0
16856,2023-04-26 08:00:00,g,g_0
16857,2023-04-26 09:00:00,e,e_1
16858,2023-04-26 10:00:00,e,e_1
16859,2023-04-26 11:00:00,e,e_1
16860,2023-04-26 12:00:00,e,e_1
16861,2023-04-26 13:00:00,e,e_1
16862,2023-04-26 14:00:00,e,e_1
16863,2023-04-26 15:00:00,e,e_1
16864,2023-04-26 16:00:00,e,e_1
16865,2023-04-26 17:00:00,c,c_0
16866,2023-04-26 18:00:00,c,c_0
16867,2023-04-26 19:00:00,g,g_1
16868,2023-04-26 20:00:00,g,g_1
16869,2023-04-26 21:00:00,d,d_1
16870,2023-04-26 22:00:00,d,d_1
16871,2023-04-26 23:00:00,d,d_1
16872,2023-04-27 00:00:00,d,d_1
16873,2023-04-27 01:00:00,d,d_1
16874,2023-04-27 02:00:00,d,d_1
16875,2023-04-27 03:00:00,d,d_1
16876,2023-04-27 04:00:00,b,b_1
16877,2023-04-27 05:00:00,b,b_1
16878,2023-04-27 06:00:00,b,b_1
16879,2023-04-27 07:00:00,b,b_1
16880,2023-04-27 08:00:00,b,b_1
16881,2023-04-27 09:00:00,b,b_1
16882,2023-04-27 10:00:00,b,b_1
16883,2023-04-27 11:00:00,b,b_1
16884,2023-04-27 12:00:00,d,d_1
16885,2023-04-27 13:00:00,d,d_1
16886,2023-04-27 14:00:00,d,d_1
16887,2023-04-27 15:00:00,d,d_1
16888,2023-04-27 16:00:00,d,d_1
16889,2023-04-27 17:00:00,d,d_1
16890,2023-04-27 18:00:00,d,d_1
16891,2023-04-27 19:00:00,f,f_1
16892,2023-04-27 20:00:00,f,f_1
16893,2023-04-27 21:00:00,f,f_1
16894,2023-04-27 22:00:00,f,f_1
16895,2023-04-27 23:00:00,f,f_1
16896,2023-04-28 00:00:00,f,f_1
16897,2023-04-28 01:00:00,f,f_1
16898,2023-04-28 02:00:00,h,h_0
16899,2023-04-28 03:00:00,f,f_1
16900,2023-04-28 04:00:00,f,f_1
16901,2023-04-28 05:00:00,f,f_1
16902,2023-04-28 06:00:00,f,f_1
16903,2023-04-28 07:00:00,f,f_1
16904,2023-04-28 08:00:00,f,f_1
16905,2023-04-28 09:00:00,f,f_1
16906,2023-04-28 10:00:00,b,b_1
16907,2023-04-28 11:00:00,b,b_1
16908,2023-04-28 12:00:00,b,b_1
16909,2023-04-28 13:00:00,b,b_1
16910,2023-04-28 14:00:00,b,b_1
16911,2023-04-28 15:00:00,b,b_1
16912,2023-04-28 16:00:00,b,b_1
16913,2023-04-28 17:00:00,b,b_1
16914,2023-04-28 18:00:00,c,c_1
16915,2023-04-28 19:00:00,c,c_1
16916,2023-04-28 20:00:00,c,c_1
16917,2023-04-28 21:00:00,c,c_1
16918,2023-04-28 22:00:00,c,c_1
16919,2023-04-28 23:00:00,c,c_1
16920,2023-04-29 00:00:00,c,c_1
16921,2023-04-29 01:00:00,c,c_1
16922,2023-04-29 02:00:00,d,d_0
16923,2023-04-29 03:00:00,d,d_0
16924,2023-04-29 04:00:00,c,c_1
16925,2023-04-29 05:00:00,c,c_1
16926,2023-04-29 06:00:00,c,c_1
16927,2023-04-29 07:00:00,c,c_1
16928,2023-04-29 08:00:00,c,c_1
16929,2023-04-29 09:00:00,c,c_1
16930,2023-04-29 10:00:00,c,c_1
16931,2023-04-29 11:00:00,h,h_0
16932,2023-04-29 12:00:00,b,b_0
16933,2023-04-29 13:00:00,b,b_0
16934,2023-04-29 14:00:00,e,e_1
16935,2023-04-29 15:00:00,e,e_1
16936,2023-04-29 16:00:00,e,e_1
16937,2023-04-29 17:00:00,e,e_1
16938,2023-04-29 18:00:00,e,e_1
16939,2023-04-29 19:00:00,e,e_1
16940,2023-04-29 20:00:00,e,e_1
16941,2023-04-29 21:00:00,e,e_1
16942,2023-04-29 22:00:00,f,f_1
16943,2023-04-29 23:00:00,f,f_1
16944,2023-04-30 00:00:00,f,f_1
16945,2023-04-30 01:00:00,f,f_1
16946,2023-04-30 02:00:00,f,f_1
16947,2023-04-30 03:00:00,f,f_1
16948,2023-04-30 04:00:00,f,f_1
16949,2023-04-30 05:00:00,f,f_1
16950,2023-04-30 06:00:00,h,h_1
16951,2023-04-30 07:00:00,h,h_1
16952,2023-04-30 08:00:00,e,e_0
16953,2023-04-30 09:00:00,e,e_0
16954,2023-04-30 10:00:00,f,f_0
16955,2023-04-30 11:00:00,f,f_0
16956,2023-04-30 12:00:00,h,h_1
16957,2023-04-30 13:00:00,h,h_1
16958,2023-04-30 14:00:00,b,b_1
16959,2023-04-30 15:00:00,b,b_1
16960,2023-04-30 16:00:00,b,b_1
16961,2023-04-30 17:00:00,b,b_1
16962,2023-04-30 18:00:00,b,b_1
16963,2023-04-30 19:00:00,b,b_1
16964,2023-04-30 20:00:00,b,b_1
16965,2023-04-30 21:00:00,b,b_1
16966,2023-04-30 22:00:00,d,d_1
16967,2023-04-30 23:00:00,d,d_1
16968,2023-05-01 00:00:00,d,d_1
16969,2023-05-01 01:00:00,d,d_1
16970,2023-05-01 02:00:00,d,d_1
16971,2023-05-01 03:00:00,d,d_1
16972,2023-05-01 04:00:00,d,d_1
16973,2023-05-01 05:00:00,c,c_1
16974,2023-05-01 06:00:00,c,c_1
16975,2023-05-01 07:00:00,c,c_1
16976,2023-05-01 08:00:00,c,c_1
16977,2023-05-01 09:00:00,c,c_1
16978,2023-05-01 10:00:00,c,c_1
16979,2023-05-01 11:00:00,c,c_1
16980,2023-05-01 12:00:00,f,f_0
16981,2023-05-01 13:00:00,e,e_0
16982,2023-05-01 14:00:00,e,e_0
16983,2023-05-01 15:00:00,g,g_1
16984,2023-05-01 16:00:00,g,g_1
16985,2023-05-01 17:00:00,b,b_1
16986,2023-05-01 18:00:00,b,b_1
16987,2023-05-01 19:00:00,b,b_1
16988,2023-05-01 20:00:00,b,b_1
16989,2023-05-01 21:00:00,b,b_1
16990,2023-05-01 22:00:00,b,b_1
16991,2023-05-01 23:00:00,b,b_1
16992,2023-05-02 00:00:00,c,c_1
16993,2023-05-02 01:00:00,c,c_1
16994,2023-05-02 02:00:00,c,c_1
16995,2023-05-02 03:00:00,c,c_1
16996,2023-05-02 04:00:00,c,c_1
16997,2023-05-02 05:00:00,c,c_1
16998,2023-05-02 06:00:00,c,c_1
16999,2023-05-02 07:00:00,d,d_1
17000,2023-05-02 08:00:00,d,d_1
17001,2023-05-02 09:00:00,d,d_1
17002,2023-05-02 10:00:00,d,d_1
17003,2023-05-02 11:00:00,d,d_1
17004,2023-05-02 12:00:00,d,d_1
17005,2023-05-02 13:00:00,d,d_1
17006,2023-05-02 14:00:00,d,d_1
17007,2023-05-02 15:00:00,a,a_1
17008,2023-05-02 16:00:00,a,a_1
17009,2023-05-02 17:00:00,a,a_1
17010,2023-05-02 18:00:00,a,a_1
17011,2023-05-02 19:00:00,a,a_1
17012,2023-05-02 20:00:00,a,a_1
17013,2023-05-02 21:00:00,a,a_1
17014,2023-05-02 22:00:00,a,a_1
17015,2023-05-02 23:00:00,h,h_0
17016,2023-05-03 00:00:00,g,g_0
17017,2023-05-03 01:00:00,d,d_0
17018,2023-05-03 02:00:00,d,d_0
17019,2023-05-03 03:00:00,f,f_1
17020,2023-05-03 04:00:00,f,f_1
17021,2023-05-03 05:00:00,f,f_1
17022,2023-05-03 06:00:00,f,f_1
17023,2023-05-03 07:00:00,f,f_1
17024,2023-05-03 08:00:00,f,f_1
17025,2023-05-03 09:00:00,f,f_1
17026,2023-05-03 10:00:00,f,f_1
17027,2023-05-03 11:00:00,g,g_1
17028,2023-05-03 12:00:00,g,g_1
17029,2023-05-03 13:00:00,b,b_1
17030,2023-05-03 14:00:00,b,b_1
17031,2023-05-03 15:00:00,b,b_1
17032,2023-05-03 16:00:00,b,b_1
17033,2023-05-03 17:00:00,b,b_1
17034,2023-05-03 18:00:00,b,b_1
17035,2023-05-03 19:00:00,b,b_1
17036,2023-05-03 20:00:00,f,f_0
17037,2023-05-03 21:00:00,h,h_1
17038,2023-05-03 22:00:00,h,h_1
17039,2023-05-03 23:00:00,b,b_1
17040,2023-05-04 00:00:00,b,b_1
17041,2023-05-04 01:00:00,b,b_1
17042,2023-05-04 02:00:00,b,b_1
17043,2023-05-04 03:00:00,b,b_1
17044,2023-05-04 04:00:00,b,b_1
17045,2023-05-04 05:00:00,b,b_1
17046,2023-05-04 06:00:00,d,d_1
17047,2023-05-04 07:00:00,d,d_1
17048,2023-05-04 08:00:00,d,d_1
17049,2023-05-04 09:00:00,d,d_1
17050,2023-05-04 10:00:00,d,d_1
17051,2023-05-04 11:00:00,d,d_1
17052,2023-05-04 12:00:00,d,d_1
17053,2023-05-04 13:00:00,b,b_0
17054,2023-05-04 14:00:00,b,b_0
17055,2023-05-04 15:00:00,f,f_1
17056,2023-05-04 16:00:00,f,f_1
17057,2023-05-04 17:00:00,f,f_1
17058,2023-05-04 18:00:00,f,f_1
17059,2023-05-04 19:00:00,f,f_1
17060,2023-05-04 20:00:00,f,f_1
17061,2023-05-04 21:00:00,f,f_1
17062,2023-05-04 22:00:00,a,a_1
17063,2023-05-04 23:00:00,a,a_1
17064,2023-05-05 00:00:00,a,a_1
17065,2023-05-05 01:00:00,a,a_1
17066,2023-05-05 02:00:00,a,a_1
17067,2023-05-05 03:00:00,a,a_1
17068,2023-05-05 04:00:00,a,a_1
17069,2023-05-05 05:00:00,a,a_1
17070,2023-05-05 06:00:00,e,e_1
17071,2023-05-05 07:00:00,e,e_1
17072,2023-05-05 08:00:00,e,e_1
17073,2023-05-05 09:00:00,e,e_1
17074,2023-05-05 10:00:00,e,e_1
17075,2023-05-05 11:00:00,e,e_1
17076,2023-05-05 12:00:00,e,e_1
17077,2023-05-05 13:00:00,c,c_1
17078,2023-05-05 14:00:00,c,c_1
17079,2023-05-05 15:00:00,c,c_1
17080,2023-05-05 16:00:00,c,c_1
17081,2023-05-05 17:00:00,c,c_1
17082,2023-05-05 18:00:00,c,c_1
17083,2023-05-05 19:00:00,c,c_1
17084,2023-05-05 20:00:00,c,c_1
17085,2023-05-05 21:00:00,f,f_1
17086,2023-05-05 22:00:00,f,f_1
17087,2023-05-05 23:00:00,f,f_1
17088,2023-05-06 00:00:00,f,f_1
17089,2023-05-06 01:00:00,f,f_1
17090,2023-05-06 02:00:00,f,f_1
17091,2023-05-06 03:00:00,f,f_1
17092,2023-05-06 04:00:00,c,c_1
17093,2023-05-06 05:00:00,c,c_1
17094,2023-05-06 06:00:00,c,c_1
17095,2023-05-06 07:00:00,c,c_1
17096,2023-05-06 08:00:00,c,c_1
17097,2023-05-06 09:00:00,c,c_1
17098,2023-05-06 10:00:00,c,c_1
17099,2023-05-06 11:00:00,d,d_0
17100,2023-05-06 12:00:00,f,f_1
17101,2023-05-06 13:00:00,f,f_1
17102,2023-05-06 14:00:00,f,f_1
17103,2023-05-06 15:00:00,f,f_1
17104,2023-05-06 16:00:00,f,f_1
17105,2023-05-06 17:00:00,f,f_1
17106,2023-05-06 18:00:00,f,f_1
17107,2023-05-06 19:00:00,f,f_1
17108,2023-05-06 20:00:00,d,d_0
17109,2023-05-06 21:00:00,h,h_1
17110,2023-05-06 22:00:00,h,h_1
17111,2023-05-06 23:00:00,d,d_0
17112,2023-05-07 00:00:00,c,c_0
17113,2023-05-07 01:00:00,d,d_1
17114,2023-05-07 02:00:00,d,d_1
17115,2023-05-07 03:00:00,d,d_1
17116,2023-05-07 04:00:00,d,d_1
17117,2023-05-07 05:00:00,d,d_1
17118,2023-05-07 06:00:00,d,d_1
17119,2023-05-07 07:00:00,d,d_1
17120,2023-05-07 08:00:00,g,g_1
17121,2023-05-07 09:00:00,g,g_1
17122,2023-05-07 10:00:00,e,e_1
17123,2023-05-07 11:00:00,e,e_1
17124,2023-05-07 12:00:00,e,e_1
17125,2023-05-07 13:00:00,e,e_1
17126,2023-05-07 14:00:00,e,e_1
17127,2023-05-07 15:00:00,e,e_1
17128,2023-05-07 16:00:00,e,e_1
17129,2023-05-07 17:00:00,f,f_1
17130,2023-05-07 18:00:00,f,f_1
17131,2023-05-07 19:00:00,f,f_1
17132,2023-05-07 20:00:00,f,f_1
17133,2023-05-07 21:00:00,f,f_1
17134,2023-05-07 22:00:00,f,f_1
17135,2023-05-07 23:00:00,f,f_1
17136,2023-05-08 00:00:00,f,f_1
17137,2023-05-08 01:00:00,d,d_1
17138,2023-05-08 02:00:00,d,d_1
17139,2023-05-08 03:00:00,d,d_1
17140,2023-05-08 04:00:00,d,d_1
17141,2023-05-08 05:00:00,d,d_1
17142,2023-05-08 06:00:00,d,d_1
17143,2023-05-08 07:00:00,d,d_1
17144,2023-05-08 08:00:00,d,d_1
17145,2023-05-08 09:00:00,f,f_1
17146,2023-05-08 10:00:00,f,f_1
17147,2023-05-08 11:00:00,f,f_1
17148,2023-05-08 12:00:00,f,f_1
17149,2023-05-08 13:00:00,f,f_1
17150,2023-05-08 14:00:00,f,f_1
17151,2023-05-08 15:00:00,f,f_1
17152,2023-05-08 16:00:00,f,f_1
17153,2023-05-08 17:00:00,h,h_1
17154,2023-05-08 18:00:00,h,h_1
17155,2023-05-08 19:00:00,a,a_0
17156,2023-05-08 20:00:00,b,b_0
17157,2023-05-08 21:00:00,b,b_0
17158,2023-05-08 22:00:00,e,e_0
17159,2023-05-08 23:00:00,f,f_1
17160,2023-05-09 00:00:00,f,f_1
17161,2023-05-09 01:00:00,f,f_1
17162,2023-05-09 02:00:00,f,f_1
17163,2023-05-09 03:00:00,f,f_1
17164,2023-05-09 04:00:00,f,f_1
17165,2023-05-09 05:00:00,f,f_1
17166,2023-05-09 06:00:00,f,f_1
17167,2023-05-09 07:00:00,h,h_1
17168,2023-05-09 08:00:00,h,h_1
17169,2023-05-09 09:00:00,d,d_1
17170,2023-05-09 10:00:00,d,d_1
17171,2023-05-09 11:00:00,d,d_1
17172,2023-05-09 12:00:00,d,d_1
17173,2023-05-09 13:00:00,d,d_1
17174,2023-05-09 14:00:00,d,d_1
17175,2023-05-09 15:00:00,d,d_1
17176,2023-05-09 16:00:00,g,g_0
17177,2023-05-09 17:00:00,f,f_0
17178,2023-05-09 18:00:00,g,g_1
17179,2023-05-09 19:00:00,g,g_1
17180,2023-05-09 20:00:00,b,b_0
17181,2023-05-09 21:00:00,b,b_0
17182,2023-05-09 22:00:00,c,c_0
17183,2023-05-09 23:00:00,f,f_1
17184,2023-05-10 00:00:00,f,f_1
17185,2023-05-10 01:00:00,f,f_1
17186,2023-05-10 02:00:00,f,f_1
17187,2023-05-10 03:00:00,f,f_1
17188,2023-05-10 04:00:00,f,f_1
17189,2023-05-10 05:00:00,f,f_1
17190,2023-05-10 06:00:00,g,g_1
17191,2023-05-10 07:00:00,g,g_1
17192,2023-05-10 08:00:00,h,h_0
17193,2023-05-10 09:00:00,d,d_1
17194,2023-05-10 10:00:00,d,d_1
17195,2023-05-10 11:00:00,d,d_1
17196,2023-05-10 12:00:00,d,d_1
17197,2023-05-10 13:00:00,d,d_1
17198,2023-05-10 14:00:00,d,d_1
17199,2023-05-10 15:00:00,d,d_1
17200,2023-05-10 16:00:00,c,c_0
17201,2023-05-10 17:00:00,c,c_0
17202,2023-05-10 18:00:00,f,f_1
17203,2023-05-10 19:00:00,f,f_1
17204,2023-05-10 20:00:00,f,f_1
17205,2023-05-10 21:00:00,f,f_1
17206,2023-05-10 22:00:00,f,f_1
17207,2023-05-10 23:00:00,f,f_1
17208,2023-05-11 00:00:00,f,f_1
17209,2023-05-11 01:00:00,f,f_1
17210,2023-05-11 02:00:00,g,g_1
17211,2023-05-11 03:00:00,g,g_1
17212,2023-05-11 04:00:00,h,h_0
17213,2023-05-11 05:00:00,a,a_1
17214,2023-05-11 06:00:00,a,a_1
17215,2023-05-11 07:00:00,a,a_1
17216,2023-05-11 08:00:00,a,a_1
17217,2023-05-11 09:00:00,a,a_1
17218,2023-05-11 10:00:00,a,a_1
17219,2023-05-11 11:00:00,a,a_1
17220,2023-05-11 12:00:00,h,h_0
17221,2023-05-11 13:00:00,c,c_0
17222,2023-05-11 14:00:00,b,b_1
17223,2023-05-11 15:00:00,b,b_1
17224,2023-05-11 16:00:00,b,b_1
17225,2023-05-11 17:00:00,b,b_1
17226,2023-05-11 18:00:00,b,b_1
17227,2023-05-11 19:00:00,b,b_1
17228,2023-05-11 20:00:00,b,b_1
17229,2023-05-11 21:00:00,d,d_1
17230,2023-05-11 22:00:00,d,d_1
17231,2023-05-11 23:00:00,d,d_1
17232,2023-05-12 00:00:00,d,d_1
17233,2023-05-12 01:00:00,d,d_1
17234,2023-05-12 02:00:00,d,d_1
17235,2023-05-12 03:00:00,d,d_1
17236,2023-05-12 04:00:00,a,a_1
17237,2023-05-12 05:00:00,a,a_1
17238,2023-05-12 06:00:00,a,a_1
17239,2023-05-12 07:00:00,a,a_1
17240,2023-05-12 08:00:00,a,a_1
17241,2023-05-12 09:00:00,a,a_1
17242,2023-05-12 10:00:00,a,a_1
17243,2023-05-12 11:00:00,a,a_1
17244,2023-05-12 12:00:00,b,b_1
17245,2023-05-12 13:00:00,b,b_1
17246,2023-05-12 14:00:00,b,b_1
17247,2023-05-12 15:00:00,b,b_1
17248,2023-05-12 16:00:00,b,b_1
17249,2023-05-12 17:00:00,b,b_1
17250,2023-05-12 18:00:00,b,b_1
17251,2023-05-12 19:00:00,f,f_1
17252,2023-05-12 20:00:00,f,f_1
17253,2023-05-12 21:00:00,f,f_1
17254,2023-05-12 22:00:00,f,f_1
17255,2023-05-12 23:00:00,f,f_1
17256,2023-05-13 00:00:00,f,f_1
17257,2023-05-13 01:00:00,f,f_1
17258,2023-05-13 02:00:00,b,b_1
17259,2023-05-13 03:00:00,b,b_1
17260,2023-05-13 04:00:00,b,b_1
17261,2023-05-13 05:00:00,b,b_1
17262,2023-05-13 06:00:00,b,b_1
17263,2023-05-13 07:00:00,b,b_1
17264,2023-05-13 08:00:00,b,b_1
17265,2023-05-13 09:00:00,c,c_1
17266,2023-05-13 10:00:00,c,c_1
17267,2023-05-13 11:00:00,c,c_1
17268,2023-05-13 12:00:00,c,c_1
17269,2023-05-13 13:00:00,c,c_1
17270,2023-05-13 14:00:00,c,c_1
17271,2023-05-13 15:00:00,c,c_1
17272,2023-05-13 16:00:00,c,c_1
17273,2023-05-13 17:00:00,h,h_0
17274,2023-05-13 18:00:00,e,e_0
17275,2023-05-13 19:00:00,g,g_1
17276,2023-05-13 20:00:00,g,g_1
17277,2023-05-13 21:00:00,c,c_1
17278,2023-05-13 22:00:00,c,c_1
17279,2023-05-13 23:00:00,c,c_1
17280,2023-05-14 00:00:00,c,c_1
17281,2023-05-14 01:00:00,c,c_1
17282,2023-05-14 02:00:00,c,c_1
17283,2023-05-14 03:00:00,c,c_1
17284,2023-05-14 04:00:00,h,h_0
17285,2023-05-14 05:00:00,f,f_0
17286,2023-05-14 06:00:00,f,f_0
17287,2023-05-14 07:00:00,d,d_0
17288,2023-05-14 08:00:00,b,b_1
17289,2023-05-14 09:00:00,b,b_1
17290,2023-05-14 10:00:00,b,b_1
17291,2023-05-14 11:00:00,b,b_1
17292,2023-05-14 12:00:00,b,b_1
17293,2023-05-14 13:00:00,b,b_1
17294,2023-05-14 14:00:00,b,b_1
17295,2023-05-14 15:00:00,b,b_1
17296,2023-05-14 16:00:00,e,e_1
17297,2023-05-14 17:00:00,e,e_1
17298,2023-05-14 18:00:00,e,e_1
17299,2023-05-14 19:00:00,e,e_1
17300,2023-05-14 20:00:00,e,e_1
17301,2023-05-14 21:00:00,e,e_1
17302,2023-05-14 22:00:00,e,e_1
17303,2023-05-14 23:00:00,e,e_1
17304,2023-05-15 00:00:00,g,g_0
17305,2023-05-15 01:00:00,e,e_1
17306,2023-05-15 02:00:00,e,e_1
17307,2023-05-15 03:00:00,e,e_1
17308,2023-05-15 04:00:00,e,e_1
17309,2023-05-15 05:00:00,e,e_1
17310,2023-05-15 06:00:00,e,e_1
17311,2023-05-15 07:00:00,e,e_1
17312,2023-05-15 08:00:00,d,d_0
17313,2023-05-15 09:00:00,f,f_1
17314,2023-05-15 10:00:00,f,f_1
17315,2023-05-15 11:00:00,f,f_1
17316,2023-05-15 12:00:00,f,f_1
17317,2023-05-15 13:00:00,f,f_1
17318,2023-05-15 14:00:00,f,f_1
17319,2023-05-15 15:00:00,f,f_1
17320,2023-05-15 16:00:00,g,g_0
17321,2023-05-15 17:00:00,e,e_1
17322,2023-05-15 18:00:00,e,e_1
17323,2023-05-15 19:00:00,e,e_1
17324,2023-05-15 20:00:00,e,e_1
17325,2023-05-15 21:00:00,e,e_1
17326,2023-05-15 22:00:00,e,e_1
17327,2023-05-15 23:00:00,e,e_1
17328,2023-05-16 00:00:00,f,f_1
17329,2023-05-16 01:00:00,f,f_1
17330,2023-05-16 02:00:00,f,f_1
17331,2023-05-16 03:00:00,f,f_1
17332,2023-05-16 04:00:00,f,f_1
17333,2023-05-16 05:00:00,f,f_1
17334,2023-05-16 06:00:00,f,f_1
17335,2023-05-16 07:00:00,d,d_1
17336,2023-05-16 08:00:00,d,d_1
17337,2023-05-16 09:00:00,d,d_1
17338,2023-05-16 10:00:00,d,d_1
17339,2023-05-16 11:00:00,d,d_1
17340,2023-05-16 12:00:00,d,d_1
17341,2023-05-16 13:00:00,d,d_1
17342,2023-05-16 14:00:00,e,e_0
17343,2023-05-16 15:00:00,c,c_0
17344,2023-05-16 16:00:00,d,d_1
17345,2023-05-16 17:00:00,d,d_1
17346,2023-05-16 18:00:00,d,d_1
17347,2023-05-16 19:00:00,d,d_1
17348,2023-05-16 20:00:00,d,d_1
17349,2023-05-16 21:00:00,d,d_1
17350,2023-05-16 22:00:00,d,d_1
17351,2023-05-16 23:00:00,d,d_1
17352,2023-05-17 00:00:00,a,a_0
17353,2023-05-17 01:00:00,a,a_0
17354,2023-05-17 02:00:00,b,b_0
17355,2023-05-17 03:00:00,h,h_0
17356,2023-05-17 04:00:00,d,d_1
17357,2023-05-17 05:00:00,d,d_1
17358,2023-05-17 06:00:00,d,d_1
17359,2023-05-17 07:00:00,d,d_1
17360,2023-05-17 08:00:00,d,d_1
17361,2023-05-17 09:00:00,d,d_1
17362,2023-05-17 10:00:00,d,d_1
17363,2023-05-17 11:00:00,d,d_1
17364,2023-05-17 12:00:00,g,g_0
17365,2023-05-17 13:00:00,f,f_1
17366,2023-05-17 14:00:00,f,f_1
17367,2023-05-17 15:00:00,f,f_1
17368,2023-05-17 16:00:00,f,f_1
17369,2023-05-17 17:00:00,f,f_1
17370,2023-05-17 18:00:00,f,f_1
17371,2023-05-17 19:00:00,f,f_1
17372,2023-05-17 20:00:00,f,f_1
17373,2023-05-17 21:00:00,a,a_1
17374,2023-05-17 22:00:00,a,a_1
17375,2023-05-17 23:00:00,a,a_1
17376,2023-05-18 00:00:00,a,a_1
17377,2023-05-18 01:00:00,a,a_1
17378,2023-05-18 02:00:00,a,a_1
17379,2023-05-18 03:00:00,a,a_1
17380,2023-05-18 04:00:00,a,a_1
17381,2023-05-18 05:00:00,g,g_0
17382,2023-05-18 06:00:00,h,h_0
17383,2023-05-18 07:00:00,a,a_0
17384,2023-05-18 08:00:00,h,h_0
17385,2023-05-18 09:00:00,c,c_0
17386,2023-05-18 10:00:00,b,b_1
17387,2023-05-18 11:00:00,b,b_1
17388,2023-05-18 12:00:00,b,b_1
17389,2023-05-18 13:00:00,b,b_1
17390,2023-05-18 14:00:00,b,b_1
17391,2023-05-18 15:00:00,b,b_1
17392,2023-05-18 16:00:00,b,b_1
17393,2023-05-18 17:00:00,b,b_1
17394,2023-05-18 18:00:00,d,d_1
17395,2023-05-18 19:00:00,d,d_1
17396,2023-05-18 20:00:00,d,d_1
17397,2023-05-18 21:00:00,d,d_1
17398,2023-05-18 22:00:00,d,d_1
17399,2023-05-18 23:00:00,d,d_1
17400,2023-05-19 00:00:00,d,d_1
17401,2023-05-19 01:00:00,d,d_1
17402,2023-05-19 02:00:00,c,c_1
17403,2023-05-19 03:00:00,c,c_1
17404,2023-05-19 04:00:00,c,c_1
17405,2023-05-19 05:00:00,c,c_1
17406,2023-05-19 06:00:00,c,c_1
17407,2023-05-19 07:00:00,c,c_1
17408,2023-05-19 08:00:00,c,c_1
17409,2023-05-19 09:00:00,d,d_0
17410,2023-05-19 10:00:00,d,d_0
17411,2023-05-19 11:00:00,c,c_1
17412,2023-05-19 12:00:00,c,c_1
17413,2023-05-19 13:00:00,c,c_1
17414,2023-05-19 14:00:00,c,c_1
17415,2023-05-19 15:00:00,c,c_1
17416,2023-05-19 16:00:00,c,c_1
17417,2023-05-19 17:00:00,c,c_1
17418,2023-05-19 18:00:00,e,e_1
17419,2023-05-19 19:00:00,e,e_1
17420,2023-05-19 20:00:00,e,e_1
17421,2023-05-19 21:00:00,e,e_1
17422,2023-05-19 22:00:00,e,e_1
17423,2023-05-19 23:00:00,e,e_1
17424,2023-05-20 00:00:00,e,e_1
17425,2023-05-20 01:00:00,c,c_0
17426,2023-05-20 02:00:00,e,e_0
17427,2023-05-20 03:00:00,e,e_0
17428,2023-05-20 04:00:00,g,g_0
17429,2023-05-20 05:00:00,d,d_0
17430,2023-05-20 06:00:00,b,b_0
17431,2023-05-20 07:00:00,b,b_0
17432,2023-05-20 08:00:00,a,a_1
17433,2023-05-20 09:00:00,a,a_1
17434,2023-05-20 10:00:00,a,a_1
17435,2023-05-20 11:00:00,a,a_1
17436,2023-05-20 12:00:00,a,a_1
17437,2023-05-20 13:00:00,a,a_1
17438,2023-05-20 14:00:00,a,a_1
17439,2023-05-20 15:00:00,a,a_1
17440,2023-05-20 16:00:00,c,c_1
17441,2023-05-20 17:00:00,c,c_1
17442,2023-05-20 18:00:00,c,c_1
17443,2023-05-20 19:00:00,c,c_1
17444,2023-05-20 20:00:00,c,c_1
17445,2023-05-20 21:00:00,c,c_1
17446,2023-05-20 22:00:00,c,c_1
17447,2023-05-20 23:00:00,g,g_1
17448,2023-05-21 00:00:00,g,g_1
17449,2023-05-21 01:00:00,b,b_1
17450,2023-05-21 02:00:00,b,b_1
17451,2023-05-21 03:00:00,b,b_1
17452,2023-05-21 04:00:00,b,b_1
17453,2023-05-21 05:00:00,b,b_1
17454,2023-05-21 06:00:00,b,b_1
17455,2023-05-21 07:00:00,b,b_1
17456,2023-05-21 08:00:00,b,b_1
17457,2023-05-21 09:00:00,h,h_1
17458,2023-05-21 10:00:00,h,h_1
17459,2023-05-21 11:00:00,d,d_0
17460,2023-05-21 12:00:00,d,d_0
17461,2023-05-21 13:00:00,c,c_1
17462,2023-05-21 14:00:00,c,c_1
17463,2023-05-21 15:00:00,c,c_1
17464,2023-05-21 16:00:00,c,c_1
17465,2023-05-21 17:00:00,c,c_1
17466,2023-05-21 18:00:00,c,c_1
17467,2023-05-21 19:00:00,c,c_1
17468,2023-05-21 20:00:00,b,b_1
17469,2023-05-21 21:00:00,b,b_1
17470,2023-05-21 22:00:00,b,b_1
17471,2023-05-21 23:00:00,b,b_1
17472,2023-05-22 00:00:00,b,b_1
17473,2023-05-22 01:00:00,b,b_1
17474,2023-05-22 02:00:00,b,b_1
17475,2023-05-22 03:00:00,f,f_1
17476,2023-05-22 04:00:00,f,f_1
17477,2023-05-22 05:00:00,f,f_1
17478,2023-05-22 06:00:00,f,f_1
17479,2023-05-22 07:00:00,f,f_1
17480,2023-05-22 08:00:00,f,f_1
17481,2023-05-22 09:00:00,f,f_1
17482,2023-05-22 10:00:00,e,e_1
17483,2023-05-22 11:00:00,e,e_1
17484,2023-05-22 12:00:00,e,e_1
17485,2023-05-22 13:00:00,e,e_1
17486,2023-05-22 14:00:00,e,e_1
17487,2023-05-22 15:00:00,e,e_1
17488,2023-05-22 16:00:00,e,e_1
17489,2023-05-22 17:00:00,e,e_1
17490,2023-05-22 18:00:00,h,h_0
17491,2023-05-22 19:00:00,a,a_1
17492,2023-05-22 20:00:00,a,a_1
17493,2023-05-22 21:00:00,a,a_1
17494,2023-05-22 22:00:00,a,a_1
17495,2023-05-22 23:00:00,a,a_1
17496,2023-05-23 00:00:00,a,a_1
17497,2023-05-23 01:00:00,a,a_1
17498,2023-05-23 02:00:00,a,a_1
17499,2023-05-23 03:00:00,d,d_0
17500,2023-05-23 04:00:00,c,c_1
17501,2023-05-23 05:00:00,c,c_1
17502,2023-05-23 06:00:00,c,c_1
17503,2023-05-23 07:00:00,c,c_1
17504,2023-05-23 08:00:00,c,c_1
17505,2023-05-23 09:00:00,c,c_1
17506,2023-05-23 10:00:00,c,c_1
17507,2023-05-23 11:00:00,d,d_0
17508,2023-05-23 12:00:00,d,d_0
17509,2023-05-23 13:00:00,f,f_1
17510,2023-05-23 14:00:00,f,f_1
17511,2023-05-23 15:00:00,f,f_1
17512,2023-05-23 16:00:00,f,f_1
17513,2023-05-23 17:00:00,f,f_1
17514,2023-05-23 18:00:00,f,f_1
17515,2023-05-23 19:00:00,f,f_1
17516,2023-05-23 20:00:00,f,f_1
17517,2023-05-23 21:00:00,b,b_1
17518,2023-05-23 22:00:00,b,b_1
17519,2023-05-23 23:00:00,b,b_1
17520,2023-05-24 00:00:00,b,b_1
17521,2023-05-24 01:00:00,b,b_1
17522,2023-05-24 02:00:00,b,b_1
17523,2023-05-24 03:00:00,b,b_1
17524,2023-05-24 04:00:00,e,e_1
17525,2023-05-24 05:00:00,e,e_1
17526,2023-05-24 06:00:00,e,e_1
17527,2023-05-24 07:00:00,e,e_1
17528,2023-05-24 08:00:00,e,e_1
17529,2023-05-24 09:00:00,e,e_1
17530,2023-05-24 10:00:00,e,e_1
17531,2023-05-24 11:00:00,e,e_1
17532,2023-05-24 12:00:00,b,b_0
17533,2023-05-24 13:00:00,b,b_0
17534,2023-05-24 14:00:00,e,e_1
17535,2023-05-24 15:00:00,e,e_1
17536,2023-05-24 16:00:00,e,e_1
17537,2023-05-24 17:00:00,e,e_1
17538,2023-05-24 18:00:00,e,e_1
17539,2023-05-24 19:00:00,e,e_1
17540,2023-05-24 20:00:00,e,e_1
17541,2023-05-24 21:00:00,f,f_0
17542,2023-05-24 22:00:00,g,g_1
17543,2023-05-24 23:00:00,g,g_1
17544,2023-05-25 00:00:00,a,a_1
17545,2023-05-25 01:00:00,a,a_1
17546,2023-05-25 02:00:00,a,a_1
17547,2023-05-25 03:00:00,a,a_1
17548,2023-05-25 04:00:00,a,a_1
17549,2023-05-25 05:00:00,a,a_1
17550,2023-05-25 06:00:00,a,a_1
17551,2023-05-25 07:00:00,b,b_1
17552,2023-05-25 08:00:00,b,b_1
17553,2023-05-25 09:00:00,b,b_1
17554,2023-05-25 10:00:00,b,b_1
17555,2023-05-25 11:00:00,b,b_1
17556,2023-05-25 12:00:00,b,b_1
17557,2023-05-25 13:00:00,b,b_1
17558,2023-05-25 14:00:00,h,h_1
17559,2023-05-25 15:00:00,h,h_1
17560,2023-05-25 16:00:00,c,c_1
17561,2023-05-25 17:00:00,c,c_1
17562,2023-05-25 18:00:00,c,c_1
17563,2023-05-25 19:00:00,c,c_1
17564,2023-05-25 20:00:00,c,c_1
17565,2023-05-25 21:00:00,c,c_1
17566,2023-05-25 22:00:00,c,c_1
17567,2023-05-25 23:00:00,b,b_0
17568,2023-05-26 00:00:00,d,d_1
17569,2023-05-26 01:00:00,d,d_1
17570,2023-05-26 02:00:00,d,d_1
17571,2023-05-26 03:00:00,d,d_1
17572,2023-05-26 04:00:00,d,d_1
17573,2023-05-26 05:00:00,d,d_1
17574,2023-05-26 06:00:00,d,d_1
17575,2023-05-26 07:00:00,d,d_1
17576,2023-05-26 08:00:00,c,c_1
17577,2023-05-26 09:00:00,c,c_1
17578,2023-05-26 10:00:00,c,c_1
17579,2023-05-26 11:00:00,c,c_1
17580,2023-05-26 12:00:00,c,c_1
17581,2023-05-26 13:00:00,c,c_1
17582,2023-05-26 14:00:00,c,c_1
17583,2023-05-26 15:00:00,c,c_1
17584,2023-05-26 16:00:00,a,a_0
17585,2023-05-26 17:00:00,a,a_0
17586,2023-05-26 18:00:00,g,g_1
17587,2023-05-26 19:00:00,g,g_1
17588,2023-05-26 20:00:00,b,b_1
17589,2023-05-26 21:00:00,b,b_1
17590,2023-05-26 22:00:00,b,b_1
17591,2023-05-26 23:00:00,b,b_1
17592,2023-05-27 00:00:00,b,b_1
17593,2023-05-27 01:00:00,b,b_1
17594,2023-05-27 02:00:00,b,b_1
17595,2023-05-27 03:00:00,b,b_1
17596,2023-05-27 04:00:00,c,c_1
17597,2023-05-27 05:00:00,c,c_1
17598,2023-05-27 06:00:00,c,c_1
17599,2023-05-27 07:00:00,c,c_1
17600,2023-05-27 08:00:00,c,c_1
17601,2023-05-27 09:00:00,c,c_1
17602,2023-05-27 10:00:00,c,c_1
17603,2023-05-27 11:00:00,e,e_1
17604,2023-05-27 12:00:00,e,e_1
17605,2023-05-27 13:00:00,e,e_1
17606,2023-05-27 14:00:00,e,e_1
17607,2023-05-27 15:00:00,e,e_1
17608,2023-05-27 16:00:00,e,e_1
17609,2023-05-27 17:00:00,e,e_1
17610,2023-05-27 18:00:00,d,d_0
17611,2023-05-27 19:00:00,d,d_0
17612,2023-05-27 20:00:00,e,e_1
17613,2023-05-27 21:00:00,e,e_1
17614,2023-05-27 22:00:00,e,e_1
17615,2023-05-27 23:00:00,e,e_1
17616,2023-05-28 00:00:00,e,e_1
17617,2023-05-28 01:00:00,e,e_1
17618,2023-05-28 02:00:00,e,e_1
17619,2023-05-28 03:00:00,f,f_1
17620,2023-05-28 04:00:00,f,f_1
17621,2023-05-28 05:00:00,f,f_1
17622,2023-05-28 06:00:00,f,f_1
17623,2023-05-28 07:00:00,f,f_1
17624,2023-05-28 08:00:00,f,f_1
17625,2023-05-28 09:00:00,f,f_1
17626,2023-05-28 10:00:00,b,b_0
17627,2023-05-28 11:00:00,b,b_0
17628,2023-05-28 12:00:00,f,f_1
17629,2023-05-28 13:00:00,f,f_1
17630,2023-05-28 14:00:00,f,f_1
17631,2023-05-28 15:00:00,f,f_1
17632,2023-05-28 16:00:00,f,f_1
17633,2023-05-28 17:00:00,f,f_1
17634,2023-05-28 18:00:00,f,f_1
17635,2023-05-28 19:00:00,b,b_1
17636,2023-05-28 20:00:00,b,b_1
17637,2023-05-28 21:00:00,b,b_1
17638,2023-05-28 22:00:00,b,b_1
17639,2023-05-28 23:00:00,b,b_1
17640,2023-05-29 00:00:00,b,b_1
17641,2023-05-29 01:00:00,b,b_1
17642,2023-05-29 02:00:00,b,b_1
17643,2023-05-29 03:00:00,h,h_1
17644,2023-05-29 04:00:00,h,h_1
17645,2023-05-29 05:00:00,f,f_1
17646,2023-05-29 06:00:00,f,f_1
17647,2023-05-29 07:00:00,f,f_1
17648,2023-05-29 08:00:00,f,f_1
17649,2023-05-29 09:00:00,f,f_1
17650,2023-05-29 10:00:00,f,f_1
17651,2023-05-29 11:00:00,f,f_1
17652,2023-05-29 12:00:00,f,f_1
17653,2023-05-29 13:00:00,h,h_1
17654,2023-05-29 14:00:00,h,h_1
17655,2023-05-29 15:00:00,c,c_1
17656,2023-05-29 16:00:00,c,c_1
17657,2023-05-29 17:00:00,c,c_1
17658,2023-05-29 18:00:00,c,c_1
17659,2023-05-29 19:00:00,c,c_1
17660,2023-05-29 20:00:00,c,c_1
17661,2023-05-29 21:00:00,c,c_1
17662,2023-05-29 22:00:00,c,c_1
17663,2023-05-29 23:00:00,d,d_1
17664,2023-05-30 00:00:00,d,d_1
17665,2023-05-30 01:00:00,d,d_1
17666,2023-05-30 02:00:00,d,d_1
17667,2023-05-30 03:00:00,d,d_1
17668,2023-05-30 04:00:00,d,d_1
17669,2023-05-30 05:00:00,d,d_1
17670,2023-05-30 06:00:00,d,d_1
17671,2023-05-30 07:00:00,b,b_0
17672,2023-05-30 08:00:00,g,g_1
17673,2023-05-30 09:00:00,g,g_1
17674,2023-05-30 10:00:00,c,c_0
17675,2023-05-30 11:00:00,c,c_0
17676,2023-05-30 12:00:00,d,d_0
17677,2023-05-30 13:00:00,c,c_0
17678,2023-05-30 14:00:00,c,c_0
17679,2023-05-30 15:00:00,a,a_0
17680,2023-05-30 16:00:00,d,d_1
17681,2023-05-30 17:00:00,d,d_1
17682,2023-05-30 18:00:00,d,d_1
17683,2023-05-30 19:00:00,d,d_1
17684,2023-05-30 20:00:00,d,d_1
17685,2023-05-30 21:00:00,d,d_1
17686,2023-05-30 22:00:00,d,d_1
17687,2023-05-30 23:00:00,d,d_1
17688,2023-05-31 00:00:00,e,e_1
17689,2023-05-31 01:00:00,e,e_1
17690,2023-05-31 02:00:00,e,e_1
17691,2023-05-31 03:00:00,e,e_1
17692,2023-05-31 04:00:00,e,e_1
17693,2023-05-31 05:00:00,e,e_1
17694,2023-05-31 06:00:00,e,e_1
17695,2023-05-31 07:00:00,e,e_1
17696,2023-05-31 08:00:00,g,g_0
17697,2023-05-31 09:00:00,c,c_1
17698,2023-05-31 10:00:00,c,c_1
17699,2023-05-31 11:00:00,c,c_1
17700,2023-05-31 12:00:00,c,c_1
17701,2023-05-31 13:00:00,c,c_1
17702,2023-05-31 14:00:00,c,c_1
17703,2023-05-31 15:00:00,c,c_1
17704,2023-05-31 16:00:00,c,c_1
17705,2023-05-31 17:00:00,g,g_0
17706,2023-05-31 18:00:00,e,e_1
17707,2023-05-31 19:00:00,e,e_1
17708,2023-05-31 20:00:00,e,e_1
17709,2023-05-31 21:00:00,e,e_1
17710,2023-05-31 22:00:00,e,e_1
17711,2023-05-31 23:00:00,e,e_1
17712,2023-06-01 00:00:00,e,e_1
17713,2023-06-01 01:00:00,e,e_1
17714,2023-06-01 02:00:00,b,b_0
17715,2023-06-01 03:00:00,b,b_0
17716,2023-06-01 04:00:00,h,h_1
17717,2023-06-01 05:00:00,h,h_1
17718,2023-06-01 06:00:00,f,f_1
17719,2023-06-01 07:00:00,f,f_1
17720,2023-06-01 08:00:00,f,f_1
17721,2023-06-01 09:00:00,f,f_1
17722,2023-06-01 10:00:00,f,f_1
17723,2023-06-01 11:00:00,f,f_1
17724,2023-06-01 12:00:00,f,f_1
17725,2023-06-01 13:00:00,c,c_0
17726,2023-06-01 14:00:00,d,d_0
17727,2023-06-01 15:00:00,d,d_0
17728,2023-06-01 16:00:00,c,c_0
17729,2023-06-01 17:00:00,c,c_0
17730,2023-06-01 18:00:00,h,h_1
17731,2023-06-01 19:00:00,h,h_1
17732,2023-06-01 20:00:00,f,f_0
17733,2023-06-01 21:00:00,f,f_0
17734,2023-06-01 22:00:00,d,d_0
17735,2023-06-01 23:00:00,d,d_0
17736,2023-06-02 00:00:00,b,b_1
17737,2023-06-02 01:00:00,b,b_1
17738,2023-06-02 02:00:00,b,b_1
17739,2023-06-02 03:00:00,b,b_1
17740,2023-06-02 04:00:00,b,b_1
17741,2023-06-02 05:00:00,b,b_1
17742,2023-06-02 06:00:00,b,b_1
17743,2023-06-02 07:00:00,e,e_1
17744,2023-06-02 08:00:00,e,e_1
17745,2023-06-02 09:00:00,e,e_1
17746,2023-06-02 10:00:00,e,e_1
17747,2023-06-02 11:00:00,e,e_1
17748,2023-06-02 12:00:00,e,e_1
17749,2023-06-02 13:00:00,e,e_1
17750,2023-06-02 14:00:00,e,e_1
17751,2023-06-02 15:00:00,f,f_1
17752,2023-06-02 16:00:00,f,f_1
17753,2023-06-02 17:00:00,f,f_1
17754,2023-06-02 18:00:00,f,f_1
17755,2023-06-02 19:00:00,f,f_1
17756,2023-06-02 20:00:00,f,f_1
17757,2023-06-02 21:00:00,f,f_1
17758,2023-06-02 22:00:00,e,e_1
17759,2023-06-02 23:00:00,e,e_1
17760,2023-06-03 00:00:00,e,e_1
17761,2023-06-03 01:00:00,e,e_1
17762,2023-06-03 02:00:00,e,e_1
17763,2023-06-03 03:00:00,e,e_1
17764,2023-06-03 04:00:00,e,e_1
17765,2023-06-03 05:00:00,e,e_1
17766,2023-06-03 06:00:00,b,b_1
17767,2023-06-03 07:00:00,b,b_1
17768,2023-06-03 08:00:00,b,b_1
17769,2023-06-03 09:00:00,b,b_1
17770,2023-06-03 10:00:00,b,b_1
17771,2023-06-03 11:00:00,b,b_1
17772,2023-06-03 12:00:00,b,b_1
17773,2023-06-03 13:00:00,b,b_1
17774,2023-06-03 14:00:00,h,h_0
17775,2023-06-03 15:00:00,c,c_1
17776,2023-06-03 16:00:00,c,c_1
17777,2023-06-03 17:00:00,c,c_1
17778,2023-06-03 18:00:00,c,c_1
17779,2023-06-03 19:00:00,c,c_1
17780,2023-06-03 20:00:00,c,c_1
17781,2023-06-03 21:00:00,c,c_1
17782,2023-06-03 22:00:00,a,a_0
17783,2023-06-03 23:00:00,a,a_0
17784,2023-06-04 00:00:00,e,e_0
17785,2023-06-04 01:00:00,c,c_1
17786,2023-06-04 02:00:00,c,c_1
17787,2023-06-04 03:00:00,c,c_1
17788,2023-06-04 04:00:00,c,c_1
17789,2023-06-04 05:00:00,c,c_1
17790,2023-06-04 06:00:00,c,c_1
17791,2023-06-04 07:00:00,c,c_1
17792,2023-06-04 08:00:00,d,d_0
17793,2023-06-04 09:00:00,d,d_0
17794,2023-06-04 10:00:00,f,f_1
17795,2023-06-04 11:00:00,f,f_1
17796,2023-06-04 12:00:00,f,f_1
17797,2023-06-04 13:00:00,f,f_1
17798,2023-06-04 14:00:00,f,f_1
17799,2023-06-04 15:00:00,f,f_1
17800,2023-06-04 16:00:00,f,f_1
17801,2023-06-04 17:00:00,d,d_0
17802,2023-06-04 18:00:00,d,d_0
17803,2023-06-04 19:00:00,h,h_1
17804,2023-06-04 20:00:00,h,h_1
17805,2023-06-04 21:00:00,c,c_1
17806,2023-06-04 22:00:00,c,c_1
17807,2023-06-04 23:00:00,c,c_1
17808,2023-06-05 00:00:00,c,c_1
17809,2023-06-05 01:00:00,c,c_1
17810,2023-06-05 02:00:00,c,c_1
17811,2023-06-05 03:00:00,c,c_1
17812,2023-06-05 04:00:00,c,c_1
17813,2023-06-05 05:00:00,b,b_1
17814,2023-06-05 06:00:00,b,b_1
17815,2023-06-05 07:00:00,b,b_1
17816,2023-06-05 08:00:00,b,b_1
17817,2023-06-05 09:00:00,b,b_1
17818,2023-06-05 10:00:00,b,b_1
17819,2023-06-05 11:00:00,b,b_1
17820,2023-06-05 12:00:00,b,b_1
17821,2023-06-05 13:00:00,a,a_1
17822,2023-06-05 14:00:00,a,a_1
17823,2023-06-05 15:00:00,a,a_1
17824,2023-06-05 16:00:00,a,a_1
17825,2023-06-05 17:00:00,a,a_1
17826,2023-06-05 18:00:00,a,a_1
17827,2023-06-05 19:00:00,a,a_1
17828,2023-06-05 20:00:00,a,a_1
17829,2023-06-05 21:00:00,f,f_1
17830,2023-06-05 22:00:00,f,f_1
17831,2023-06-05 23:00:00,f,f_1
17832,2023-06-06 00:00:00,f,f_1
17833,2023-06-06 01:00:00,f,f_1
17834,2023-06-06 02:00:00,f,f_1
17835,2023-06-06 03:00:00,f,f_1
17836,2023-06-06 04:00:00,f,f_1
17837,2023-06-06 05:00:00,a,a_1
17838,2023-06-06 06:00:00,a,a_1
17839,2023-06-06 07:00:00,a,a_1
17840,2023-06-06 08:00:00,a,a_1
17841,2023-06-06 09:00:00,a,a_1
17842,2023-06-06 10:00:00,a,a_1
17843,2023-06-06 11:00:00,a,a_1
17844,2023-06-06 12:00:00,f,f_0
17845,2023-06-06 13:00:00,f,f_0
17846,2023-06-06 14:00:00,h,h_0
17847,2023-06-06 15:00:00,d,d_0
17848,2023-06-06 16:00:00,d,d_0
17849,2023-06-06 17:00:00,a,a_1
17850,2023-06-06 18:00:00,a,a_1
17851,2023-06-06 19:00:00,a,a_1
17852,2023-06-06 20:00:00,a,a_1
17853,2023-06-06 21:00:00,a,a_1
17854,2023-06-06 22:00:00,a,a_1
17855,2023-06-06 23:00:00,a,a_1
17856,2023-06-07 00:00:00,a,a_1
17857,2023-06-07 01:00:00,c,c_0
17858,2023-06-07 02:00:00,e,e_1
17859,2023-06-07 03:00:00,e,e_1
17860,2023-06-07 04:00:00,e,e_1
17861,2023-06-07 05:00:00,e,e_1
17862,2023-06-07 06:00:00,e,e_1
17863,2023-06-07 07:00:00,e,e_1
17864,2023-06-07 08:00:00,e,e_1
17865,2023-06-07 09:00:00,b,b_1
17866,2023-06-07 10:00:00,b,b_1
17867,2023-06-07 11:00:00,b,b_1
17868,2023-06-07 12:00:00,b,b_1
17869,2023-06-07 13:00:00,b,b_1
17870,2023-06-07 14:00:00,b,b_1
17871,2023-06-07 15:00:00,b,b_1
17872,2023-06-07 16:00:00,b,b_1
17873,2023-06-07 17:00:00,d,d_0
17874,2023-06-07 18:00:00,d,d_0
17875,2023-06-07 19:00:00,e,e_1
17876,2023-06-07 20:00:00,e,e_1
17877,2023-06-07 21:00:00,e,e_1
17878,2023-06-07 22:00:00,e,e_1
17879,2023-06-07 23:00:00,e,e_1
17880,2023-06-08 00:00:00,e,e_1
17881,2023-06-08 01:00:00,e,e_1
17882,2023-06-08 02:00:00,f,f_1
17883,2023-06-08 03:00:00,f,f_1
17884,2023-06-08 04:00:00,f,f_1
17885,2023-06-08 05:00:00,f,f_1
17886,2023-06-08 06:00:00,f,f_1
17887,2023-06-08 07:00:00,f,f_1
17888,2023-06-08 08:00:00,f,f_1
17889,2023-06-08 09:00:00,h,h_1
17890,2023-06-08 10:00:00,h,h_1
17891,2023-06-08 11:00:00,a,a_1
17892,2023-06-08 12:00:00,a,a_1
17893,2023-06-08 13:00:00,a,a_1
17894,2023-06-08 14:00:00,a,a_1
17895,2023-06-08 15:00:00,a,a_1
17896,2023-06-08 16:00:00,a,a_1
17897,2023-06-08 17:00:00,a,a_1
17898,2023-06-08 18:00:00,a,a_1
17899,2023-06-08 19:00:00,b,b_0
17900,2023-06-08 20:00:00,f,f_1
17901,2023-06-08 21:00:00,f,f_1
17902,2023-06-08 22:00:00,f,f_1
17903,2023-06-08 23:00:00,f,f_1
17904,2023-06-09 00:00:00,f,f_1
17905,2023-06-09 01:00:00,f,f_1
17906,2023-06-09 02:00:00,f,f_1
17907,2023-06-09 03:00:00,f,f_1
17908,2023-06-09 04:00:00,c,c_1
17909,2023-06-09 05:00:00,c,c_1
17910,2023-06-09 06:00:00,c,c_1
17911,2023-06-09 07:00:00,c,c_1
17912,2023-06-09 08:00:00,c,c_1
17913,2023-06-09 09:00:00,c,c_1
17914,2023-06-09 10:00:00,c,c_1
17915,2023-06-09 11:00:00,c,c_1
17916,2023-06-09 12:00:00,h,h_1
17917,2023-06-09 13:00:00,h,h_1
17918,2023-06-09 14:00:00,a,a_0
17919,2023-06-09 15:00:00,b,b_1
17920,2023-06-09 16:00:00,b,b_1
17921,2023-06-09 17:00:00,b,b_1
17922,2023-06-09 18:00:00,b,b_1
17923,2023-06-09 19:00:00,b,b_1
17924,2023-06-09 20:00:00,b,b_1
17925,2023-06-09 21:00:00,b,b_1
17926,2023-06-09 22:00:00,d,d_0
17927,2023-06-09 23:00:00,h,h_1
17928,2023-06-10 00:00:00,h,h_1
17929,2023-06-10 01:00:00,b,b_0
17930,2023-06-10 02:00:00,b,b_0
17931,2023-06-10 03:00:00,c,c_1
17932,2023-06-10 04:00:00,c,c_1
17933,2023-06-10 05:00:00,c,c_1
17934,2023-06-10 06:00:00,c,c_1
17935,2023-06-10 07:00:00,c,c_1
17936,2023-06-10 08:00:00,c,c_1
17937,2023-06-10 09:00:00,c,c_1
17938,2023-06-10 10:00:00,d,d_1
17939,2023-06-10 11:00:00,d,d_1
17940,2023-06-10 12:00:00,d,d_1
17941,2023-06-10 13:00:00,d,d_1
17942,2023-06-10 14:00:00,d,d_1
17943,2023-06-10 15:00:00,d,d_1
17944,2023-06-10 16:00:00,d,d_1
17945,2023-06-10 17:00:00,e,e_0
17946,2023-06-10 18:00:00,f,f_1
17947,2023-06-10 19:00:00,f,f_1
17948,2023-06-10 20:00:00,f,f_1
17949,2023-06-10 21:00:00,f,f_1
17950,2023-06-10 22:00:00,f,f_1
17951,2023-06-10 23:00:00,f,f_1
17952,2023-06-11 00:00:00,f,f_1
17953,2023-06-11 01:00:00,f,f_1
17954,2023-06-11 02:00:00,g,g_1
17955,2023-06-11 03:00:00,g,g_1
17956,2023-06-11 04:00:00,h,h_1
17957,2023-06-11 05:00:00,h,h_1
17958,2023-06-11 06:00:00,a,a_1
17959,2023-06-11 07:00:00,a,a_1
17960,2023-06-11 08:00:00,a,a_1
17961,2023-06-11 09:00:00,a,a_1
17962,2023-06-11 10:00:00,a,a_1
17963,2023-06-11 11:00:00,a,a_1
17964,2023-06-11 12:00:00,a,a_1
17965,2023-06-11 13:00:00,c,c_1
17966,2023-06-11 14:00:00,c,c_1
17967,2023-06-11 15:00:00,c,c_1
17968,2023-06-11 16:00:00,c,c_1
17969,2023-06-11 17:00:00,c,c_1
17970,2023-06-11 18:00:00,c,c_1
17971,2023-06-11 19:00:00,c,c_1
17972,2023-06-11 20:00:00,c,c_1
17973,2023-06-11 21:00:00,f,f_1
17974,2023-06-11 22:00:00,f,f_1
17975,2023-06-11 23:00:00,f,f_1
17976,2023-06-12 00:00:00,f,f_1
17977,2023-06-12 01:00:00,f,f_1
17978,2023-06-12 02:00:00,f,f_1
17979,2023-06-12 03:00:00,f,f_1
17980,2023-06-12 04:00:00,b,b_1
17981,2023-06-12 05:00:00,b,b_1
17982,2023-06-12 06:00:00,b,b_1
17983,2023-06-12 07:00:00,b,b_1
17984,2023-06-12 08:00:00,b,b_1
17985,2023-06-12 09:00:00,b,b_1
17986,2023-06-12 10:00:00,b,b_1
17987,2023-06-12 11:00:00,c,c_1
17988,2023-06-12 12:00:00,c,c_1
17989,2023-06-12 13:00:00,c,c_1
17990,2023-06-12 14:00:00,c,c_1
17991,2023-06-12 15:00:00,c,c_1
17992,2023-06-12 16:00:00,c,c_1
17993,2023-06-12 17:00:00,c,c_1
17994,2023-06-12 18:00:00,d,d_0
17995,2023-06-12 19:00:00,d,d_0
17996,2023-06-12 20:00:00,h,h_0
17997,2023-06-12 21:00:00,b,b_0
17998,2023-06-12 22:00:00,a,a_1
17999,2023-06-12 23:00:00,a,a_1
18000,2023-06-13 00:00:00,a,a_1
18001,2023-06-13 01:00:00,a,a_1
18002,2023-06-13 02:00:00,a,a_1
18003,2023-06-13 03:00:00,a,a_1
18004,2023-06-13 04:00:00,a,a_1
18005,2023-06-13 05:00:00,a,a_1
18006,2023-06-13 06:00:00,c,c_0
18007,2023-06-13 07:00:00,c,c_0
18008,2023-06-13 08:00:00,e,e_0
18009,2023-06-13 09:00:00,c,c_0
18010,2023-06-13 10:00:00,d,d_0
18011,2023-06-13 11:00:00,f,f_0
18012,2023-06-13 12:00:00,d,d_1
18013,2023-06-13 13:00:00,d,d_1
18014,2023-06-13 14:00:00,d,d_1
18015,2023-06-13 15:00:00,d,d_1
18016,2023-06-13 16:00:00,d,d_1
18017,2023-06-13 17:00:00,d,d_1
18018,2023-06-13 18:00:00,d,d_1
18019,2023-06-13 19:00:00,g,g_1
18020,2023-06-13 20:00:00,g,g_1
18021,2023-06-13 21:00:00,e,e_1
18022,2023-06-13 22:00:00,e,e_1
18023,2023-06-13 23:00:00,e,e_1
18024,2023-06-14 00:00:00,e,e_1
18025,2023-06-14 01:00:00,e,e_1
18026,2023-06-14 02:00:00,e,e_1
18027,2023-06-14 03:00:00,e,e_1
18028,2023-06-14 04:00:00,e,e_1
18029,2023-06-14 05:00:00,f,f_0
18030,2023-06-14 06:00:00,h,h_1
18031,2023-06-14 07:00:00,h,h_1
18032,2023-06-14 08:00:00,d,d_0
18033,2023-06-14 09:00:00,f,f_1
18034,2023-06-14 10:00:00,f,f_1
18035,2023-06-14 11:00:00,f,f_1
18036,2023-06-14 12:00:00,f,f_1
18037,2023-06-14 13:00:00,f,f_1
18038,2023-06-14 14:00:00,f,f_1
18039,2023-06-14 15:00:00,f,f_1
18040,2023-06-14 16:00:00,h,h_0
18041,2023-06-14 17:00:00,b,b_0
18042,2023-06-14 18:00:00,b,b_0
18043,2023-06-14 19:00:00,g,g_0
18044,2023-06-14 20:00:00,h,h_1
18045,2023-06-14 21:00:00,h,h_1
18046,2023-06-14 22:00:00,e,e_0
18047,2023-06-14 23:00:00,e,e_0
18048,2023-06-15 00:00:00,c,c_1
18049,2023-06-15 01:00:00,c,c_1
18050,2023-06-15 02:00:00,c,c_1
18051,2023-06-15 03:00:00,c,c_1
18052,2023-06-15 04:00:00,c,c_1
18053,2023-06-15 05:00:00,c,c_1
18054,2023-06-15 06:00:00,c,c_1
18055,2023-06-15 07:00:00,d,d_0
18056,2023-06-15 08:00:00,d,d_0
18057,2023-06-15 09:00:00,f,f_0
18058,2023-06-15 10:00:00,d,d_0
18059,2023-06-15 11:00:00,d,d_0
18060,2023-06-15 12:00:00,f,f_0
18061,2023-06-15 13:00:00,f,f_0
18062,2023-06-15 14:00:00,g,g_0
18063,2023-06-15 15:00:00,d,d_0
18064,2023-06-15 16:00:00,e,e_1
18065,2023-06-15 17:00:00,e,e_1
18066,2023-06-15 18:00:00,e,e_1
18067,2023-06-15 19:00:00,e,e_1
18068,2023-06-15 20:00:00,e,e_1
18069,2023-06-15 21:00:00,e,e_1
18070,2023-06-15 22:00:00,e,e_1
18071,2023-06-15 23:00:00,g,g_0
18072,2023-06-16 00:00:00,h,h_0
18073,2023-06-16 01:00:00,b,b_0
18074,2023-06-16 02:00:00,c,c_0
18075,2023-06-16 03:00:00,e,e_1
18076,2023-06-16 04:00:00,e,e_1
18077,2023-06-16 05:00:00,e,e_1
18078,2023-06-16 06:00:00,e,e_1
18079,2023-06-16 07:00:00,e,e_1
18080,2023-06-16 08:00:00,e,e_1
18081,2023-06-16 09:00:00,e,e_1
18082,2023-06-16 10:00:00,h,h_0
18083,2023-06-16 11:00:00,c,c_0
18084,2023-06-16 12:00:00,e,e_0
18085,2023-06-16 13:00:00,e,e_0
18086,2023-06-16 14:00:00,b,b_0
18087,2023-06-16 15:00:00,b,b_0
18088,2023-06-16 16:00:00,f,f_1
18089,2023-06-16 17:00:00,f,f_1
18090,2023-06-16 18:00:00,f,f_1
18091,2023-06-16 19:00:00,f,f_1
18092,2023-06-16 20:00:00,f,f_1
18093,2023-06-16 21:00:00,f,f_1
18094,2023-06-16 22:00:00,f,f_1
18095,2023-06-16 23:00:00,g,g_1
18096,2023-06-17 00:00:00,g,g_1
18097,2023-06-17 01:00:00,e,e_1
18098,2023-06-17 02:00:00,e,e_1
18099,2023-06-17 03:00:00,e,e_1
18100,2023-06-17 04:00:00,e,e_1
18101,2023-06-17 05:00:00,e,e_1
18102,2023-06-17 06:00:00,e,e_1
18103,2023-06-17 07:00:00,e,e_1
18104,2023-06-17 08:00:00,e,e_1
18105,2023-06-17 09:00:00,c,c_0
18106,2023-06-17 10:00:00,h,h_1
18107,2023-06-17 11:00:00,h,h_1
18108,2023-06-17 12:00:00,f,f_1
18109,2023-06-17 13:00:00,f,f_1
18110,2023-06-17 14:00:00,f,f_1
18111,2023-06-17 15:00:00,f,f_1
18112,2023-06-17 16:00:00,f,f_1
18113,2023-06-17 17:00:00,f,f_1
18114,2023-06-17 18:00:00,f,f_1
18115,2023-06-17 19:00:00,h,h_0
18116,2023-06-17 20:00:00,b,b_0
18117,2023-06-17 21:00:00,b,b_0
18118,2023-06-17 22:00:00,d,d_1
18119,2023-06-17 23:00:00,d,d_1
18120,2023-06-18 00:00:00,d,d_1
18121,2023-06-18 01:00:00,d,d_1
18122,2023-06-18 02:00:00,d,d_1
18123,2023-06-18 03:00:00,d,d_1
18124,2023-06-18 04:00:00,d,d_1
18125,2023-06-18 05:00:00,c,c_0
18126,2023-06-18 06:00:00,c,c_0
18127,2023-06-18 07:00:00,h,h_1
18128,2023-06-18 08:00:00,h,h_1
18129,2023-06-18 09:00:00,g,g_1
18130,2023-06-18 10:00:00,g,g_1
18131,2023-06-18 11:00:00,e,e_0
18132,2023-06-18 12:00:00,e,e_0
18133,2023-06-18 13:00:00,c,c_1
18134,2023-06-18 14:00:00,c,c_1
18135,2023-06-18 15:00:00,c,c_1
18136,2023-06-18 16:00:00,c,c_1
18137,2023-06-18 17:00:00,c,c_1
18138,2023-06-18 18:00:00,c,c_1
18139,2023-06-18 19:00:00,c,c_1
18140,2023-06-18 20:00:00,f,f_1
18141,2023-06-18 21:00:00,f,f_1
18142,2023-06-18 22:00:00,f,f_1
18143,2023-06-18 23:00:00,f,f_1
18144,2023-06-19 00:00:00,f,f_1
18145,2023-06-19 01:00:00,f,f_1
18146,2023-06-19 02:00:00,f,f_1
18147,2023-06-19 03:00:00,d,d_1
18148,2023-06-19 04:00:00,d,d_1
18149,2023-06-19 05:00:00,d,d_1
18150,2023-06-19 06:00:00,d,d_1
18151,2023-06-19 07:00:00,d,d_1
18152,2023-06-19 08:00:00,d,d_1
18153,2023-06-19 09:00:00,d,d_1
18154,2023-06-19 10:00:00,g,g_0
18155,2023-06-19 11:00:00,d,d_0
18156,2023-06-19 12:00:00,d,d_0
18157,2023-06-19 13:00:00,h,h_1
18158,2023-06-19 14:00:00,h,h_1
18159,2023-06-19 15:00:00,e,e_1
18160,2023-06-19 16:00:00,e,e_1
18161,2023-06-19 17:00:00,e,e_1
18162,2023-06-19 18:00:00,e,e_1
18163,2023-06-19 19:00:00,e,e_1
18164,2023-06-19 20:00:00,e,e_1
18165,2023-06-19 21:00:00,e,e_1
18166,2023-06-19 22:00:00,e,e_1
18167,2023-06-19 23:00:00,f,f_1
18168,2023-06-20 00:00:00,f,f_1
18169,2023-06-20 01:00:00,f,f_1
18170,2023-06-20 02:00:00,f,f_1
18171,2023-06-20 03:00:00,f,f_1
18172,2023-06-20 04:00:00,f,f_1
18173,2023-06-20 05:00:00,f,f_1
18174,2023-06-20 06:00:00,f,f_1
18175,2023-06-20 07:00:00,g,g_0
18176,2023-06-20 08:00:00,h,h_0
18177,2023-06-20 09:00:00,b,b_0
18178,2023-06-20 10:00:00,e,e_1
18179,2023-06-20 11:00:00,e,e_1
18180,2023-06-20 12:00:00,e,e_1
18181,2023-06-20 13:00:00,e,e_1
18182,2023-06-20 14:00:00,e,e_1
18183,2023-06-20 15:00:00,e,e_1
18184,2023-06-20 16:00:00,e,e_1
18185,2023-06-20 17:00:00,h,h_1
18186,2023-06-20 18:00:00,h,h_1
18187,2023-06-20 19:00:00,f,f_1
18188,2023-06-20 20:00:00,f,f_1
18189,2023-06-20 21:00:00,f,f_1
18190,2023-06-20 22:00:00,f,f_1
18191,2023-06-20 23:00:00,f,f_1
18192,2023-06-21 00:00:00,f,f_1
18193,2023-06-21 01:00:00,f,f_1
18194,2023-06-21 02:00:00,g,g_1
18195,2023-06-21 03:00:00,g,g_1
18196,2023-06-21 04:00:00,c,c_0
18197,2023-06-21 05:00:00,c,c_0
18198,2023-06-21 06:00:00,h,h_0
18199,2023-06-21 07:00:00,d,d_1
18200,2023-06-21 08:00:00,d,d_1
18201,2023-06-21 09:00:00,d,d_1
18202,2023-06-21 10:00:00,d,d_1
18203,2023-06-21 11:00:00,d,d_1
18204,2023-06-21 12:00:00,d,d_1
18205,2023-06-21 13:00:00,d,d_1
18206,2023-06-21 14:00:00,d,d_1
18207,2023-06-21 15:00:00,a,a_1
18208,2023-06-21 16:00:00,a,a_1
18209,2023-06-21 17:00:00,a,a_1
18210,2023-06-21 18:00:00,a,a_1
18211,2023-06-21 19:00:00,a,a_1
18212,2023-06-21 20:00:00,a,a_1
18213,2023-06-21 21:00:00,a,a_1
18214,2023-06-21 22:00:00,d,d_1
18215,2023-06-21 23:00:00,d,d_1
18216,2023-06-22 00:00:00,d,d_1
18217,2023-06-22 01:00:00,d,d_1
18218,2023-06-22 02:00:00,d,d_1
18219,2023-06-22 03:00:00,d,d_1
18220,2023-06-22 04:00:00,d,d_1
18221,2023-06-22 05:00:00,e,e_1
18222,2023-06-22 06:00:00,e,e_1
18223,2023-06-22 07:00:00,e,e_1
18224,2023-06-22 08:00:00,e,e_1
18225,2023-06-22 09:00:00,e,e_1
18226,2023-06-22 10:00:00,e,e_1
18227,2023-06-22 11:00:00,e,e_1
18228,2023-06-22 12:00:00,a,a_0
18229,2023-06-22 13:00:00,a,a_0
18230,2023-06-22 14:00:00,b,b_0
18231,2023-06-22 15:00:00,b,b_0
18232,2023-06-22 16:00:00,f,f_1
18233,2023-06-22 17:00:00,f,f_1
18234,2023-06-22 18:00:00,f,f_1
18235,2023-06-22 19:00:00,f,f_1
18236,2023-06-22 20:00:00,f,f_1
18237,2023-06-22 21:00:00,f,f_1
18238,2023-06-22 22:00:00,f,f_1
18239,2023-06-22 23:00:00,g,g_0
18240,2023-06-23 00:00:00,c,c_0
18241,2023-06-23 01:00:00,h,h_0
18242,2023-06-23 02:00:00,f,f_1
18243,2023-06-23 03:00:00,f,f_1
18244,2023-06-23 04:00:00,f,f_1
18245,2023-06-23 05:00:00,f,f_1
18246,2023-06-23 06:00:00,f,f_1
18247,2023-06-23 07:00:00,f,f_1
18248,2023-06-23 08:00:00,f,f_1
18249,2023-06-23 09:00:00,a,a_1
18250,2023-06-23 10:00:00,a,a_1
18251,2023-06-23 11:00:00,a,a_1
18252,2023-06-23 12:00:00,a,a_1
18253,2023-06-23 13:00:00,a,a_1
18254,2023-06-23 14:00:00,a,a_1
18255,2023-06-23 15:00:00,a,a_1
18256,2023-06-23 16:00:00,a,a_1
18257,2023-06-23 17:00:00,d,d_1
18258,2023-06-23 18:00:00,d,d_1
18259,2023-06-23 19:00:00,d,d_1
18260,2023-06-23 20:00:00,d,d_1
18261,2023-06-23 21:00:00,d,d_1
18262,2023-06-23 22:00:00,d,d_1
18263,2023-06-23 23:00:00,d,d_1
18264,2023-06-24 00:00:00,d,d_1
18265,2023-06-24 01:00:00,b,b_1
18266,2023-06-24 02:00:00,b,b_1
18267,2023-06-24 03:00:00,b,b_1
18268,2023-06-24 04:00:00,b,b_1
18269,2023-06-24 05:00:00,b,b_1
18270,2023-06-24 06:00:00,b,b_1
18271,2023-06-24 07:00:00,b,b_1
18272,2023-06-24 08:00:00,h,h_0
18273,2023-06-24 09:00:00,g,g_1
18274,2023-06-24 10:00:00,g,g_1
18275,2023-06-24 11:00:00,d,d_0
18276,2023-06-24 12:00:00,d,d_0
18277,2023-06-24 13:00:00,a,a_0
18278,2023-06-24 14:00:00,b,b_1
18279,2023-06-24 15:00:00,b,b_1
18280,2023-06-24 16:00:00,b,b_1
18281,2023-06-24 17:00:00,b,b_1
18282,2023-06-24 18:00:00,b,b_1
18283,2023-06-24 19:00:00,b,b_1
18284,2023-06-24 20:00:00,b,b_1
18285,2023-06-24 21:00:00,g,g_1
18286,2023-06-24 22:00:00,g,g_1
18287,2023-06-24 23:00:00,c,c_1
18288,2023-06-25 00:00:00,c,c_1
18289,2023-06-25 01:00:00,c,c_1
18290,2023-06-25 02:00:00,c,c_1
18291,2023-06-25 03:00:00,c,c_1
18292,2023-06-25 04:00:00,c,c_1
18293,2023-06-25 05:00:00,c,c_1
18294,2023-06-25 06:00:00,c,c_1
18295,2023-06-25 07:00:00,a,a_0
18296,2023-06-25 08:00:00,a,a_0
18297,2023-06-25 09:00:00,b,b_0
18298,2023-06-25 10:00:00,b,b_0
18299,2023-06-25 11:00:00,h,h_0
18300,2023-06-25 12:00:00,b,b_1
18301,2023-06-25 13:00:00,b,b_1
18302,2023-06-25 14:00:00,b,b_1
18303,2023-06-25 15:00:00,b,b_1
18304,2023-06-25 16:00:00,b,b_1
18305,2023-06-25 17:00:00,b,b_1
18306,2023-06-25 18:00:00,b,b_1
18307,2023-06-25 19:00:00,c,c_1
18308,2023-06-25 20:00:00,c,c_1
18309,2023-06-25 21:00:00,c,c_1
18310,2023-06-25 22:00:00,c,c_1
18311,2023-06-25 23:00:00,c,c_1
18312,2023-06-26 00:00:00,c,c_1
18313,2023-06-26 01:00:00,c,c_1
18314,2023-06-26 02:00:00,c,c_1
18315,2023-06-26 03:00:00,a,a_0
18316,2023-06-26 04:00:00,a,a_0
18317,2023-06-26 05:00:00,d,d_0
18318,2023-06-26 06:00:00,f,f_0
18319,2023-06-26 07:00:00,f,f_0
18320,2023-06-26 08:00:00,a,a_1
18321,2023-06-26 09:00:00,a,a_1
18322,2023-06-26 10:00:00,a,a_1
18323,2023-06-26 11:00:00,a,a_1
18324,2023-06-26 12:00:00,a,a_1
18325,2023-06-26 13:00:00,a,a_1
18326,2023-06-26 14:00:00,a,a_1
18327,2023-06-26 15:00:00,b,b_1
18328,2023-06-26 16:00:00,b,b_1
18329,2023-06-26 17:00:00,b,b_1
18330,2023-06-26 18:00:00,b,b_1
18331,2023-06-26 19:00:00,b,b_1
18332,2023-06-26 20:00:00,b,b_1
18333,2023-06-26 21:00:00,b,b_1
18334,2023-06-26 22:00:00,b,b_1
18335,2023-06-26 23:00:00,a,a_1
18336,2023-06-27 00:00:00,a,a_1
18337,2023-06-27 01:00:00,a,a_1
18338,2023-06-27 02:00:00,a,a_1
18339,2023-06-27 03:00:00,a,a_1
18340,2023-06-27 04:00:00,a,a_1
18341,2023-06-27 05:00:00,a,a_1
18342,2023-06-27 06:00:00,a,a_1
18343,2023-06-27 07:00:00,e,e_1
18344,2023-06-27 08:00:00,e,e_1
18345,2023-06-27 09:00:00,e,e_1
18346,2023-06-27 10:00:00,e,e_1
18347,2023-06-27 11:00:00,e,e_1
18348,2023-06-27 12:00:00,e,e_1
18349,2023-06-27 13:00:00,e,e_1
18350,2023-06-27 14:00:00,e,e_1
18351,2023-06-27 15:00:00,f,f_0
18352,2023-06-27 16:00:00,f,f_0
18353,2023-06-27 17:00:00,h,h_1
18354,2023-06-27 18:00:00,h,h_1
18355,2023-06-27 19:00:00,e,e_0
18356,2023-06-27 20:00:00,g,g_1
18357,2023-06-27 21:00:00,g,g_1
18358,2023-06-27 22:00:00,f,f_0
18359,2023-06-27 23:00:00,f,f_0
18360,2023-06-28 00:00:00,b,b_0
18361,2023-06-28 01:00:00,b,b_0
18362,2023-06-28 02:00:00,f,f_0
18363,2023-06-28 03:00:00,f,f_0
18364,2023-06-28 04:00:00,g,g_1
18365,2023-06-28 05:00:00,g,g_1
18366,2023-06-28 06:00:00,h,h_1
18367,2023-06-28 07:00:00,h,h_1
18368,2023-06-28 08:00:00,c,c_0
18369,2023-06-28 09:00:00,c,c_0
18370,2023-06-28 10:00:00,e,e_1
18371,2023-06-28 11:00:00,e,e_1
18372,2023-06-28 12:00:00,e,e_1
18373,2023-06-28 13:00:00,e,e_1
18374,2023-06-28 14:00:00,e,e_1
18375,2023-06-28 15:00:00,e,e_1
18376,2023-06-28 16:00:00,e,e_1
18377,2023-06-28 17:00:00,e,e_1
18378,2023-06-28 18:00:00,c,c_0
18379,2023-06-28 19:00:00,c,c_0
18380,2023-06-28 20:00:00,g,g_1
18381,2023-06-28 21:00:00,g,g_1
18382,2023-06-28 22:00:00,h,h_1
18383,2023-06-28 23:00:00,h,h_1
18384,2023-06-29 00:00:00,b,b_1
18385,2023-06-29 01:00:00,b,b_1
18386,2023-06-29 02:00:00,b,b_1
18387,2023-06-29 03:00:00,b,b_1
18388,2023-06-29 04:00:00,b,b_1
18389,2023-06-29 05:00:00,b,b_1
18390,2023-06-29 06:00:00,b,b_1
18391,2023-06-29 07:00:00,d,d_1
18392,2023-06-29 08:00:00,d,d_1
18393,2023-06-29 09:00:00,d,d_1
18394,2023-06-29 10:00:00,d,d_1
18395,2023-06-29 11:00:00,d,d_1
18396,2023-06-29 12:00:00,d,d_1
18397,2023-06-29 13:00:00,d,d_1
18398,2023-06-29 14:00:00,c,c_1
18399,2023-06-29 15:00:00,c,c_1
18400,2023-06-29 16:00:00,c,c_1
18401,2023-06-29 17:00:00,c,c_1
18402,2023-06-29 18:00:00,c,c_1
18403,2023-06-29 19:00:00,c,c_1
18404,2023-06-29 20:00:00,c,c_1
18405,2023-06-29 21:00:00,f,f_0
18406,2023-06-29 22:00:00,d,d_0
18407,2023-06-29 23:00:00,d,d_0
18408,2023-06-30 00:00:00,c,c_1
18409,2023-06-30 01:00:00,c,c_1
18410,2023-06-30 02:00:00,c,c_1
18411,2023-06-30 03:00:00,c,c_1
18412,2023-06-30 04:00:00,c,c_1
18413,2023-06-30 05:00:00,c,c_1
18414,2023-06-30 06:00:00,c,c_1
18415,2023-06-30 07:00:00,d,d_0
18416,2023-06-30 08:00:00,d,d_0
18417,2023-06-30 09:00:00,e,e_1
18418,2023-06-30 10:00:00,e,e_1
18419,2023-06-30 11:00:00,e,e_1
18420,2023-06-30 12:00:00,e,e_1
18421,2023-06-30 13:00:00,e,e_1
18422,2023-06-30 14:00:00,e,e_1
18423,2023-06-30 15:00:00,e,e_1
18424,2023-06-30 16:00:00,g,g_0
18425,2023-06-30 17:00:00,d,d_0
18426,2023-06-30 18:00:00,f,f_1
18427,2023-06-30 19:00:00,f,f_1
18428,2023-06-30 20:00:00,f,f_1
18429,2023-06-30 21:00:00,f,f_1
18430,2023-06-30 22:00:00,f,f_1
18431,2023-06-30 23:00:00,f,f_1
18432,2023-07-01 00:00:00,f,f_1
18433,2023-07-01 01:00:00,f,f_1
18434,2023-07-01 02:00:00,h,h_0
18435,2023-07-01 03:00:00,e,e_1
18436,2023-07-01 04:00:00,e,e_1
18437,2023-07-01 05:00:00,e,e_1
18438,2023-07-01 06:00:00,e,e_1
18439,2023-07-01 07:00:00,e,e_1
18440,2023-07-01 08:00:00,e,e_1
18441,2023-07-01 09:00:00,e,e_1
18442,2023-07-01 10:00:00,a,a_1
18443,2023-07-01 11:00:00,a,a_1
18444,2023-07-01 12:00:00,a,a_1
18445,2023-07-01 13:00:00,a,a_1
18446,2023-07-01 14:00:00,a,a_1
18447,2023-07-01 15:00:00,a,a_1
18448,2023-07-01 16:00:00,a,a_1
18449,2023-07-01 17:00:00,a,a_1
18450,2023-07-01 18:00:00,e,e_1
18451,2023-07-01 19:00:00,e,e_1
18452,2023-07-01 20:00:00,e,e_1
18453,2023-07-01 21:00:00,e,e_1
18454,2023-07-01 22:00:00,e,e_1
18455,2023-07-01 23:00:00,e,e_1
18456,2023-07-02 00:00:00,e,e_1
18457,2023-07-02 01:00:00,c,c_1
18458,2023-07-02 02:00:00,c,c_1
18459,2023-07-02 03:00:00,c,c_1
18460,2023-07-02 04:00:00,c,c_1
18461,2023-07-02 05:00:00,c,c_1
18462,2023-07-02 06:00:00,c,c_1
18463,2023-07-02 07:00:00,c,c_1
18464,2023-07-02 08:00:00,d,d_0
18465,2023-07-02 09:00:00,f,f_0
18466,2023-07-02 10:00:00,e,e_1
18467,2023-07-02 11:00:00,e,e_1
18468,2023-07-02 12:00:00,e,e_1
18469,2023-07-02 13:00:00,e,e_1
18470,2023-07-02 14:00:00,e,e_1
18471,2023-07-02 15:00:00,e,e_1
18472,2023-07-02 16:00:00,e,e_1
18473,2023-07-02 17:00:00,e,e_1
18474,2023-07-02 18:00:00,a,a_0
18475,2023-07-02 19:00:00,a,a_0
18476,2023-07-02 20:00:00,d,d_0
18477,2023-07-02 21:00:00,d,d_0
18478,2023-07-02 22:00:00,g,g_1
18479,2023-07-02 23:00:00,g,g_1
18480,2023-07-03 00:00:00,b,b_0
18481,2023-07-03 01:00:00,b,b_0
18482,2023-07-03 02:00:00,f,f_1
18483,2023-07-03 03:00:00,f,f_1
18484,2023-07-03 04:00:00,f,f_1
18485,2023-07-03 05:00:00,f,f_1
18486,2023-07-03 06:00:00,f,f_1
18487,2023-07-03 07:00:00,f,f_1
18488,2023-07-03 08:00:00,f,f_1
18489,2023-07-03 09:00:00,e,e_0
18490,2023-07-03 10:00:00,e,e_0
18491,2023-07-03 11:00:00,g,g_1
18492,2023-07-03 12:00:00,g,g_1
18493,2023-07-03 13:00:00,h,h_0
18494,2023-07-03 14:00:00,a,a_1
18495,2023-07-03 15:00:00,a,a_1
18496,2023-07-03 16:00:00,a,a_1
18497,2023-07-03 17:00:00,a,a_1
18498,2023-07-03 18:00:00,a,a_1
18499,2023-07-03 19:00:00,a,a_1
18500,2023-07-03 20:00:00,a,a_1
18501,2023-07-03 21:00:00,a,a_1
18502,2023-07-03 22:00:00,c,c_0
18503,2023-07-03 23:00:00,f,f_0
18504,2023-07-04 00:00:00,f,f_0
18505,2023-07-04 01:00:00,h,h_1
18506,2023-07-04 02:00:00,h,h_1
18507,2023-07-04 03:00:00,b,b_1
18508,2023-07-04 04:00:00,b,b_1
18509,2023-07-04 05:00:00,b,b_1
18510,2023-07-04 06:00:00,b,b_1
18511,2023-07-04 07:00:00,b,b_1
18512,2023-07-04 08:00:00,b,b_1
18513,2023-07-04 09:00:00,b,b_1
18514,2023-07-04 10:00:00,f,f_1
18515,2023-07-04 11:00:00,f,f_1
18516,2023-07-04 12:00:00,f,f_1
18517,2023-07-04 13:00:00,f,f_1
18518,2023-07-04 14:00:00,f,f_1
18519,2023-07-04 15:00:00,f,f_1
18520,2023-07-04 16:00:00,f,f_1
18521,2023-07-04 17:00:00,f,f_1
18522,2023-07-04 18:00:00,e,e_1
18523,2023-07-04 19:00:00,e,e_1
18524,2023-07-04 20:00:00,e,e_1
18525,2023-07-04 21:00:00,e,e_1
18526,2023-07-04 22:00:00,e,e_1
18527,2023-07-04 23:00:00,e,e_1
18528,2023-07-05 00:00:00,e,e_1
18529,2023-07-05 01:00:00,f,f_0
18530,2023-07-05 02:00:00,e,e_0
18531,2023-07-05 03:00:00,g,g_0
18532,2023-07-05 04:00:00,h,h_0
18533,2023-07-05 05:00:00,f,f_1
18534,2023-07-05 06:00:00,f,f_1
18535,2023-07-05 07:00:00,f,f_1
18536,2023-07-05 08:00:00,f,f_1
18537,2023-07-05 09:00:00,f,f_1
18538,2023-07-05 10:00:00,f,f_1
18539,2023-07-05 11:00:00,f,f_1
18540,2023-07-05 12:00:00,d,d_0
18541,2023-07-05 13:00:00,h,h_0
18542,2023-07-05 14:00:00,e,e_0
18543,2023-07-05 15:00:00,e,e_0
18544,2023-07-05 16:00:00,d,d_1
18545,2023-07-05 17:00:00,d,d_1
18546,2023-07-05 18:00:00,d,d_1
18547,2023-07-05 19:00:00,d,d_1
18548,2023-07-05 20:00:00,d,d_1
18549,2023-07-05 21:00:00,d,d_1
18550,2023-07-05 22:00:00,d,d_1
18551,2023-07-05 23:00:00,d,d_1
18552,2023-07-06 00:00:00,e,e_0
18553,2023-07-06 01:00:00,e,e_0
18554,2023-07-06 02:00:00,h,h_0
18555,2023-07-06 03:00:00,e,e_1
18556,2023-07-06 04:00:00,e,e_1
18557,2023-07-06 05:00:00,e,e_1
18558,2023-07-06 06:00:00,e,e_1
18559,2023-07-06 07:00:00,e,e_1
18560,2023-07-06 08:00:00,e,e_1
18561,2023-07-06 09:00:00,e,e_1
18562,2023-07-06 10:00:00,e,e_1
18563,2023-07-06 11:00:00,a,a_0
18564,2023-07-06 12:00:00,a,a_0
18565,2023-07-06 13:00:00,f,f_0
18566,2023-07-06 14:00:00,f,f_0
18567,2023-07-06 15:00:00,c,c_0
18568,2023-07-06 16:00:00,c,c_0
18569,2023-07-06 17:00:00,g,g_1
18570,2023-07-06 18:00:00,g,g_1
18571,2023-07-06 19:00:00,b,b_0
18572,2023-07-06 20:00:00,b,b_0
18573,2023-07-06 21:00:00,a,a_1
18574,2023-07-06 22:00:00,a,a_1
18575,2023-07-06 23:00:00,a,a_1
18576,2023-07-07 00:00:00,a,a_1
18577,2023-07-07 01:00:00,a,a_1
18578,2023-07-07 02:00:00,a,a_1
18579,2023-07-07 03:00:00,a,a_1
18580,2023-07-07 04:00:00,d,d_1
18581,2023-07-07 05:00:00,d,d_1
18582,2023-07-07 06:00:00,d,d_1
18583,2023-07-07 07:00:00,d,d_1
18584,2023-07-07 08:00:00,d,d_1
18585,2023-07-07 09:00:00,d,d_1
18586,2023-07-07 10:00:00,d,d_1
18587,2023-07-07 11:00:00,d,d_1
18588,2023-07-07 12:00:00,c,c_1
18589,2023-07-07 13:00:00,c,c_1
18590,2023-07-07 14:00:00,c,c_1
18591,2023-07-07 15:00:00,c,c_1
18592,2023-07-07 16:00:00,c,c_1
18593,2023-07-07 17:00:00,c,c_1
18594,2023-07-07 18:00:00,c,c_1
18595,2023-07-07 19:00:00,f,f_1
18596,2023-07-07 20:00:00,f,f_1
18597,2023-07-07 21:00:00,f,f_1
18598,2023-07-07 22:00:00,f,f_1
18599,2023-07-07 23:00:00,f,f_1
18600,2023-07-08 00:00:00,f,f_1
18601,2023-07-08 01:00:00,f,f_1
18602,2023-07-08 02:00:00,c,c_0
18603,2023-07-08 03:00:00,d,d_1
18604,2023-07-08 04:00:00,d,d_1
18605,2023-07-08 05:00:00,d,d_1
18606,2023-07-08 06:00:00,d,d_1
18607,2023-07-08 07:00:00,d,d_1
18608,2023-07-08 08:00:00,d,d_1
18609,2023-07-08 09:00:00,d,d_1
18610,2023-07-08 10:00:00,b,b_0
18611,2023-07-08 11:00:00,g,g_1
18612,2023-07-08 12:00:00,g,g_1
18613,2023-07-08 13:00:00,h,h_0
18614,2023-07-08 14:00:00,d,d_1
18615,2023-07-08 15:00:00,d,d_1
18616,2023-07-08 16:00:00,d,d_1
18617,2023-07-08 17:00:00,d,d_1
18618,2023-07-08 18:00:00,d,d_1
18619,2023-07-08 19:00:00,d,d_1
18620,2023-07-08 20:00:00,d,d_1
18621,2023-07-08 21:00:00,d,d_1
18622,2023-07-08 22:00:00,g,g_0
18623,2023-07-08 23:00:00,f,f_0
18624,2023-07-09 00:00:00,c,c_1
18625,2023-07-09 01:00:00,c,c_1
18626,2023-07-09 02:00:00,c,c_1
18627,2023-07-09 03:00:00,c,c_1
18628,2023-07-09 04:00:00,c,c_1
18629,2023-07-09 05:00:00,c,c_1
18630,2023-07-09 06:00:00,c,c_1
18631,2023-07-09 07:00:00,c,c_1
18632,2023-07-09 08:00:00,g,g_0
18633,2023-07-09 09:00:00,h,h_1
18634,2023-07-09 10:00:00,h,h_1
18635,2023-07-09 11:00:00,e,e_0
18636,2023-07-09 12:00:00,a,a_0
18637,2023-07-09 13:00:00,d,d_0
18638,2023-07-09 14:00:00,d,d_0
18639,2023-07-09 15:00:00,a,a_0
18640,2023-07-09 16:00:00,e,e_1
18641,2023-07-09 17:00:00,e,e_1
18642,2023-07-09 18:00:00,e,e_1
18643,2023-07-09 19:00:00,e,e_1
18644,2023-07-09 20:00:00,e,e_1
18645,2023-07-09 21:00:00,e,e_1
18646,2023-07-09 22:00:00,e,e_1
18647,2023-07-09 23:00:00,e,e_1
18648,2023-07-10 00:00:00,h,h_1
18649,2023-07-10 01:00:00,h,h_1
18650,2023-07-10 02:00:00,b,b_0
18651,2023-07-10 03:00:00,f,f_1
18652,2023-07-10 04:00:00,f,f_1
18653,2023-07-10 05:00:00,f,f_1
18654,2023-07-10 06:00:00,f,f_1
18655,2023-07-10 07:00:00,f,f_1
18656,2023-07-10 08:00:00,f,f_1
18657,2023-07-10 09:00:00,f,f_1
18658,2023-07-10 10:00:00,b,b_0
18659,2023-07-10 11:00:00,b,b_0
18660,2023-07-10 12:00:00,h,h_1
18661,2023-07-10 13:00:00,h,h_1
18662,2023-07-10 14:00:00,f,f_0
18663,2023-07-10 15:00:00,e,e_0
18664,2023-07-10 16:00:00,f,f_0
18665,2023-07-10 17:00:00,c,c_0
18666,2023-07-10 18:00:00,g,g_0
18667,2023-07-10 19:00:00,e,e_0
18668,2023-07-10 20:00:00,d,d_0
18669,2023-07-10 21:00:00,h,h_1
18670,2023-07-10 22:00:00,h,h_1
18671,2023-07-10 23:00:00,e,e_1
18672,2023-07-11 00:00:00,e,e_1
18673,2023-07-11 01:00:00,e,e_1
18674,2023-07-11 02:00:00,e,e_1
18675,2023-07-11 03:00:00,e,e_1
18676,2023-07-11 04:00:00,e,e_1
18677,2023-07-11 05:00:00,e,e_1
18678,2023-07-11 06:00:00,e,e_1
18679,2023-07-11 07:00:00,g,g_0
18680,2023-07-11 08:00:00,f,f_1
18681,2023-07-11 09:00:00,f,f_1
18682,2023-07-11 10:00:00,f,f_1
18683,2023-07-11 11:00:00,f,f_1
18684,2023-07-11 12:00:00,f,f_1
18685,2023-07-11 13:00:00,f,f_1
18686,2023-07-11 14:00:00,f,f_1
18687,2023-07-11 15:00:00,h,h_1
18688,2023-07-11 16:00:00,h,h_1
18689,2023-07-11 17:00:00,c,c_0
18690,2023-07-11 18:00:00,c,c_0
18691,2023-07-11 19:00:00,b,b_0
18692,2023-07-11 20:00:00,b,b_0
18693,2023-07-11 21:00:00,e,e_1
18694,2023-07-11 22:00:00,e,e_1
18695,2023-07-11 23:00:00,e,e_1
18696,2023-07-12 00:00:00,e,e_1
18697,2023-07-12 01:00:00,e,e_1
18698,2023-07-12 02:00:00,e,e_1
18699,2023-07-12 03:00:00,e,e_1
18700,2023-07-12 04:00:00,e,e_1
18701,2023-07-12 05:00:00,h,h_1
18702,2023-07-12 06:00:00,h,h_1
18703,2023-07-12 07:00:00,f,f_0
18704,2023-07-12 08:00:00,f,f_0
18705,2023-07-12 09:00:00,g,g_0
18706,2023-07-12 10:00:00,c,c_0
18707,2023-07-12 11:00:00,f,f_0
18708,2023-07-12 12:00:00,h,h_0
18709,2023-07-12 13:00:00,d,d_1
18710,2023-07-12 14:00:00,d,d_1
18711,2023-07-12 15:00:00,d,d_1
18712,2023-07-12 16:00:00,d,d_1
18713,2023-07-12 17:00:00,d,d_1
18714,2023-07-12 18:00:00,d,d_1
18715,2023-07-12 19:00:00,d,d_1
18716,2023-07-12 20:00:00,d,d_1
18717,2023-07-12 21:00:00,a,a_0
18718,2023-07-12 22:00:00,d,d_0
18719,2023-07-12 23:00:00,b,b_0
18720,2023-07-13 00:00:00,b,b_0
18721,2023-07-13 01:00:00,c,c_0
18722,2023-07-13 02:00:00,c,c_0
18723,2023-07-13 03:00:00,g,g_1
18724,2023-07-13 04:00:00,g,g_1
18725,2023-07-13 05:00:00,c,c_0
18726,2023-07-13 06:00:00,h,h_0
18727,2023-07-13 07:00:00,g,g_1
18728,2023-07-13 08:00:00,g,g_1
18729,2023-07-13 09:00:00,h,h_1
18730,2023-07-13 10:00:00,h,h_1
18731,2023-07-13 11:00:00,c,c_0
18732,2023-07-13 12:00:00,d,d_1
18733,2023-07-13 13:00:00,d,d_1
18734,2023-07-13 14:00:00,d,d_1
18735,2023-07-13 15:00:00,d,d_1
18736,2023-07-13 16:00:00,d,d_1
18737,2023-07-13 17:00:00,d,d_1
18738,2023-07-13 18:00:00,d,d_1
18739,2023-07-13 19:00:00,h,h_1
18740,2023-07-13 20:00:00,h,h_1
18741,2023-07-13 21:00:00,g,g_1
18742,2023-07-13 22:00:00,g,g_1
18743,2023-07-13 23:00:00,a,a_1
18744,2023-07-14 00:00:00,a,a_1
18745,2023-07-14 01:00:00,a,a_1
18746,2023-07-14 02:00:00,a,a_1
18747,2023-07-14 03:00:00,a,a_1
18748,2023-07-14 04:00:00,a,a_1
18749,2023-07-14 05:00:00,a,a_1
18750,2023-07-14 06:00:00,a,a_1
18751,2023-07-14 07:00:00,h,h_0
18752,2023-07-14 08:00:00,a,a_0
18753,2023-07-14 09:00:00,b,b_1
18754,2023-07-14 10:00:00,b,b_1
18755,2023-07-14 11:00:00,b,b_1
18756,2023-07-14 12:00:00,b,b_1
18757,2023-07-14 13:00:00,b,b_1
18758,2023-07-14 14:00:00,b,b_1
18759,2023-07-14 15:00:00,b,b_1
18760,2023-07-14 16:00:00,b,b_1
18761,2023-07-14 17:00:00,g,g_1
18762,2023-07-14 18:00:00,g,g_1
18763,2023-07-14 19:00:00,d,d_0
18764,2023-07-14 20:00:00,f,f_0
18765,2023-07-14 21:00:00,f,f_0
18766,2023-07-14 22:00:00,b,b_0
18767,2023-07-14 23:00:00,g,g_0
18768,2023-07-15 00:00:00,e,e_1
18769,2023-07-15 01:00:00,e,e_1
18770,2023-07-15 02:00:00,e,e_1
18771,2023-07-15 03:00:00,e,e_1
18772,2023-07-15 04:00:00,e,e_1
18773,2023-07-15 05:00:00,e,e_1
18774,2023-07-15 06:00:00,e,e_1
18775,2023-07-15 07:00:00,e,e_1
18776,2023-07-15 08:00:00,h,h_1
18777,2023-07-15 09:00:00,h,h_1
18778,2023-07-15 10:00:00,g,g_0
18779,2023-07-15 11:00:00,c,c_1
18780,2023-07-15 12:00:00,c,c_1
18781,2023-07-15 13:00:00,c,c_1
18782,2023-07-15 14:00:00,c,c_1
18783,2023-07-15 15:00:00,c,c_1
18784,2023-07-15 16:00:00,c,c_1
18785,2023-07-15 17:00:00,c,c_1
18786,2023-07-15 18:00:00,c,c_1
18787,2023-07-15 19:00:00,a,a_1
18788,2023-07-15 20:00:00,a,a_1
18789,2023-07-15 21:00:00,a,a_1
18790,2023-07-15 22:00:00,a,a_1
18791,2023-07-15 23:00:00,a,a_1
18792,2023-07-16 00:00:00,a,a_1
18793,2023-07-16 01:00:00,a,a_1
18794,2023-07-16 02:00:00,h,h_0
18795,2023-07-16 03:00:00,f,f_1
18796,2023-07-16 04:00:00,f,f_1
18797,2023-07-16 05:00:00,f,f_1
18798,2023-07-16 06:00:00,f,f_1
18799,2023-07-16 07:00:00,f,f_1
18800,2023-07-16 08:00:00,f,f_1
18801,2023-07-16 09:00:00,f,f_1
18802,2023-07-16 10:00:00,g,g_0
18803,2023-07-16 11:00:00,b,b_1
18804,2023-07-16 12:00:00,b,b_1
18805,2023-07-16 13:00:00,b,b_1
18806,2023-07-16 14:00:00,b,b_1
18807,2023-07-16 15:00:00,b,b_1
18808,2023-07-16 16:00:00,b,b_1
18809,2023-07-16 17:00:00,b,b_1
18810,2023-07-16 18:00:00,b,b_1
18811,2023-07-16 19:00:00,e,e_1
18812,2023-07-16 20:00:00,e,e_1
18813,2023-07-16 21:00:00,e,e_1
18814,2023-07-16 22:00:00,e,e_1
18815,2023-07-16 23:00:00,e,e_1
18816,2023-07-17 00:00:00,e,e_1
18817,2023-07-17 01:00:00,e,e_1
18818,2023-07-17 02:00:00,f,f_1
18819,2023-07-17 03:00:00,f,f_1
18820,2023-07-17 04:00:00,f,f_1
18821,2023-07-17 05:00:00,f,f_1
18822,2023-07-17 06:00:00,f,f_1
18823,2023-07-17 07:00:00,f,f_1
18824,2023-07-17 08:00:00,f,f_1
18825,2023-07-17 09:00:00,f,f_1
18826,2023-07-17 10:00:00,h,h_1
18827,2023-07-17 11:00:00,h,h_1
18828,2023-07-17 12:00:00,a,a_1
18829,2023-07-17 13:00:00,a,a_1
18830,2023-07-17 14:00:00,a,a_1
18831,2023-07-17 15:00:00,a,a_1
18832,2023-07-17 16:00:00,a,a_1
18833,2023-07-17 17:00:00,a,a_1
18834,2023-07-17 18:00:00,a,a_1
18835,2023-07-17 19:00:00,h,h_0
18836,2023-07-17 20:00:00,f,f_1
18837,2023-07-17 21:00:00,f,f_1
18838,2023-07-17 22:00:00,f,f_1
18839,2023-07-17 23:00:00,f,f_1
18840,2023-07-18 00:00:00,f,f_1
18841,2023-07-18 01:00:00,f,f_1
18842,2023-07-18 02:00:00,f,f_1
18843,2023-07-18 03:00:00,e,e_1
18844,2023-07-18 04:00:00,e,e_1
18845,2023-07-18 05:00:00,e,e_1
18846,2023-07-18 06:00:00,e,e_1
18847,2023-07-18 07:00:00,e,e_1
18848,2023-07-18 08:00:00,e,e_1
18849,2023-07-18 09:00:00,e,e_1
18850,2023-07-18 10:00:00,e,e_1
18851,2023-07-18 11:00:00,h,h_0
18852,2023-07-18 12:00:00,b,b_1
18853,2023-07-18 13:00:00,b,b_1
18854,2023-07-18 14:00:00,b,b_1
18855,2023-07-18 15:00:00,b,b_1
18856,2023-07-18 16:00:00,b,b_1
18857,2023-07-18 17:00:00,b,b_1
18858,2023-07-18 18:00:00,b,b_1
18859,2023-07-18 19:00:00,f,f_1
18860,2023-07-18 20:00:00,f,f_1
18861,2023-07-18 21:00:00,f,f_1
18862,2023-07-18 22:00:00,f,f_1
18863,2023-07-18 23:00:00,f,f_1
18864,2023-07-19 00:00:00,f,f_1
18865,2023-07-19 01:00:00,f,f_1
18866,2023-07-19 02:00:00,a,a_0
18867,2023-07-19 03:00:00,h,h_1
18868,2023-07-19 04:00:00,h,h_1
18869,2023-07-19 05:00:00,d,d_0
18870,2023-07-19 06:00:00,g,g_0
18871,2023-07-19 07:00:00,c,c_1
18872,2023-07-19 08:00:00,c,c_1
18873,2023-07-19 09:00:00,c,c_1
18874,2023-07-19 10:00:00,c,c_1
18875,2023-07-19 11:00:00,c,c_1
18876,2023-07-19 12:00:00,c,c_1
18877,2023-07-19 13:00:00,c,c_1
18878,2023-07-19 14:00:00,c,c_1
18879,2023-07-19 15:00:00,e,e_1
18880,2023-07-19 16:00:00,e,e_1
18881,2023-07-19 17:00:00,e,e_1
18882,2023-07-19 18:00:00,e,e_1
18883,2023-07-19 19:00:00,e,e_1
18884,2023-07-19 20:00:00,e,e_1
18885,2023-07-19 21:00:00,e,e_1
18886,2023-07-19 22:00:00,e,e_1
18887,2023-07-19 23:00:00,h,h_1
18888,2023-07-20 00:00:00,h,h_1
18889,2023-07-20 01:00:00,f,f_1
18890,2023-07-20 02:00:00,f,f_1
18891,2023-07-20 03:00:00,f,f_1
18892,2023-07-20 04:00:00,f,f_1
18893,2023-07-20 05:00:00,f,f_1
18894,2023-07-20 06:00:00,f,f_1
18895,2023-07-20 07:00:00,f,f_1
18896,2023-07-20 08:00:00,f,f_1
18897,2023-07-20 09:00:00,e,e_1
18898,2023-07-20 10:00:00,e,e_1
18899,2023-07-20 11:00:00,e,e_1
18900,2023-07-20 12:00:00,e,e_1
18901,2023-07-20 13:00:00,e,e_1
18902,2023-07-20 14:00:00,e,e_1
18903,2023-07-20 15:00:00,e,e_1
18904,2023-07-20 16:00:00,h,h_1
18905,2023-07-20 17:00:00,h,h_1
18906,2023-07-20 18:00:00,c,c_1
18907,2023-07-20 19:00:00,c,c_1
18908,2023-07-20 20:00:00,c,c_1
18909,2023-07-20 21:00:00,c,c_1
18910,2023-07-20 22:00:00,c,c_1
18911,2023-07-20 23:00:00,c,c_1
18912,2023-07-21 00:00:00,c,c_1
18913,2023-07-21 01:00:00,b,b_0
18914,2023-07-21 02:00:00,f,f_1
18915,2023-07-21 03:00:00,f,f_1
18916,2023-07-21 04:00:00,f,f_1
18917,2023-07-21 05:00:00,f,f_1
18918,2023-07-21 06:00:00,f,f_1
18919,2023-07-21 07:00:00,f,f_1
18920,2023-07-21 08:00:00,f,f_1
18921,2023-07-21 09:00:00,d,d_0
18922,2023-07-21 10:00:00,d,d_0
18923,2023-07-21 11:00:00,f,f_1
18924,2023-07-21 12:00:00,f,f_1
18925,2023-07-21 13:00:00,f,f_1
18926,2023-07-21 14:00:00,f,f_1
18927,2023-07-21 15:00:00,f,f_1
18928,2023-07-21 16:00:00,f,f_1
18929,2023-07-21 17:00:00,f,f_1
18930,2023-07-21 18:00:00,f,f_1
18931,2023-07-21 19:00:00,b,b_1
18932,2023-07-21 20:00:00,b,b_1
18933,2023-07-21 21:00:00,b,b_1
18934,2023-07-21 22:00:00,b,b_1
18935,2023-07-21 23:00:00,b,b_1
18936,2023-07-22 00:00:00,b,b_1
18937,2023-07-22 01:00:00,b,b_1
18938,2023-07-22 02:00:00,b,b_1
18939,2023-07-22 03:00:00,e,e_1
18940,2023-07-22 04:00:00,e,e_1
18941,2023-07-22 05:00:00,e,e_1
18942,2023-07-22 06:00:00,e,e_1
18943,2023-07-22 07:00:00,e,e_1
18944,2023-07-22 08:00:00,e,e_1
18945,2023-07-22 09:00:00,e,e_1
18946,2023-07-22 10:00:00,a,a_1
18947,2023-07-22 11:00:00,a,a_1
18948,2023-07-22 12:00:00,a,a_1
18949,2023-07-22 13:00:00,a,a_1
18950,2023-07-22 14:00:00,a,a_1
18951,2023-07-22 15:00:00,a,a_1
18952,2023-07-22 16:00:00,a,a_1
18953,2023-07-22 17:00:00,e,e_1
18954,2023-07-22 18:00:00,e,e_1
18955,2023-07-22 19:00:00,e,e_1
18956,2023-07-22 20:00:00,e,e_1
18957,2023-07-22 21:00:00,e,e_1
18958,2023-07-22 22:00:00,e,e_1
18959,2023-07-22 23:00:00,e,e_1
18960,2023-07-23 00:00:00,e,e_1
18961,2023-07-23 01:00:00,c,c_1
18962,2023-07-23 02:00:00,c,c_1
18963,2023-07-23 03:00:00,c,c_1
18964,2023-07-23 04:00:00,c,c_1
18965,2023-07-23 05:00:00,c,c_1
18966,2023-07-23 06:00:00,c,c_1
18967,2023-07-23 07:00:00,c,c_1
18968,2023-07-23 08:00:00,c,c_1
18969,2023-07-23 09:00:00,b,b_1
18970,2023-07-23 10:00:00,b,b_1
18971,2023-07-23 11:00:00,b,b_1
18972,2023-07-23 12:00:00,b,b_1
18973,2023-07-23 13:00:00,b,b_1
18974,2023-07-23 14:00:00,b,b_1
18975,2023-07-23 15:00:00,b,b_1
18976,2023-07-23 16:00:00,h,h_1
18977,2023-07-23 17:00:00,h,h_1
18978,2023-07-23 18:00:00,f,f_1
18979,2023-07-23 19:00:00,f,f_1
18980,2023-07-23 20:00:00,f,f_1
18981,2023-07-23 21:00:00,f,f_1
18982,2023-07-23 22:00:00,f,f_1
18983,2023-07-23 23:00:00,f,f_1
18984,2023-07-24 00:00:00,f,f_1
18985,2023-07-24 01:00:00,f,f_1
18986,2023-07-24 02:00:00,d,d_0
18987,2023-07-24 03:00:00,b,b_0
18988,2023-07-24 04:00:00,b,b_0
18989,2023-07-24 05:00:00,h,h_0
18990,2023-07-24 06:00:00,c,c_0
18991,2023-07-24 07:00:00,e,e_1
18992,2023-07-24 08:00:00,e,e_1
18993,2023-07-24 09:00:00,e,e_1
18994,2023-07-24 10:00:00,e,e_1
18995,2023-07-24 11:00:00,e,e_1
18996,2023-07-24 12:00:00,e,e_1
18997,2023-07-24 13:00:00,e,e_1
18998,2023-07-24 14:00:00,f,f_1
18999,2023-07-24 15:00:00,f,f_1
19000,2023-07-24 16:00:00,f,f_1
19001,2023-07-24 17:00:00,f,f_1
19002,2023-07-24 18:00:00,f,f_1
19003,2023-07-24 19:00:00,f,f_1
19004,2023-07-24 20:00:00,f,f_1
19005,2023-07-24 21:00:00,f,f_1
19006,2023-07-24 22:00:00,d,d_1
19007,2023-07-24 23:00:00,d,d_1
19008,2023-07-25 00:00:00,d,d_1
19009,2023-07-25 01:00:00,d,d_1
19010,2023-07-25 02:00:00,d,d_1
19011,2023-07-25 03:00:00,d,d_1
19012,2023-07-25 04:00:00,d,d_1
19013,2023-07-25 05:00:00,f,f_1
19014,2023-07-25 06:00:00,f,f_1
19015,2023-07-25 07:00:00,f,f_1
19016,2023-07-25 08:00:00,f,f_1
19017,2023-07-25 09:00:00,f,f_1
19018,2023-07-25 10:00:00,f,f_1
19019,2023-07-25 11:00:00,f,f_1
19020,2023-07-25 12:00:00,c,c_0
19021,2023-07-25 13:00:00,g,g_1
19022,2023-07-25 14:00:00,g,g_1
19023,2023-07-25 15:00:00,d,d_1
19024,2023-07-25 16:00:00,d,d_1
19025,2023-07-25 17:00:00,d,d_1
19026,2023-07-25 18:00:00,d,d_1
19027,2023-07-25 19:00:00,d,d_1
19028,2023-07-25 20:00:00,d,d_1
19029,2023-07-25 21:00:00,d,d_1
19030,2023-07-25 22:00:00,d,d_1
19031,2023-07-25 23:00:00,b,b_1
19032,2023-07-26 00:00:00,b,b_1
19033,2023-07-26 01:00:00,b,b_1
19034,2023-07-26 02:00:00,b,b_1
19035,2023-07-26 03:00:00,b,b_1
19036,2023-07-26 04:00:00,b,b_1
19037,2023-07-26 05:00:00,b,b_1
19038,2023-07-26 06:00:00,b,b_1
19039,2023-07-26 07:00:00,g,g_1
19040,2023-07-26 08:00:00,g,g_1
19041,2023-07-26 09:00:00,h,h_0
19042,2023-07-26 10:00:00,c,c_1
19043,2023-07-26 11:00:00,c,c_1
19044,2023-07-26 12:00:00,c,c_1
19045,2023-07-26 13:00:00,c,c_1
19046,2023-07-26 14:00:00,c,c_1
19047,2023-07-26 15:00:00,c,c_1
19048,2023-07-26 16:00:00,c,c_1
19049,2023-07-26 17:00:00,b,b_0
19050,2023-07-26 18:00:00,b,b_0
19051,2023-07-26 19:00:00,e,e_0
19052,2023-07-26 20:00:00,h,h_0
19053,2023-07-26 21:00:00,b,b_1
19054,2023-07-26 22:00:00,b,b_1
19055,2023-07-26 23:00:00,b,b_1
19056,2023-07-27 00:00:00,b,b_1
19057,2023-07-27 01:00:00,b,b_1
19058,2023-07-27 02:00:00,b,b_1
19059,2023-07-27 03:00:00,b,b_1
19060,2023-07-27 04:00:00,b,b_1
19061,2023-07-27 05:00:00,c,c_0
19062,2023-07-27 06:00:00,c,c_0
19063,2023-07-27 07:00:00,b,b_1
19064,2023-07-27 08:00:00,b,b_1
19065,2023-07-27 09:00:00,b,b_1
19066,2023-07-27 10:00:00,b,b_1
19067,2023-07-27 11:00:00,b,b_1
19068,2023-07-27 12:00:00,b,b_1
19069,2023-07-27 13:00:00,b,b_1
19070,2023-07-27 14:00:00,b,b_1
19071,2023-07-27 15:00:00,c,c_0
19072,2023-07-27 16:00:00,c,c_0
19073,2023-07-27 17:00:00,a,a_1
19074,2023-07-27 18:00:00,a,a_1
19075,2023-07-27 19:00:00,a,a_1
19076,2023-07-27 20:00:00,a,a_1
19077,2023-07-27 21:00:00,a,a_1
19078,2023-07-27 22:00:00,a,a_1
19079,2023-07-27 23:00:00,a,a_1
19080,2023-07-28 00:00:00,d,d_1
19081,2023-07-28 01:00:00,d,d_1
19082,2023-07-28 02:00:00,d,d_1
19083,2023-07-28 03:00:00,d,d_1
19084,2023-07-28 04:00:00,d,d_1
19085,2023-07-28 05:00:00,d,d_1
19086,2023-07-28 06:00:00,d,d_1
19087,2023-07-28 07:00:00,d,d_1
19088,2023-07-28 08:00:00,h,h_0
19089,2023-07-28 09:00:00,a,a_1
19090,2023-07-28 10:00:00,a,a_1
19091,2023-07-28 11:00:00,a,a_1
19092,2023-07-28 12:00:00,a,a_1
19093,2023-07-28 13:00:00,a,a_1
19094,2023-07-28 14:00:00,a,a_1
19095,2023-07-28 15:00:00,a,a_1
19096,2023-07-28 16:00:00,a,a_1
19097,2023-07-28 17:00:00,f,f_0
19098,2023-07-28 18:00:00,f,f_0
19099,2023-07-28 19:00:00,h,h_0
19100,2023-07-28 20:00:00,g,g_1
19101,2023-07-28 21:00:00,g,g_1
19102,2023-07-28 22:00:00,h,h_1
19103,2023-07-28 23:00:00,h,h_1
19104,2023-07-29 00:00:00,f,f_1
19105,2023-07-29 01:00:00,f,f_1
19106,2023-07-29 02:00:00,f,f_1
19107,2023-07-29 03:00:00,f,f_1
19108,2023-07-29 04:00:00,f,f_1
19109,2023-07-29 05:00:00,f,f_1
19110,2023-07-29 06:00:00,f,f_1
19111,2023-07-29 07:00:00,f,f_1
19112,2023-07-29 08:00:00,a,a_1
19113,2023-07-29 09:00:00,a,a_1
19114,2023-07-29 10:00:00,a,a_1
19115,2023-07-29 11:00:00,a,a_1
19116,2023-07-29 12:00:00,a,a_1
19117,2023-07-29 13:00:00,a,a_1
19118,2023-07-29 14:00:00,a,a_1
19119,2023-07-29 15:00:00,h,h_0
19120,2023-07-29 16:00:00,b,b_1
19121,2023-07-29 17:00:00,b,b_1
19122,2023-07-29 18:00:00,b,b_1
19123,2023-07-29 19:00:00,b,b_1
19124,2023-07-29 20:00:00,b,b_1
19125,2023-07-29 21:00:00,b,b_1
19126,2023-07-29 22:00:00,b,b_1
19127,2023-07-29 23:00:00,b,b_1
19128,2023-07-30 00:00:00,g,g_0
19129,2023-07-30 01:00:00,c,c_1
19130,2023-07-30 02:00:00,c,c_1
19131,2023-07-30 03:00:00,c,c_1
19132,2023-07-30 04:00:00,c,c_1
19133,2023-07-30 05:00:00,c,c_1
19134,2023-07-30 06:00:00,c,c_1
19135,2023-07-30 07:00:00,c,c_1
19136,2023-07-30 08:00:00,f,f_0
19137,2023-07-30 09:00:00,f,f_0
19138,2023-07-30 10:00:00,h,h_1
19139,2023-07-30 11:00:00,h,h_1
19140,2023-07-30 12:00:00,c,c_1
19141,2023-07-30 13:00:00,c,c_1
19142,2023-07-30 14:00:00,c,c_1
19143,2023-07-30 15:00:00,c,c_1
19144,2023-07-30 16:00:00,c,c_1
19145,2023-07-30 17:00:00,c,c_1
19146,2023-07-30 18:00:00,c,c_1
19147,2023-07-30 19:00:00,d,d_0
19148,2023-07-30 20:00:00,g,g_0
19149,2023-07-30 21:00:00,h,h_1
19150,2023-07-30 22:00:00,h,h_1
19151,2023-07-30 23:00:00,a,a_1
19152,2023-07-31 00:00:00,a,a_1
19153,2023-07-31 01:00:00,a,a_1
19154,2023-07-31 02:00:00,a,a_1
19155,2023-07-31 03:00:00,a,a_1
19156,2023-07-31 04:00:00,a,a_1
19157,2023-07-31 05:00:00,a,a_1
19158,2023-07-31 06:00:00,a,a_1
19159,2023-07-31 07:00:00,e,e_1
19160,2023-07-31 08:00:00,e,e_1
19161,2023-07-31 09:00:00,e,e_1
19162,2023-07-31 10:00:00,e,e_1
19163,2023-07-31 11:00:00,e,e_1
19164,2023-07-31 12:00:00,e,e_1
19165,2023-07-31 13:00:00,e,e_1
19166,2023-07-31 14:00:00,c,c_0
19167,2023-07-31 15:00:00,h,h_1
19168,2023-07-31 16:00:00,h,h_1
19169,2023-07-31 17:00:00,e,e_0
19170,2023-07-31 18:00:00,c,c_1
19171,2023-07-31 19:00:00,c,c_1
19172,2023-07-31 20:00:00,c,c_1
19173,2023-07-31 21:00:00,c,c_1
19174,2023-07-31 22:00:00,c,c_1
19175,2023-07-31 23:00:00,c,c_1
19176,2023-08-01 00:00:00,c,c_1
19177,2023-08-01 01:00:00,c,c_1
19178,2023-08-01 02:00:00,f,f_1
19179,2023-08-01 03:00:00,f,f_1
19180,2023-08-01 04:00:00,f,f_1
19181,2023-08-01 05:00:00,f,f_1
19182,2023-08-01 06:00:00,f,f_1
19183,2023-08-01 07:00:00,f,f_1
19184,2023-08-01 08:00:00,f,f_1
19185,2023-08-01 09:00:00,a,a_1
19186,2023-08-01 10:00:00,a,a_1
19187,2023-08-01 11:00:00,a,a_1
19188,2023-08-01 12:00:00,a,a_1
19189,2023-08-01 13:00:00,a,a_1
19190,2023-08-01 14:00:00,a,a_1
19191,2023-08-01 15:00:00,a,a_1
19192,2023-08-01 16:00:00,c,c_0
19193,2023-08-01 17:00:00,d,d_0
19194,2023-08-01 18:00:00,d,d_0
19195,2023-08-01 19:00:00,f,f_0
19196,2023-08-01 20:00:00,a,a_0
19197,2023-08-01 21:00:00,d,d_1
19198,2023-08-01 22:00:00,d,d_1
19199,2023-08-01 23:00:00,d,d_1
19200,2023-08-02 00:00:00,d,d_1
19201,2023-08-02 01:00:00,d,d_1
19202,2023-08-02 02:00:00,d,d_1
19203,2023-08-02 03:00:00,d,d_1
19204,2023-08-02 04:00:00,d,d_1
19205,2023-08-02 05:00:00,b,b_0
19206,2023-08-02 06:00:00,g,g_0
19207,2023-08-02 07:00:00,e,e_1
19208,2023-08-02 08:00:00,e,e_1
19209,2023-08-02 09:00:00,e,e_1
19210,2023-08-02 10:00:00,e,e_1
19211,2023-08-02 11:00:00,e,e_1
19212,2023-08-02 12:00:00,e,e_1
19213,2023-08-02 13:00:00,e,e_1
19214,2023-08-02 14:00:00,c,c_0
19215,2023-08-02 15:00:00,c,c_0
19216,2023-08-02 16:00:00,f,f_1
19217,2023-08-02 17:00:00,f,f_1
19218,2023-08-02 18:00:00,f,f_1
19219,2023-08-02 19:00:00,f,f_1
19220,2023-08-02 20:00:00,f,f_1
19221,2023-08-02 21:00:00,f,f_1
19222,2023-08-02 22:00:00,f,f_1
19223,2023-08-02 23:00:00,f,f_1
19224,2023-08-03 00:00:00,b,b_1
19225,2023-08-03 01:00:00,b,b_1
19226,2023-08-03 02:00:00,b,b_1
19227,2023-08-03 03:00:00,b,b_1
19228,2023-08-03 04:00:00,b,b_1
19229,2023-08-03 05:00:00,b,b_1
19230,2023-08-03 06:00:00,b,b_1
19231,2023-08-03 07:00:00,d,d_0
19232,2023-08-03 08:00:00,f,f_1
19233,2023-08-03 09:00:00,f,f_1
19234,2023-08-03 10:00:00,f,f_1
19235,2023-08-03 11:00:00,f,f_1
19236,2023-08-03 12:00:00,f,f_1
19237,2023-08-03 13:00:00,f,f_1
19238,2023-08-03 14:00:00,f,f_1
19239,2023-08-03 15:00:00,f,f_1
19240,2023-08-03 16:00:00,h,h_1
19241,2023-08-03 17:00:00,h,h_1
19242,2023-08-03 18:00:00,c,c_1
19243,2023-08-03 19:00:00,c,c_1
19244,2023-08-03 20:00:00,c,c_1
19245,2023-08-03 21:00:00,c,c_1
19246,2023-08-03 22:00:00,c,c_1
19247,2023-08-03 23:00:00,c,c_1
19248,2023-08-04 00:00:00,c,c_1
19249,2023-08-04 01:00:00,c,c_1
19250,2023-08-04 02:00:00,g,g_1
19251,2023-08-04 03:00:00,g,g_1
19252,2023-08-04 04:00:00,b,b_0
19253,2023-08-04 05:00:00,e,e_1
19254,2023-08-04 06:00:00,e,e_1
19255,2023-08-04 07:00:00,e,e_1
19256,2023-08-04 08:00:00,e,e_1
19257,2023-08-04 09:00:00,e,e_1
19258,2023-08-04 10:00:00,e,e_1
19259,2023-08-04 11:00:00,e,e_1
19260,2023-08-04 12:00:00,h,h_1
19261,2023-08-04 13:00:00,h,h_1
19262,2023-08-04 14:00:00,a,a_1
19263,2023-08-04 15:00:00,a,a_1
19264,2023-08-04 16:00:00,a,a_1
19265,2023-08-04 17:00:00,a,a_1
19266,2023-08-04 18:00:00,a,a_1
19267,2023-08-04 19:00:00,a,a_1
19268,2023-08-04 20:00:00,a,a_1
19269,2023-08-04 21:00:00,a,a_1
19270,2023-08-04 22:00:00,g,g_0
19271,2023-08-04 23:00:00,d,d_0
19272,2023-08-05 00:00:00,f,f_1
19273,2023-08-05 01:00:00,f,f_1
19274,2023-08-05 02:00:00,f,f_1
19275,2023-08-05 03:00:00,f,f_1
19276,2023-08-05 04:00:00,f,f_1
19277,2023-08-05 05:00:00,f,f_1
19278,2023-08-05 06:00:00,f,f_1
19279,2023-08-05 07:00:00,b,b_1
19280,2023-08-05 08:00:00,b,b_1
19281,2023-08-05 09:00:00,b,b_1
19282,2023-08-05 10:00:00,b,b_1
19283,2023-08-05 11:00:00,b,b_1
19284,2023-08-05 12:00:00,b,b_1
19285,2023-08-05 13:00:00,b,b_1
19286,2023-08-05 14:00:00,b,b_1
19287,2023-08-05 15:00:00,f,f_1
19288,2023-08-05 16:00:00,f,f_1
19289,2023-08-05 17:00:00,f,f_1
19290,2023-08-05 18:00:00,f,f_1
19291,2023-08-05 19:00:00,f,f_1
19292,2023-08-05 20:00:00,f,f_1
19293,2023-08-05 21:00:00,f,f_1
19294,2023-08-05 22:00:00,g,g_1
19295,2023-08-05 23:00:00,g,g_1
19296,2023-08-06 00:00:00,b,b_0
19297,2023-08-06 01:00:00,b,b_0
19298,2023-08-06 02:00:00,h,h_0
19299,2023-08-06 03:00:00,e,e_0
19300,2023-08-06 04:00:00,e,e_0
19301,2023-08-06 05:00:00,h,h_0
19302,2023-08-06 06:00:00,f,f_1
19303,2023-08-06 07:00:00,f,f_1
19304,2023-08-06 08:00:00,f,f_1
19305,2023-08-06 09:00:00,f,f_1
19306,2023-08-06 10:00:00,f,f_1
19307,2023-08-06 11:00:00,f,f_1
19308,2023-08-06 12:00:00,f,f_1
19309,2023-08-06 13:00:00,c,c_0
19310,2023-08-06 14:00:00,c,c_0
19311,2023-08-06 15:00:00,e,e_0
19312,2023-08-06 16:00:00,b,b_0
19313,2023-08-06 17:00:00,a,a_0
19314,2023-08-06 18:00:00,h,h_1
19315,2023-08-06 19:00:00,h,h_1
19316,2023-08-06 20:00:00,f,f_0
19317,2023-08-06 21:00:00,e,e_1
19318,2023-08-06 22:00:00,e,e_1
19319,2023-08-06 23:00:00,e,e_1
19320,2023-08-07 00:00:00,e,e_1
19321,2023-08-07 01:00:00,e,e_1
19322,2023-08-07 02:00:00,e,e_1
19323,2023-08-07 03:00:00,e,e_1
19324,2023-08-07 04:00:00,e,e_1
19325,2023-08-07 05:00:00,f,f_1
19326,2023-08-07 06:00:00,f,f_1
19327,2023-08-07 07:00:00,f,f_1
19328,2023-08-07 08:00:00,f,f_1
19329,2023-08-07 09:00:00,f,f_1
19330,2023-08-07 10:00:00,f,f_1
19331,2023-08-07 11:00:00,f,f_1
19332,2023-08-07 12:00:00,a,a_1
19333,2023-08-07 13:00:00,a,a_1
19334,2023-08-07 14:00:00,a,a_1
19335,2023-08-07 15:00:00,a,a_1
19336,2023-08-07 16:00:00,a,a_1
19337,2023-08-07 17:00:00,a,a_1
19338,2023-08-07 18:00:00,a,a_1
19339,2023-08-07 19:00:00,a,a_1
19340,2023-08-07 20:00:00,b,b_1
19341,2023-08-07 21:00:00,b,b_1
19342,2023-08-07 22:00:00,b,b_1
19343,2023-08-07 23:00:00,b,b_1
19344,2023-08-08 00:00:00,b,b_1
19345,2023-08-08 01:00:00,b,b_1
19346,2023-08-08 02:00:00,b,b_1
19347,2023-08-08 03:00:00,b,b_1
19348,2023-08-08 04:00:00,c,c_1
19349,2023-08-08 05:00:00,c,c_1
19350,2023-08-08 06:00:00,c,c_1
19351,2023-08-08 07:00:00,c,c_1
19352,2023-08-08 08:00:00,c,c_1
19353,2023-08-08 09:00:00,c,c_1
19354,2023-08-08 10:00:00,c,c_1
19355,2023-08-08 11:00:00,c,c_1
19356,2023-08-08 12:00:00,e,e_0
19357,2023-08-08 13:00:00,a,a_0
19358,2023-08-08 14:00:00,a,a_0
19359,2023-08-08 15:00:00,b,b_0
19360,2023-08-08 16:00:00,b,b_0
19361,2023-08-08 17:00:00,d,d_0
19362,2023-08-08 18:00:00,d,d_0
19363,2023-08-08 19:00:00,c,c_0
19364,2023-08-08 20:00:00,f,f_0
19365,2023-08-08 21:00:00,d,d_1
19366,2023-08-08 22:00:00,d,d_1
19367,2023-08-08 23:00:00,d,d_1
19368,2023-08-09 00:00:00,d,d_1
19369,2023-08-09 01:00:00,d,d_1
19370,2023-08-09 02:00:00,d,d_1
19371,2023-08-09 03:00:00,d,d_1
19372,2023-08-09 04:00:00,d,d_1
19373,2023-08-09 05:00:00,e,e_1
19374,2023-08-09 06:00:00,e,e_1
19375,2023-08-09 07:00:00,e,e_1
19376,2023-08-09 08:00:00,e,e_1
19377,2023-08-09 09:00:00,e,e_1
19378,2023-08-09 10:00:00,e,e_1
19379,2023-08-09 11:00:00,e,e_1
19380,2023-08-09 12:00:00,b,b_1
19381,2023-08-09 13:00:00,b,b_1
19382,2023-08-09 14:00:00,b,b_1
19383,2023-08-09 15:00:00,b,b_1
19384,2023-08-09 16:00:00,b,b_1
19385,2023-08-09 17:00:00,b,b_1
19386,2023-08-09 18:00:00,b,b_1
19387,2023-08-09 19:00:00,b,b_1
19388,2023-08-09 20:00:00,g,g_0
19389,2023-08-09 21:00:00,a,a_0
19390,2023-08-09 22:00:00,h,h_1
19391,2023-08-09 23:00:00,h,h_1
19392,2023-08-10 00:00:00,f,f_1
19393,2023-08-10 01:00:00,f,f_1
19394,2023-08-10 02:00:00,f,f_1
19395,2023-08-10 03:00:00,f,f_1
19396,2023-08-10 04:00:00,f,f_1
19397,2023-08-10 05:00:00,f,f_1
19398,2023-08-10 06:00:00,f,f_1
19399,2023-08-10 07:00:00,h,h_0
19400,2023-08-10 08:00:00,d,d_1
19401,2023-08-10 09:00:00,d,d_1
19402,2023-08-10 10:00:00,d,d_1
19403,2023-08-10 11:00:00,d,d_1
19404,2023-08-10 12:00:00,d,d_1
19405,2023-08-10 13:00:00,d,d_1
19406,2023-08-10 14:00:00,d,d_1
19407,2023-08-10 15:00:00,d,d_1
19408,2023-08-10 16:00:00,f,f_1
19409,2023-08-10 17:00:00,f,f_1
19410,2023-08-10 18:00:00,f,f_1
19411,2023-08-10 19:00:00,f,f_1
19412,2023-08-10 20:00:00,f,f_1
19413,2023-08-10 21:00:00,f,f_1
19414,2023-08-10 22:00:00,f,f_1
19415,2023-08-10 23:00:00,b,b_0
19416,2023-08-11 00:00:00,h,h_1
19417,2023-08-11 01:00:00,h,h_1
19418,2023-08-11 02:00:00,c,c_0
19419,2023-08-11 03:00:00,c,c_0
19420,2023-08-11 04:00:00,h,h_1
19421,2023-08-11 05:00:00,h,h_1
19422,2023-08-11 06:00:00,d,d_1
19423,2023-08-11 07:00:00,d,d_1
19424,2023-08-11 08:00:00,d,d_1
19425,2023-08-11 09:00:00,d,d_1
19426,2023-08-11 10:00:00,d,d_1
19427,2023-08-11 11:00:00,d,d_1
19428,2023-08-11 12:00:00,d,d_1
19429,2023-08-11 13:00:00,d,d_1
19430,2023-08-11 14:00:00,a,a_0
19431,2023-08-11 15:00:00,c,c_0
19432,2023-08-11 16:00:00,c,c_0
19433,2023-08-11 17:00:00,f,f_0
19434,2023-08-11 18:00:00,f,f_0
19435,2023-08-11 19:00:00,g,g_0
19436,2023-08-11 20:00:00,d,d_1
19437,2023-08-11 21:00:00,d,d_1
19438,2023-08-11 22:00:00,d,d_1
19439,2023-08-11 23:00:00,d,d_1
19440,2023-08-12 00:00:00,d,d_1
19441,2023-08-12 01:00:00,d,d_1
19442,2023-08-12 02:00:00,d,d_1
19443,2023-08-12 03:00:00,f,f_0
19444,2023-08-12 04:00:00,h,h_1
19445,2023-08-12 05:00:00,h,h_1
19446,2023-08-12 06:00:00,e,e_1
19447,2023-08-12 07:00:00,e,e_1
19448,2023-08-12 08:00:00,e,e_1
19449,2023-08-12 09:00:00,e,e_1
19450,2023-08-12 10:00:00,e,e_1
19451,2023-08-12 11:00:00,e,e_1
19452,2023-08-12 12:00:00,e,e_1
19453,2023-08-12 13:00:00,e,e_1
19454,2023-08-12 14:00:00,d,d_1
19455,2023-08-12 15:00:00,d,d_1
19456,2023-08-12 16:00:00,d,d_1
19457,2023-08-12 17:00:00,d,d_1
19458,2023-08-12 18:00:00,d,d_1
19459,2023-08-12 19:00:00,d,d_1
19460,2023-08-12 20:00:00,d,d_1
19461,2023-08-12 21:00:00,d,d_1
19462,2023-08-12 22:00:00,b,b_0
19463,2023-08-12 23:00:00,b,b_0
19464,2023-08-13 00:00:00,f,f_1
19465,2023-08-13 01:00:00,f,f_1
19466,2023-08-13 02:00:00,f,f_1
19467,2023-08-13 03:00:00,f,f_1
19468,2023-08-13 04:00:00,f,f_1
19469,2023-08-13 05:00:00,f,f_1
19470,2023-08-13 06:00:00,f,f_1
19471,2023-08-13 07:00:00,g,g_1
19472,2023-08-13 08:00:00,g,g_1
19473,2023-08-13 09:00:00,c,c_0
19474,2023-08-13 10:00:00,h,h_1
19475,2023-08-13 11:00:00,h,h_1
19476,2023-08-13 12:00:00,a,a_0
19477,2023-08-13 13:00:00,h,h_1
19478,2023-08-13 14:00:00,h,h_1
19479,2023-08-13 15:00:00,c,c_0
19480,2023-08-13 16:00:00,d,d_1
19481,2023-08-13 17:00:00,d,d_1
19482,2023-08-13 18:00:00,d,d_1
19483,2023-08-13 19:00:00,d,d_1
19484,2023-08-13 20:00:00,d,d_1
19485,2023-08-13 21:00:00,d,d_1
19486,2023-08-13 22:00:00,d,d_1
19487,2023-08-13 23:00:00,b,b_0
19488,2023-08-14 00:00:00,g,g_0
19489,2023-08-14 01:00:00,e,e_1
19490,2023-08-14 02:00:00,e,e_1
19491,2023-08-14 03:00:00,e,e_1
19492,2023-08-14 04:00:00,e,e_1
19493,2023-08-14 05:00:00,e,e_1
19494,2023-08-14 06:00:00,e,e_1
19495,2023-08-14 07:00:00,e,e_1
19496,2023-08-14 08:00:00,d,d_1
19497,2023-08-14 09:00:00,d,d_1
19498,2023-08-14 10:00:00,d,d_1
19499,2023-08-14 11:00:00,d,d_1
19500,2023-08-14 12:00:00,d,d_1
19501,2023-08-14 13:00:00,d,d_1
19502,2023-08-14 14:00:00,d,d_1
19503,2023-08-14 15:00:00,f,f_1
19504,2023-08-14 16:00:00,f,f_1
19505,2023-08-14 17:00:00,f,f_1
19506,2023-08-14 18:00:00,f,f_1
19507,2023-08-14 19:00:00,f,f_1
19508,2023-08-14 20:00:00,f,f_1
19509,2023-08-14 21:00:00,f,f_1
19510,2023-08-14 22:00:00,f,f_1
19511,2023-08-14 23:00:00,g,g_0
19512,2023-08-15 00:00:00,h,h_0
19513,2023-08-15 01:00:00,a,a_0
19514,2023-08-15 02:00:00,b,b_0
19515,2023-08-15 03:00:00,b,b_0
19516,2023-08-15 04:00:00,h,h_1
19517,2023-08-15 05:00:00,h,h_1
19518,2023-08-15 06:00:00,b,b_0
19519,2023-08-15 07:00:00,b,b_0
19520,2023-08-15 08:00:00,c,c_1
19521,2023-08-15 09:00:00,c,c_1
19522,2023-08-15 10:00:00,c,c_1
19523,2023-08-15 11:00:00,c,c_1
19524,2023-08-15 12:00:00,c,c_1
19525,2023-08-15 13:00:00,c,c_1
19526,2023-08-15 14:00:00,c,c_1
19527,2023-08-15 15:00:00,d,d_0
19528,2023-08-15 16:00:00,d,d_0
19529,2023-08-15 17:00:00,c,c_0
19530,2023-08-15 18:00:00,c,c_0
19531,2023-08-15 19:00:00,d,d_1
19532,2023-08-15 20:00:00,d,d_1
19533,2023-08-15 21:00:00,d,d_1
19534,2023-08-15 22:00:00,d,d_1
19535,2023-08-15 23:00:00,d,d_1
19536,2023-08-16 00:00:00,d,d_1
19537,2023-08-16 01:00:00,d,d_1
19538,2023-08-16 02:00:00,d,d_1
19539,2023-08-16 03:00:00,b,b_0
19540,2023-08-16 04:00:00,b,b_0
19541,2023-08-16 05:00:00,d,d_0
19542,2023-08-16 06:00:00,b,b_0
19543,2023-08-16 07:00:00,c,c_0
19544,2023-08-16 08:00:00,c,c_0
19545,2023-08-16 09:00:00,h,h_1
19546,2023-08-16 10:00:00,h,h_1
19547,2023-08-16 11:00:00,g,g_1
19548,2023-08-16 12:00:00,g,g_1
19549,2023-08-16 13:00:00,e,e_1
19550,2023-08-16 14:00:00,e,e_1
19551,2023-08-16 15:00:00,e,e_1
19552,2023-08-16 16:00:00,e,e_1
19553,2023-08-16 17:00:00,e,e_1
19554,2023-08-16 18:00:00,e,e_1
19555,2023-08-16 19:00:00,e,e_1
19556,2023-08-16 20:00:00,e,e_1
19557,2023-08-16 21:00:00,f,f_0
19558,2023-08-16 22:00:00,h,h_0
19559,2023-08-16 23:00:00,g,g_1
19560,2023-08-17 00:00:00,g,g_1
19561,2023-08-17 01:00:00,b,b_0
19562,2023-08-17 02:00:00,g,g_0
19563,2023-08-17 03:00:00,a,a_0
19564,2023-08-17 04:00:00,a,a_0
19565,2023-08-17 05:00:00,b,b_0
19566,2023-08-17 06:00:00,c,c_0
19567,2023-08-17 07:00:00,c,c_0
19568,2023-08-17 08:00:00,h,h_0
19569,2023-08-17 09:00:00,d,d_1
19570,2023-08-17 10:00:00,d,d_1
19571,2023-08-17 11:00:00,d,d_1
19572,2023-08-17 12:00:00,d,d_1
19573,2023-08-17 13:00:00,d,d_1
19574,2023-08-17 14:00:00,d,d_1
19575,2023-08-17 15:00:00,d,d_1
19576,2023-08-17 16:00:00,d,d_1
19577,2023-08-17 17:00:00,f,f_1
19578,2023-08-17 18:00:00,f,f_1
19579,2023-08-17 19:00:00,f,f_1
19580,2023-08-17 20:00:00,f,f_1
19581,2023-08-17 21:00:00,f,f_1
19582,2023-08-17 22:00:00,f,f_1
19583,2023-08-17 23:00:00,f,f_1
19584,2023-08-18 00:00:00,d,d_1
19585,2023-08-18 01:00:00,d,d_1
19586,2023-08-18 02:00:00,d,d_1
19587,2023-08-18 03:00:00,d,d_1
19588,2023-08-18 04:00:00,d,d_1
19589,2023-08-18 05:00:00,d,d_1
19590,2023-08-18 06:00:00,d,d_1
19591,2023-08-18 07:00:00,c,c_0
19592,2023-08-18 08:00:00,d,d_1
19593,2023-08-18 09:00:00,d,d_1
19594,2023-08-18 10:00:00,d,d_1
19595,2023-08-18 11:00:00,d,d_1
19596,2023-08-18 12:00:00,d,d_1
19597,2023-08-18 13:00:00,d,d_1
19598,2023-08-18 14:00:00,d,d_1
19599,2023-08-18 15:00:00,d,d_1
19600,2023-08-18 16:00:00,h,h_0
19601,2023-08-18 17:00:00,g,g_1
19602,2023-08-18 18:00:00,g,g_1
19603,2023-08-18 19:00:00,a,a_1
19604,2023-08-18 20:00:00,a,a_1
19605,2023-08-18 21:00:00,a,a_1
19606,2023-08-18 22:00:00,a,a_1
19607,2023-08-18 23:00:00,a,a_1
19608,2023-08-19 00:00:00,a,a_1
19609,2023-08-19 01:00:00,a,a_1
19610,2023-08-19 02:00:00,a,a_1
19611,2023-08-19 03:00:00,b,b_1
19612,2023-08-19 04:00:00,b,b_1
19613,2023-08-19 05:00:00,b,b_1
19614,2023-08-19 06:00:00,b,b_1
19615,2023-08-19 07:00:00,b,b_1
19616,2023-08-19 08:00:00,b,b_1
19617,2023-08-19 09:00:00,b,b_1
19618,2023-08-19 10:00:00,b,b_1
19619,2023-08-19 11:00:00,h,h_1
19620,2023-08-19 12:00:00,h,h_1
19621,2023-08-19 13:00:00,g,g_1
19622,2023-08-19 14:00:00,g,g_1
19623,2023-08-19 15:00:00,c,c_1
19624,2023-08-19 16:00:00,c,c_1
19625,2023-08-19 17:00:00,c,c_1
19626,2023-08-19 18:00:00,c,c_1
19627,2023-08-19 19:00:00,c,c_1
19628,2023-08-19 20:00:00,c,c_1
19629,2023-08-19 21:00:00,c,c_1
19630,2023-08-19 22:00:00,c,c_1
19631,2023-08-19 23:00:00,b,b_1
19632,2023-08-20 00:00:00,b,b_1
19633,2023-08-20 01:00:00,b,b_1
19634,2023-08-20 02:00:00,b,b_1
19635,2023-08-20 03:00:00,b,b_1
19636,2023-08-20 04:00:00,b,b_1
19637,2023-08-20 05:00:00,b,b_1
19638,2023-08-20 06:00:00,d,d_0
19639,2023-08-20 07:00:00,d,d_0
19640,2023-08-20 08:00:00,e,e_1
19641,2023-08-20 09:00:00,e,e_1
19642,2023-08-20 10:00:00,e,e_1
19643,2023-08-20 11:00:00,e,e_1
19644,2023-08-20 12:00:00,e,e_1
19645,2023-08-20 13:00:00,e,e_1
19646,2023-08-20 14:00:00,e,e_1
19647,2023-08-20 15:00:00,a,a_1
19648,2023-08-20 16:00:00,a,a_1
19649,2023-08-20 17:00:00,a,a_1
19650,2023-08-20 18:00:00,a,a_1
19651,2023-08-20 19:00:00,a,a_1
19652,2023-08-20 20:00:00,a,a_1
19653,2023-08-20 21:00:00,a,a_1
19654,2023-08-20 22:00:00,a,a_1
19655,2023-08-20 23:00:00,d,d_0
19656,2023-08-21 00:00:00,f,f_1
19657,2023-08-21 01:00:00,f,f_1
19658,2023-08-21 02:00:00,f,f_1
19659,2023-08-21 03:00:00,f,f_1
19660,2023-08-21 04:00:00,f,f_1
19661,2023-08-21 05:00:00,f,f_1
19662,2023-08-21 06:00:00,f,f_1
19663,2023-08-21 07:00:00,f,f_1
19664,2023-08-21 08:00:00,e,e_1
19665,2023-08-21 09:00:00,e,e_1
19666,2023-08-21 10:00:00,e,e_1
19667,2023-08-21 11:00:00,e,e_1
19668,2023-08-21 12:00:00,e,e_1
19669,2023-08-21 13:00:00,e,e_1
19670,2023-08-21 14:00:00,e,e_1
19671,2023-08-21 15:00:00,e,e_1
19672,2023-08-21 16:00:00,b,b_1
19673,2023-08-21 17:00:00,b,b_1
19674,2023-08-21 18:00:00,b,b_1
19675,2023-08-21 19:00:00,b,b_1
19676,2023-08-21 20:00:00,b,b_1
19677,2023-08-21 21:00:00,b,b_1
19678,2023-08-21 22:00:00,b,b_1
19679,2023-08-21 23:00:00,b,b_1
19680,2023-08-22 00:00:00,h,h_0
19681,2023-08-22 01:00:00,c,c_1
19682,2023-08-22 02:00:00,c,c_1
19683,2023-08-22 03:00:00,c,c_1
19684,2023-08-22 04:00:00,c,c_1
19685,2023-08-22 05:00:00,c,c_1
19686,2023-08-22 06:00:00,c,c_1
19687,2023-08-22 07:00:00,c,c_1
19688,2023-08-22 08:00:00,e,e_0
19689,2023-08-22 09:00:00,e,e_0
19690,2023-08-22 10:00:00,h,h_0
19691,2023-08-22 11:00:00,d,d_1
19692,2023-08-22 12:00:00,d,d_1
19693,2023-08-22 13:00:00,d,d_1
19694,2023-08-22 14:00:00,d,d_1
19695,2023-08-22 15:00:00,d,d_1
19696,2023-08-22 16:00:00,d,d_1
19697,2023-08-22 17:00:00,d,d_1
19698,2023-08-22 18:00:00,d,d_1
19699,2023-08-22 19:00:00,f,f_0
19700,2023-08-22 20:00:00,d,d_0
19701,2023-08-22 21:00:00,d,d_0
19702,2023-08-22 22:00:00,f,f_1
19703,2023-08-22 23:00:00,f,f_1
19704,2023-08-23 00:00:00,f,f_1
19705,2023-08-23 01:00:00,f,f_1
19706,2023-08-23 02:00:00,f,f_1
19707,2023-08-23 03:00:00,f,f_1
19708,2023-08-23 04:00:00,f,f_1
19709,2023-08-23 05:00:00,f,f_1
19710,2023-08-23 06:00:00,b,b_1
19711,2023-08-23 07:00:00,b,b_1
19712,2023-08-23 08:00:00,b,b_1
19713,2023-08-23 09:00:00,b,b_1
19714,2023-08-23 10:00:00,b,b_1
19715,2023-08-23 11:00:00,b,b_1
19716,2023-08-23 12:00:00,b,b_1
19717,2023-08-23 13:00:00,f,f_1
19718,2023-08-23 14:00:00,f,f_1
19719,2023-08-23 15:00:00,f,f_1
19720,2023-08-23 16:00:00,f,f_1
19721,2023-08-23 17:00:00,f,f_1
19722,2023-08-23 18:00:00,f,f_1
19723,2023-08-23 19:00:00,f,f_1
19724,2023-08-23 20:00:00,f,f_1
19725,2023-08-23 21:00:00,e,e_1
19726,2023-08-23 22:00:00,e,e_1
19727,2023-08-23 23:00:00,e,e_1
19728,2023-08-24 00:00:00,e,e_1
19729,2023-08-24 01:00:00,e,e_1
19730,2023-08-24 02:00:00,e,e_1
19731,2023-08-24 03:00:00,e,e_1
19732,2023-08-24 04:00:00,h,h_1
19733,2023-08-24 05:00:00,h,h_1
19734,2023-08-24 06:00:00,b,b_1
19735,2023-08-24 07:00:00,b,b_1
19736,2023-08-24 08:00:00,b,b_1
19737,2023-08-24 09:00:00,b,b_1
19738,2023-08-24 10:00:00,b,b_1
19739,2023-08-24 11:00:00,b,b_1
19740,2023-08-24 12:00:00,b,b_1
19741,2023-08-24 13:00:00,f,f_0
19742,2023-08-24 14:00:00,f,f_0
19743,2023-08-24 15:00:00,d,d_0
19744,2023-08-24 16:00:00,d,d_0
19745,2023-08-24 17:00:00,c,c_1
19746,2023-08-24 18:00:00,c,c_1
19747,2023-08-24 19:00:00,c,c_1
19748,2023-08-24 20:00:00,c,c_1
19749,2023-08-24 21:00:00,c,c_1
19750,2023-08-24 22:00:00,c,c_1
19751,2023-08-24 23:00:00,c,c_1
19752,2023-08-25 00:00:00,e,e_1
19753,2023-08-25 01:00:00,e,e_1
19754,2023-08-25 02:00:00,e,e_1
19755,2023-08-25 03:00:00,e,e_1
19756,2023-08-25 04:00:00,e,e_1
19757,2023-08-25 05:00:00,e,e_1
19758,2023-08-25 06:00:00,e,e_1
19759,2023-08-25 07:00:00,e,e_1
19760,2023-08-25 08:00:00,c,c_0
19761,2023-08-25 09:00:00,c,c_0
19762,2023-08-25 10:00:00,g,g_1
19763,2023-08-25 11:00:00,g,g_1
19764,2023-08-25 12:00:00,f,f_1
19765,2023-08-25 13:00:00,f,f_1
19766,2023-08-25 14:00:00,f,f_1
19767,2023-08-25 15:00:00,f,f_1
19768,2023-08-25 16:00:00,f,f_1
19769,2023-08-25 17:00:00,f,f_1
19770,2023-08-25 18:00:00,f,f_1
19771,2023-08-25 19:00:00,f,f_1
19772,2023-08-25 20:00:00,b,b_1
19773,2023-08-25 21:00:00,b,b_1
19774,2023-08-25 22:00:00,b,b_1
19775,2023-08-25 23:00:00,b,b_1
19776,2023-08-26 00:00:00,b,b_1
19777,2023-08-26 01:00:00,b,b_1
19778,2023-08-26 02:00:00,b,b_1
19779,2023-08-26 03:00:00,h,h_0
19780,2023-08-26 04:00:00,c,c_1
19781,2023-08-26 05:00:00,c,c_1
19782,2023-08-26 06:00:00,c,c_1
19783,2023-08-26 07:00:00,c,c_1
19784,2023-08-26 08:00:00,c,c_1
19785,2023-08-26 09:00:00,c,c_1
19786,2023-08-26 10:00:00,c,c_1
19787,2023-08-26 11:00:00,d,d_1
19788,2023-08-26 12:00:00,d,d_1
19789,2023-08-26 13:00:00,d,d_1
19790,2023-08-26 14:00:00,d,d_1
19791,2023-08-26 15:00:00,d,d_1
19792,2023-08-26 16:00:00,d,d_1
19793,2023-08-26 17:00:00,d,d_1
19794,2023-08-26 18:00:00,h,h_0
19795,2023-08-26 19:00:00,g,g_0
19796,2023-08-26 20:00:00,d,d_0
19797,2023-08-26 21:00:00,d,d_0
19798,2023-08-26 22:00:00,e,e_1
19799,2023-08-26 23:00:00,e,e_1
19800,2023-08-27 00:00:00,e,e_1
19801,2023-08-27 01:00:00,e,e_1
19802,2023-08-27 02:00:00,e,e_1
19803,2023-08-27 03:00:00,e,e_1
19804,2023-08-27 04:00:00,e,e_1
19805,2023-08-27 05:00:00,e,e_1
19806,2023-08-27 06:00:00,a,a_0
19807,2023-08-27 07:00:00,e,e_0
19808,2023-08-27 08:00:00,f,f_0
19809,2023-08-27 09:00:00,e,e_1
19810,2023-08-27 10:00:00,e,e_1
19811,2023-08-27 11:00:00,e,e_1
19812,2023-08-27 12:00:00,e,e_1
19813,2023-08-27 13:00:00,e,e_1
19814,2023-08-27 14:00:00,e,e_1
19815,2023-08-27 15:00:00,e,e_1
19816,2023-08-27 16:00:00,h,h_0
19817,2023-08-27 17:00:00,f,f_1
19818,2023-08-27 18:00:00,f,f_1
19819,2023-08-27 19:00:00,f,f_1
19820,2023-08-27 20:00:00,f,f_1
19821,2023-08-27 21:00:00,f,f_1
19822,2023-08-27 22:00:00,f,f_1
19823,2023-08-27 23:00:00,f,f_1
19824,2023-08-28 00:00:00,a,a_0
19825,2023-08-28 01:00:00,h,h_1
19826,2023-08-28 02:00:00,h,h_1
19827,2023-08-28 03:00:00,d,d_1
19828,2023-08-28 04:00:00,d,d_1
19829,2023-08-28 05:00:00,d,d_1
19830,2023-08-28 06:00:00,d,d_1
19831,2023-08-28 07:00:00,d,d_1
19832,2023-08-28 08:00:00,d,d_1
19833,2023-08-28 09:00:00,d,d_1
19834,2023-08-28 10:00:00,d,d_1
19835,2023-08-28 11:00:00,h,h_0
19836,2023-08-28 12:00:00,g,g_0
19837,2023-08-28 13:00:00,h,h_1
19838,2023-08-28 14:00:00,h,h_1
19839,2023-08-28 15:00:00,e,e_0
19840,2023-08-28 16:00:00,f,f_0
19841,2023-08-28 17:00:00,g,g_1
19842,2023-08-28 18:00:00,g,g_1
19843,2023-08-28 19:00:00,d,d_1
19844,2023-08-28 20:00:00,d,d_1
19845,2023-08-28 21:00:00,d,d_1
19846,2023-08-28 22:00:00,d,d_1
19847,2023-08-28 23:00:00,d,d_1
19848,2023-08-29 00:00:00,d,d_1
19849,2023-08-29 01:00:00,d,d_1
19850,2023-08-29 02:00:00,d,d_1
19851,2023-08-29 03:00:00,h,h_1
19852,2023-08-29 04:00:00,h,h_1
19853,2023-08-29 05:00:00,a,a_1
19854,2023-08-29 06:00:00,a,a_1
19855,2023-08-29 07:00:00,a,a_1
19856,2023-08-29 08:00:00,a,a_1
19857,2023-08-29 09:00:00,a,a_1
19858,2023-08-29 10:00:00,a,a_1
19859,2023-08-29 11:00:00,a,a_1
19860,2023-08-29 12:00:00,c,c_0
19861,2023-08-29 13:00:00,e,e_1
19862,2023-08-29 14:00:00,e,e_1
19863,2023-08-29 15:00:00,e,e_1
19864,2023-08-29 16:00:00,e,e_1
19865,2023-08-29 17:00:00,e,e_1
19866,2023-08-29 18:00:00,e,e_1
19867,2023-08-29 19:00:00,e,e_1
19868,2023-08-29 20:00:00,e,e_1
19869,2023-08-29 21:00:00,g,g_0
19870,2023-08-29 22:00:00,b,b_0
19871,2023-08-29 23:00:00,h,h_1
19872,2023-08-30 00:00:00,h,h_1
19873,2023-08-30 01:00:00,d,d_1
19874,2023-08-30 02:00:00,d,d_1
19875,2023-08-30 03:00:00,d,d_1
19876,2023-08-30 04:00:00,d,d_1
19877,2023-08-30 05:00:00,d,d_1
19878,2023-08-30 06:00:00,d,d_1
19879,2023-08-30 07:00:00,d,d_1
19880,2023-08-30 08:00:00,d,d_1
19881,2023-08-30 09:00:00,f,f_1
19882,2023-08-30 10:00:00,f,f_1
19883,2023-08-30 11:00:00,f,f_1
19884,2023-08-30 12:00:00,f,f_1
19885,2023-08-30 13:00:00,f,f_1
19886,2023-08-30 14:00:00,f,f_1
19887,2023-08-30 15:00:00,f,f_1
19888,2023-08-30 16:00:00,c,c_0
19889,2023-08-30 17:00:00,b,b_1
19890,2023-08-30 18:00:00,b,b_1
19891,2023-08-30 19:00:00,b,b_1
19892,2023-08-30 20:00:00,b,b_1
19893,2023-08-30 21:00:00,b,b_1
19894,2023-08-30 22:00:00,b,b_1
19895,2023-08-30 23:00:00,b,b_1
19896,2023-08-31 00:00:00,g,g_1
19897,2023-08-31 01:00:00,g,g_1
19898,2023-08-31 02:00:00,h,h_1
19899,2023-08-31 03:00:00,h,h_1
19900,2023-08-31 04:00:00,d,d_0
19901,2023-08-31 05:00:00,c,c_1
19902,2023-08-31 06:00:00,c,c_1
19903,2023-08-31 07:00:00,c,c_1
19904,2023-08-31 08:00:00,c,c_1
19905,2023-08-31 09:00:00,c,c_1
19906,2023-08-31 10:00:00,c,c_1
19907,2023-08-31 11:00:00,c,c_1
19908,2023-08-31 12:00:00,e,e_1
19909,2023-08-31 13:00:00,e,e_1
19910,2023-08-31 14:00:00,e,e_1
19911,2023-08-31 15:00:00,e,e_1
19912,2023-08-31 16:00:00,e,e_1
19913,2023-08-31 17:00:00,e,e_1
19914,2023-08-31 18:00:00,e,e_1
19915,2023-08-31 19:00:00,e,e_1
19916,2023-08-31 20:00:00,h,h_0
19917,2023-08-31 21:00:00,c,c_0
19918,2023-08-31 22:00:00,f,f_1
19919,2023-08-31 23:00:00,f,f_1
19920,2023-09-01 00:00:00,f,f_1
19921,2023-09-01 01:00:00,f,f_1
19922,2023-09-01 02:00:00,f,f_1
19923,2023-09-01 03:00:00,f,f_1
19924,2023-09-01 04:00:00,f,f_1
19925,2023-09-01 05:00:00,f,f_1
19926,2023-09-01 06:00:00,d,d_1
19927,2023-09-01 07:00:00,d,d_1
19928,2023-09-01 08:00:00,d,d_1
19929,2023-09-01 09:00:00,d,d_1
19930,2023-09-01 10:00:00,d,d_1
19931,2023-09-01 11:00:00,d,d_1
19932,2023-09-01 12:00:00,d,d_1
19933,2023-09-01 13:00:00,d,d_1
19934,2023-09-01 14:00:00,b,b_1
19935,2023-09-01 15:00:00,b,b_1
19936,2023-09-01 16:00:00,b,b_1
19937,2023-09-01 17:00:00,b,b_1
19938,2023-09-01 18:00:00,b,b_1
19939,2023-09-01 19:00:00,b,b_1
19940,2023-09-01 20:00:00,b,b_1
19941,2023-09-01 21:00:00,c,c_1
19942,2023-09-01 22:00:00,c,c_1
19943,2023-09-01 23:00:00,c,c_1
19944,2023-09-02 00:00:00,c,c_1
19945,2023-09-02 01:00:00,c,c_1
19946,2023-09-02 02:00:00,c,c_1
19947,2023-09-02 03:00:00,c,c_1
19948,2023-09-02 04:00:00,c,c_1
19949,2023-09-02 05:00:00,a,a_1
19950,2023-09-02 06:00:00,a,a_1
19951,2023-09-02 07:00:00,a,a_1
19952,2023-09-02 08:00:00,a,a_1
19953,2023-09-02 09:00:00,a,a_1
19954,2023-09-02 10:00:00,a,a_1
19955,2023-09-02 11:00:00,a,a_1
19956,2023-09-02 12:00:00,a,a_1
19957,2023-09-02 13:00:00,e,e_1
19958,2023-09-02 14:00:00,e,e_1
19959,2023-09-02 15:00:00,e,e_1
19960,2023-09-02 16:00:00,e,e_1
19961,2023-09-02 17:00:00,e,e_1
19962,2023-09-02 18:00:00,e,e_1
19963,2023-09-02 19:00:00,e,e_1
19964,2023-09-02 20:00:00,c,c_1
19965,2023-09-02 21:00:00,c,c_1
19966,2023-09-02 22:00:00,c,c_1
19967,2023-09-02 23:00:00,c,c_1
19968,2023-09-03 00:00:00,c,c_1
19969,2023-09-03 01:00:00,c,c_1
19970,2023-09-03 02:00:00,c,c_1
19971,2023-09-03 03:00:00,c,c_1
19972,2023-09-03 04:00:00,g,g_0
19973,2023-09-03 05:00:00,d,d_0
19974,2023-09-03 06:00:00,d,d_0
19975,2023-09-03 07:00:00,b,b_1
19976,2023-09-03 08:00:00,b,b_1
19977,2023-09-03 09:00:00,b,b_1
19978,2023-09-03 10:00:00,b,b_1
19979,2023-09-03 11:00:00,b,b_1
19980,2023-09-03 12:00:00,b,b_1
19981,2023-09-03 13:00:00,b,b_1
19982,2023-09-03 14:00:00,f,f_1
19983,2023-09-03 15:00:00,f,f_1
19984,2023-09-03 16:00:00,f,f_1
19985,2023-09-03 17:00:00,f,f_1
19986,2023-09-03 18:00:00,f,f_1
19987,2023-09-03 19:00:00,f,f_1
19988,2023-09-03 20:00:00,f,f_1
19989,2023-09-03 21:00:00,f,f_1
19990,2023-09-03 22:00:00,e,e_1
19991,2023-09-03 23:00:00,e,e_1
19992,2023-09-04 00:00:00,e,e_1
19993,2023-09-04 01:00:00,e,e_1
19994,2023-09-04 02:00:00,e,e_1
19995,2023-09-04 03:00:00,e,e_1
19996,2023-09-04 04:00:00,e,e_1
19997,2023-09-04 05:00:00,h,h_1
19998,2023-09-04 06:00:00,h,h_1
19999,2023-09-04 07:00:00,a,a_0
20000,2023-09-04 08:00:00,d,d_0
20001,2023-09-04 09:00:00,d,d_0
20002,2023-09-04 10:00:00,f,f_0
20003,2023-09-04 11:00:00,e,e_1
20004,2023-09-04 12:00:00,e,e_1
20005,2023-09-04 13:00:00,e,e_1
20006,2023-09-04 14:00:00,e,e_1
20007,2023-09-04 15:00:00,e,e_1
20008,2023-09-04 16:00:00,e,e_1
20009,2023-09-04 17:00:00,e,e_1
20010,2023-09-04 18:00:00,a,a_0
20011,2023-09-04 19:00:00,b,b_0
20012,2023-09-04 20:00:00,a,a_1
20013,2023-09-04 21:00:00,a,a_1
20014,2023-09-04 22:00:00,a,a_1
20015,2023-09-04 23:00:00,a,a_1
20016,2023-09-05 00:00:00,a,a_1
20017,2023-09-05 01:00:00,a,a_1
20018,2023-09-05 02:00:00,a,a_1
20019,2023-09-05 03:00:00,a,a_1
20020,2023-09-05 04:00:00,g,g_0
20021,2023-09-05 05:00:00,d,d_1
20022,2023-09-05 06:00:00,d,d_1
20023,2023-09-05 07:00:00,d,d_1
20024,2023-09-05 08:00:00,d,d_1
20025,2023-09-05 09:00:00,d,d_1
20026,2023-09-05 10:00:00,d,d_1
20027,2023-09-05 11:00:00,d,d_1
20028,2023-09-05 12:00:00,d,d_1
20029,2023-09-05 13:00:00,c,c_0
20030,2023-09-05 14:00:00,f,f_0
20031,2023-09-05 15:00:00,b,b_0
20032,2023-09-05 16:00:00,g,g_0
20033,2023-09-05 17:00:00,h,h_0
20034,2023-09-05 18:00:00,b,b_1
20035,2023-09-05 19:00:00,b,b_1
20036,2023-09-05 20:00:00,b,b_1
20037,2023-09-05 21:00:00,b,b_1
20038,2023-09-05 22:00:00,b,b_1
20039,2023-09-05 23:00:00,b,b_1
20040,2023-09-06 00:00:00,b,b_1
20041,2023-09-06 01:00:00,e,e_1
20042,2023-09-06 02:00:00,e,e_1
20043,2023-09-06 03:00:00,e,e_1
20044,2023-09-06 04:00:00,e,e_1
20045,2023-09-06 05:00:00,e,e_1
20046,2023-09-06 06:00:00,e,e_1
20047,2023-09-06 07:00:00,e,e_1
20048,2023-09-06 08:00:00,e,e_1
20049,2023-09-06 09:00:00,c,c_0
20050,2023-09-06 10:00:00,b,b_0
20051,2023-09-06 11:00:00,f,f_1
20052,2023-09-06 12:00:00,f,f_1
20053,2023-09-06 13:00:00,f,f_1
20054,2023-09-06 14:00:00,f,f_1
20055,2023-09-06 15:00:00,f,f_1
20056,2023-09-06 16:00:00,f,f_1
20057,2023-09-06 17:00:00,f,f_1
20058,2023-09-06 18:00:00,f,f_1
20059,2023-09-06 19:00:00,c,c_1
20060,2023-09-06 20:00:00,c,c_1
20061,2023-09-06 21:00:00,c,c_1
20062,2023-09-06 22:00:00,c,c_1
20063,2023-09-06 23:00:00,c,c_1
20064,2023-09-07 00:00:00,c,c_1
20065,2023-09-07 01:00:00,c,c_1
20066,2023-09-07 02:00:00,c,c_1
20067,2023-09-07 03:00:00,d,d_0
20068,2023-09-07 04:00:00,d,d_0
20069,2023-09-07 05:00:00,h,h_1
20070,2023-09-07 06:00:00,h,h_1
20071,2023-09-07 07:00:00,e,e_1
20072,2023-09-07 08:00:00,e,e_1
20073,2023-09-07 09:00:00,e,e_1
20074,2023-09-07 10:00:00,e,e_1
20075,2023-09-07 11:00:00,e,e_1
20076,2023-09-07 12:00:00,e,e_1
20077,2023-09-07 13:00:00,e,e_1
20078,2023-09-07 14:00:00,d,d_0
20079,2023-09-07 15:00:00,d,d_0
20080,2023-09-07 16:00:00,g,g_1
20081,2023-09-07 17:00:00,g,g_1
20082,2023-09-07 18:00:00,f,f_1
20083,2023-09-07 19:00:00,f,f_1
20084,2023-09-07 20:00:00,f,f_1
20085,2023-09-07 21:00:00,f,f_1
20086,2023-09-07 22:00:00,f,f_1
20087,2023-09-07 23:00:00,f,f_1
20088,2023-09-08 00:00:00,f,f_1
20089,2023-09-08 01:00:00,f,f_1
20090,2023-09-08 02:00:00,h,h_0
20091,2023-09-08 03:00:00,b,b_0
20092,2023-09-08 04:00:00,b,b_0
20093,2023-09-08 05:00:00,h,h_0
20094,2023-09-08 06:00:00,c,c_1
20095,2023-09-08 07:00:00,c,c_1
20096,2023-09-08 08:00:00,c,c_1
20097,2023-09-08 09:00:00,c,c_1
20098,2023-09-08 10:00:00,c,c_1
20099,2023-09-08 11:00:00,c,c_1
20100,2023-09-08 12:00:00,c,c_1
20101,2023-09-08 13:00:00,f,f_0
20102,2023-09-08 14:00:00,f,f_0
20103,2023-09-08 15:00:00,d,d_0
20104,2023-09-08 16:00:00,e,e_1
20105,2023-09-08 17:00:00,e,e_1
20106,2023-09-08 18:00:00,e,e_1
20107,2023-09-08 19:00:00,e,e_1
20108,2023-09-08 20:00:00,e,e_1
20109,2023-09-08 21:00:00,e,e_1
20110,2023-09-08 22:00:00,e,e_1
20111,2023-09-08 23:00:00,e,e_1
20112,2023-09-09 00:00:00,d,d_0
20113,2023-09-09 01:00:00,d,d_0
20114,2023-09-09 02:00:00,c,c_0
20115,2023-09-09 03:00:00,b,b_0
20116,2023-09-09 04:00:00,b,b_0
20117,2023-09-09 05:00:00,e,e_1
20118,2023-09-09 06:00:00,e,e_1
20119,2023-09-09 07:00:00,e,e_1
20120,2023-09-09 08:00:00,e,e_1
20121,2023-09-09 09:00:00,e,e_1
20122,2023-09-09 10:00:00,e,e_1
20123,2023-09-09 11:00:00,e,e_1
20124,2023-09-09 12:00:00,e,e_1
20125,2023-09-09 13:00:00,a,a_0
20126,2023-09-09 14:00:00,a,a_0
20127,2023-09-09 15:00:00,f,f_1
20128,2023-09-09 16:00:00,f,f_1
20129,2023-09-09 17:00:00,f,f_1
20130,2023-09-09 18:00:00,f,f_1
20131,2023-09-09 19:00:00,f,f_1
20132,2023-09-09 20:00:00,f,f_1
20133,2023-09-09 21:00:00,f,f_1
20134,2023-09-09 22:00:00,d,d_1
20135,2023-09-09 23:00:00,d,d_1
20136,2023-09-10 00:00:00,d,d_1
20137,2023-09-10 01:00:00,d,d_1
20138,2023-09-10 02:00:00,d,d_1
20139,2023-09-10 03:00:00,d,d_1
20140,2023-09-10 04:00:00,d,d_1
20141,2023-09-10 05:00:00,d,d_1
20142,2023-09-10 06:00:00,b,b_0
20143,2023-09-10 07:00:00,b,b_0
20144,2023-09-10 08:00:00,d,d_1
20145,2023-09-10 09:00:00,d,d_1
20146,2023-09-10 10:00:00,d,d_1
20147,2023-09-10 11:00:00,d,d_1
20148,2023-09-10 12:00:00,d,d_1
20149,2023-09-10 13:00:00,d,d_1
20150,2023-09-10 14:00:00,d,d_1
20151,2023-09-10 15:00:00,d,d_1
20152,2023-09-10 16:00:00,g,g_0
20153,2023-09-10 17:00:00,h,h_0
20154,2023-09-10 18:00:00,g,g_0
20155,2023-09-10 19:00:00,a,a_1
20156,2023-09-10 20:00:00,a,a_1
20157,2023-09-10 21:00:00,a,a_1
20158,2023-09-10 22:00:00,a,a_1
20159,2023-09-10 23:00:00,a,a_1
20160,2023-09-11 00:00:00,a,a_1
20161,2023-09-11 01:00:00,a,a_1
20162,2023-09-11 02:00:00,a,a_1
20163,2023-09-11 03:00:00,h,h_1
20164,2023-09-11 04:00:00,h,h_1
20165,2023-09-11 05:00:00,b,b_1
20166,2023-09-11 06:00:00,b,b_1
20167,2023-09-11 07:00:00,b,b_1
20168,2023-09-11 08:00:00,b,b_1
20169,2023-09-11 09:00:00,b,b_1
20170,2023-09-11 10:00:00,b,b_1
20171,2023-09-11 11:00:00,b,b_1
20172,2023-09-11 12:00:00,c,c_0
20173,2023-09-11 13:00:00,g,g_0
20174,2023-09-11 14:00:00,b,b_1
20175,2023-09-11 15:00:00,b,b_1
20176,2023-09-11 16:00:00,b,b_1
20177,2023-09-11 17:00:00,b,b_1
20178,2023-09-11 18:00:00,b,b_1
20179,2023-09-11 19:00:00,b,b_1
20180,2023-09-11 20:00:00,b,b_1
20181,2023-09-11 21:00:00,b,b_1
20182,2023-09-11 22:00:00,g,g_1
20183,2023-09-11 23:00:00,g,g_1
20184,2023-09-12 00:00:00,c,c_1
20185,2023-09-12 01:00:00,c,c_1
20186,2023-09-12 02:00:00,c,c_1
20187,2023-09-12 03:00:00,c,c_1
20188,2023-09-12 04:00:00,c,c_1
20189,2023-09-12 05:00:00,c,c_1
20190,2023-09-12 06:00:00,c,c_1
20191,2023-09-12 07:00:00,a,a_0
20192,2023-09-12 08:00:00,a,a_0
20193,2023-09-12 09:00:00,c,c_1
20194,2023-09-12 10:00:00,c,c_1
20195,2023-09-12 11:00:00,c,c_1
20196,2023-09-12 12:00:00,c,c_1
20197,2023-09-12 13:00:00,c,c_1
20198,2023-09-12 14:00:00,c,c_1
20199,2023-09-12 15:00:00,c,c_1
20200,2023-09-12 16:00:00,c,c_1
20201,2023-09-12 17:00:00,b,b_0
20202,2023-09-12 18:00:00,e,e_0
20203,2023-09-12 19:00:00,c,c_1
20204,2023-09-12 20:00:00,c,c_1
20205,2023-09-12 21:00:00,c,c_1
20206,2023-09-12 22:00:00,c,c_1
20207,2023-09-12 23:00:00,c,c_1
20208,2023-09-13 00:00:00,c,c_1
20209,2023-09-13 01:00:00,c,c_1
20210,2023-09-13 02:00:00,c,c_1
20211,2023-09-13 03:00:00,d,d_0
20212,2023-09-13 04:00:00,d,d_0
20213,2023-09-13 05:00:00,a,a_0
20214,2023-09-13 06:00:00,a,a_0
20215,2023-09-13 07:00:00,g,g_0
20216,2023-09-13 08:00:00,f,f_0
20217,2023-09-13 09:00:00,f,f_0
20218,2023-09-13 10:00:00,b,b_1
20219,2023-09-13 11:00:00,b,b_1
20220,2023-09-13 12:00:00,b,b_1
20221,2023-09-13 13:00:00,b,b_1
20222,2023-09-13 14:00:00,b,b_1
20223,2023-09-13 15:00:00,b,b_1
20224,2023-09-13 16:00:00,b,b_1
20225,2023-09-13 17:00:00,a,a_1
20226,2023-09-13 18:00:00,a,a_1
20227,2023-09-13 19:00:00,a,a_1
20228,2023-09-13 20:00:00,a,a_1
20229,2023-09-13 21:00:00,a,a_1
20230,2023-09-13 22:00:00,a,a_1
20231,2023-09-13 23:00:00,a,a_1
20232,2023-09-14 00:00:00,a,a_1
20233,2023-09-14 01:00:00,b,b_0
20234,2023-09-14 02:00:00,f,f_1
20235,2023-09-14 03:00:00,f,f_1
20236,2023-09-14 04:00:00,f,f_1
20237,2023-09-14 05:00:00,f,f_1
20238,2023-09-14 06:00:00,f,f_1
20239,2023-09-14 07:00:00,f,f_1
20240,2023-09-14 08:00:00,f,f_1
20241,2023-09-14 09:00:00,f,f_1
20242,2023-09-14 10:00:00,g,g_0
20243,2023-09-14 11:00:00,c,c_0
20244,2023-09-14 12:00:00,g,g_0
20245,2023-09-14 13:00:00,a,a_0
20246,2023-09-14 14:00:00,h,h_0
20247,2023-09-14 15:00:00,c,c_1
20248,2023-09-14 16:00:00,c,c_1
20249,2023-09-14 17:00:00,c,c_1
20250,2023-09-14 18:00:00,c,c_1
20251,2023-09-14 19:00:00,c,c_1
20252,2023-09-14 20:00:00,c,c_1
20253,2023-09-14 21:00:00,c,c_1
20254,2023-09-14 22:00:00,c,c_1
20255,2023-09-14 23:00:00,f,f_0
20256,2023-09-15 00:00:00,f,f_0
20257,2023-09-15 01:00:00,h,h_1
20258,2023-09-15 02:00:00,h,h_1
20259,2023-09-15 03:00:00,g,g_1
20260,2023-09-15 04:00:00,g,g_1
20261,2023-09-15 05:00:00,d,d_0
20262,2023-09-15 06:00:00,a,a_1
20263,2023-09-15 07:00:00,a,a_1
20264,2023-09-15 08:00:00,a,a_1
20265,2023-09-15 09:00:00,a,a_1
20266,2023-09-15 10:00:00,a,a_1
20267,2023-09-15 11:00:00,a,a_1
20268,2023-09-15 12:00:00,a,a_1
20269,2023-09-15 13:00:00,a,a_1
20270,2023-09-15 14:00:00,b,b_1
20271,2023-09-15 15:00:00,b,b_1
20272,2023-09-15 16:00:00,b,b_1
20273,2023-09-15 17:00:00,b,b_1
20274,2023-09-15 18:00:00,b,b_1
20275,2023-09-15 19:00:00,b,b_1
20276,2023-09-15 20:00:00,b,b_1
20277,2023-09-15 21:00:00,c,c_1
20278,2023-09-15 22:00:00,c,c_1
20279,2023-09-15 23:00:00,c,c_1
20280,2023-09-16 00:00:00,c,c_1
20281,2023-09-16 01:00:00,c,c_1
20282,2023-09-16 02:00:00,c,c_1
20283,2023-09-16 03:00:00,c,c_1
20284,2023-09-16 04:00:00,c,c_1
20285,2023-09-16 05:00:00,d,d_0
20286,2023-09-16 06:00:00,e,e_1
20287,2023-09-16 07:00:00,e,e_1
20288,2023-09-16 08:00:00,e,e_1
20289,2023-09-16 09:00:00,e,e_1
20290,2023-09-16 10:00:00,e,e_1
20291,2023-09-16 11:00:00,e,e_1
20292,2023-09-16 12:00:00,e,e_1
20293,2023-09-16 13:00:00,e,e_1
20294,2023-09-16 14:00:00,g,g_1
20295,2023-09-16 15:00:00,g,g_1
20296,2023-09-16 16:00:00,c,c_1
20297,2023-09-16 17:00:00,c,c_1
20298,2023-09-16 18:00:00,c,c_1
20299,2023-09-16 19:00:00,c,c_1
20300,2023-09-16 20:00:00,c,c_1
20301,2023-09-16 21:00:00,c,c_1
20302,2023-09-16 22:00:00,c,c_1
20303,2023-09-16 23:00:00,c,c_1
20304,2023-09-17 00:00:00,g,g_0
20305,2023-09-17 01:00:00,d,d_0
20306,2023-09-17 02:00:00,d,d_0
20307,2023-09-17 03:00:00,b,b_0
20308,2023-09-17 04:00:00,b,b_0
20309,2023-09-17 05:00:00,e,e_0
20310,2023-09-17 06:00:00,d,d_1
20311,2023-09-17 07:00:00,d,d_1
20312,2023-09-17 08:00:00,d,d_1
20313,2023-09-17 09:00:00,d,d_1
20314,2023-09-17 10:00:00,d,d_1
20315,2023-09-17 11:00:00,d,d_1
20316,2023-09-17 12:00:00,d,d_1
20317,2023-09-17 13:00:00,g,g_0
20318,2023-09-17 14:00:00,h,h_0
20319,2023-09-17 15:00:00,a,a_1
20320,2023-09-17 16:00:00,a,a_1
20321,2023-09-17 17:00:00,a,a_1
20322,2023-09-17 18:00:00,a,a_1
20323,2023-09-17 19:00:00,a,a_1
20324,2023-09-17 20:00:00,a,a_1
20325,2023-09-17 21:00:00,a,a_1
20326,2023-09-17 22:00:00,a,a_1
20327,2023-09-17 23:00:00,c,c_0
20328,2023-09-18 00:00:00,c,c_0
20329,2023-09-18 01:00:00,d,d_0
20330,2023-09-18 02:00:00,d,d_0
20331,2023-09-18 03:00:00,c,c_0
20332,2023-09-18 04:00:00,d,d_1
20333,2023-09-18 05:00:00,d,d_1
20334,2023-09-18 06:00:00,d,d_1
20335,2023-09-18 07:00:00,d,d_1
20336,2023-09-18 08:00:00,d,d_1
20337,2023-09-18 09:00:00,d,d_1
20338,2023-09-18 10:00:00,d,d_1
20339,2023-09-18 11:00:00,d,d_1
20340,2023-09-18 12:00:00,g,g_1
20341,2023-09-18 13:00:00,g,g_1
20342,2023-09-18 14:00:00,b,b_0
20343,2023-09-18 15:00:00,b,b_0
20344,2023-09-18 16:00:00,f,f_0
20345,2023-09-18 17:00:00,g,g_1
20346,2023-09-18 18:00:00,g,g_1
20347,2023-09-18 19:00:00,a,a_0
20348,2023-09-18 20:00:00,h,h_1
20349,2023-09-18 21:00:00,h,h_1
20350,2023-09-18 22:00:00,g,g_0
20351,2023-09-18 23:00:00,a,a_0
20352,2023-09-19 00:00:00,b,b_1
20353,2023-09-19 01:00:00,b,b_1
20354,2023-09-19 02:00:00,b,b_1
20355,2023-09-19 03:00:00,b,b_1
20356,2023-09-19 04:00:00,b,b_1
20357,2023-09-19 05:00:00,b,b_1
20358,2023-09-19 06:00:00,b,b_1
20359,2023-09-19 07:00:00,d,d_1
20360,2023-09-19 08:00:00,d,d_1
20361,2023-09-19 09:00:00,d,d_1
20362,2023-09-19 10:00:00,d,d_1
20363,2023-09-19 11:00:00,d,d_1
20364,2023-09-19 12:00:00,d,d_1
20365,2023-09-19 13:00:00,d,d_1
20366,2023-09-19 14:00:00,d,d_1
20367,2023-09-19 15:00:00,h,h_0
20368,2023-09-19 16:00:00,c,c_1
20369,2023-09-19 17:00:00,c,c_1
20370,2023-09-19 18:00:00,c,c_1
20371,2023-09-19 19:00:00,c,c_1
20372,2023-09-19 20:00:00,c,c_1
20373,2023-09-19 21:00:00,c,c_1
20374,2023-09-19 22:00:00,c,c_1
20375,2023-09-19 23:00:00,c,c_1
20376,2023-09-20 00:00:00,b,b_0
20377,2023-09-20 01:00:00,b,b_0
20378,2023-09-20 02:00:00,d,d_0
20379,2023-09-20 03:00:00,d,d_0
20380,2023-09-20 04:00:00,e,e_1
20381,2023-09-20 05:00:00,e,e_1
20382,2023-09-20 06:00:00,e,e_1
20383,2023-09-20 07:00:00,e,e_1
20384,2023-09-20 08:00:00,e,e_1
20385,2023-09-20 09:00:00,e,e_1
20386,2023-09-20 10:00:00,e,e_1
20387,2023-09-20 11:00:00,g,g_0
20388,2023-09-20 12:00:00,d,d_0
20389,2023-09-20 13:00:00,f,f_1
20390,2023-09-20 14:00:00,f,f_1
20391,2023-09-20 15:00:00,f,f_1
20392,2023-09-20 16:00:00,f,f_1
20393,2023-09-20 17:00:00,f,f_1
20394,2023-09-20 18:00:00,f,f_1
20395,2023-09-20 19:00:00,f,f_1
20396,2023-09-20 20:00:00,f,f_1
20397,2023-09-20 21:00:00,e,e_1
20398,2023-09-20 22:00:00,e,e_1
20399,2023-09-20 23:00:00,e,e_1
20400,2023-09-21 00:00:00,e,e_1
20401,2023-09-21 01:00:00,e,e_1
20402,2023-09-21 02:00:00,e,e_1
20403,2023-09-21 03:00:00,e,e_1
20404,2023-09-21 04:00:00,e,e_1
20405,2023-09-21 05:00:00,g,g_0
20406,2023-09-21 06:00:00,h,h_0
20407,2023-09-21 07:00:00,f,f_0
20408,2023-09-21 08:00:00,f,f_0
20409,2023-09-21 09:00:00,g,g_1
20410,2023-09-21 10:00:00,g,g_1
20411,2023-09-21 11:00:00,a,a_0
20412,2023-09-21 12:00:00,a,a_0
20413,2023-09-21 13:00:00,b,b_0
20414,2023-09-21 14:00:00,b,b_0
20415,2023-09-21 15:00:00,g,g_0
20416,2023-09-21 16:00:00,e,e_1
20417,2023-09-21 17:00:00,e,e_1
20418,2023-09-21 18:00:00,e,e_1
20419,2023-09-21 19:00:00,e,e_1
20420,2023-09-21 20:00:00,e,e_1
20421,2023-09-21 21:00:00,e,e_1
20422,2023-09-21 22:00:00,e,e_1
20423,2023-09-21 23:00:00,e,e_1
20424,2023-09-22 00:00:00,a,a_0
20425,2023-09-22 01:00:00,a,a_0
20426,2023-09-22 02:00:00,h,h_0
20427,2023-09-22 03:00:00,f,f_0
20428,2023-09-22 04:00:00,f,f_0
20429,2023-09-22 05:00:00,c,c_0
20430,2023-09-22 06:00:00,c,c_0
20431,2023-09-22 07:00:00,g,g_0
20432,2023-09-22 08:00:00,b,b_0
20433,2023-09-22 09:00:00,b,b_0
20434,2023-09-22 10:00:00,d,d_1
20435,2023-09-22 11:00:00,d,d_1
20436,2023-09-22 12:00:00,d,d_1
20437,2023-09-22 13:00:00,d,d_1
20438,2023-09-22 14:00:00,d,d_1
20439,2023-09-22 15:00:00,d,d_1
20440,2023-09-22 16:00:00,d,d_1
20441,2023-09-22 17:00:00,d,d_1
20442,2023-09-22 18:00:00,g,g_0
20443,2023-09-22 19:00:00,c,c_0
20444,2023-09-22 20:00:00,h,h_1
20445,2023-09-22 21:00:00,h,h_1
20446,2023-09-22 22:00:00,a,a_0
20447,2023-09-22 23:00:00,a,a_0
20448,2023-09-23 00:00:00,b,b_0
20449,2023-09-23 01:00:00,c,c_0
20450,2023-09-23 02:00:00,c,c_0
20451,2023-09-23 03:00:00,e,e_0
20452,2023-09-23 04:00:00,e,e_0
20453,2023-09-23 05:00:00,h,h_1
20454,2023-09-23 06:00:00,h,h_1
20455,2023-09-23 07:00:00,b,b_0
20456,2023-09-23 08:00:00,c,c_0
20457,2023-09-23 09:00:00,c,c_0
20458,2023-09-23 10:00:00,e,e_0
20459,2023-09-23 11:00:00,a,a_1
20460,2023-09-23 12:00:00,a,a_1
20461,2023-09-23 13:00:00,a,a_1
20462,2023-09-23 14:00:00,a,a_1
20463,2023-09-23 15:00:00,a,a_1
20464,2023-09-23 16:00:00,a,a_1
20465,2023-09-23 17:00:00,a,a_1
20466,2023-09-23 18:00:00,a,a_1
20467,2023-09-23 19:00:00,d,d_1
20468,2023-09-23 20:00:00,d,d_1
20469,2023-09-23 21:00:00,d,d_1
20470,2023-09-23 22:00:00,d,d_1
20471,2023-09-23 23:00:00,d,d_1
20472,2023-09-24 00:00:00,d,d_1
20473,2023-09-24 01:00:00,d,d_1
20474,2023-09-24 02:00:00,f,f_0
20475,2023-09-24 03:00:00,b,b_1
20476,2023-09-24 04:00:00,b,b_1
20477,2023-09-24 05:00:00,b,b_1
20478,2023-09-24 06:00:00,b,b_1
20479,2023-09-24 07:00:00,b,b_1
20480,2023-09-24 08:00:00,b,b_1
20481,2023-09-24 09:00:00,b,b_1
20482,2023-09-24 10:00:00,f,f_0
20483,2023-09-24 11:00:00,e,e_1
20484,2023-09-24 12:00:00,e,e_1
20485,2023-09-24 13:00:00,e,e_1
20486,2023-09-24 14:00:00,e,e_1
20487,2023-09-24 15:00:00,e,e_1
20488,2023-09-24 16:00:00,e,e_1
20489,2023-09-24 17:00:00,e,e_1
20490,2023-09-24 18:00:00,d,d_0
20491,2023-09-24 19:00:00,c,c_1
20492,2023-09-24 20:00:00,c,c_1
20493,2023-09-24 21:00:00,c,c_1
20494,2023-09-24 22:00:00,c,c_1
20495,2023-09-24 23:00:00,c,c_1
20496,2023-09-25 00:00:00,c,c_1
20497,2023-09-25 01:00:00,c,c_1
20498,2023-09-25 02:00:00,c,c_1
20499,2023-09-25 03:00:00,f,f_1
20500,2023-09-25 04:00:00,f,f_1
20501,2023-09-25 05:00:00,f,f_1
20502,2023-09-25 06:00:00,f,f_1
20503,2023-09-25 07:00:00,f,f_1
20504,2023-09-25 08:00:00,f,f_1
20505,2023-09-25 09:00:00,f,f_1
20506,2023-09-25 10:00:00,f,f_1
20507,2023-09-25 11:00:00,g,g_1
20508,2023-09-25 12:00:00,g,g_1
20509,2023-09-25 13:00:00,e,e_0
20510,2023-09-25 14:00:00,c,c_0
20511,2023-09-25 15:00:00,c,c_0
20512,2023-09-25 16:00:00,d,d_0
20513,2023-09-25 17:00:00,h,h_0
20514,2023-09-25 18:00:00,b,b_1
20515,2023-09-25 19:00:00,b,b_1
20516,2023-09-25 20:00:00,b,b_1
20517,2023-09-25 21:00:00,b,b_1
20518,2023-09-25 22:00:00,b,b_1
20519,2023-09-25 23:00:00,b,b_1
20520,2023-09-26 00:00:00,b,b_1
20521,2023-09-26 01:00:00,b,b_1
20522,2023-09-26 02:00:00,f,f_0
20523,2023-09-26 03:00:00,f,f_0
20524,2023-09-26 04:00:00,g,g_1
20525,2023-09-26 05:00:00,g,g_1
20526,2023-09-26 06:00:00,a,a_1
20527,2023-09-26 07:00:00,a,a_1
20528,2023-09-26 08:00:00,a,a_1
20529,2023-09-26 09:00:00,a,a_1
20530,2023-09-26 10:00:00,a,a_1
20531,2023-09-26 11:00:00,a,a_1
20532,2023-09-26 12:00:00,a,a_1
20533,2023-09-26 13:00:00,a,a_1
20534,2023-09-26 14:00:00,f,f_0
20535,2023-09-26 15:00:00,g,g_0
20536,2023-09-26 16:00:00,c,c_0
20537,2023-09-26 17:00:00,c,c_0
20538,2023-09-26 18:00:00,a,a_0
20539,2023-09-26 19:00:00,a,a_0
20540,2023-09-26 20:00:00,h,h_0
20541,2023-09-26 21:00:00,b,b_0
20542,2023-09-26 22:00:00,b,b_0
20543,2023-09-26 23:00:00,d,d_1
20544,2023-09-27 00:00:00,d,d_1
20545,2023-09-27 01:00:00,d,d_1
20546,2023-09-27 02:00:00,d,d_1
20547,2023-09-27 03:00:00,d,d_1
20548,2023-09-27 04:00:00,d,d_1
20549,2023-09-27 05:00:00,d,d_1
20550,2023-09-27 06:00:00,g,g_0
20551,2023-09-27 07:00:00,e,e_1
20552,2023-09-27 08:00:00,e,e_1
20553,2023-09-27 09:00:00,e,e_1
20554,2023-09-27 10:00:00,e,e_1
20555,2023-09-27 11:00:00,e,e_1
20556,2023-09-27 12:00:00,e,e_1
20557,2023-09-27 13:00:00,e,e_1
20558,2023-09-27 14:00:00,h,h_1
20559,2023-09-27 15:00:00,h,h_1
20560,2023-09-27 16:00:00,f,f_1
20561,2023-09-27 17:00:00,f,f_1
20562,2023-09-27 18:00:00,f,f_1
20563,2023-09-27 19:00:00,f,f_1
20564,2023-09-27 20:00:00,f,f_1
20565,2023-09-27 21:00:00,f,f_1
20566,2023-09-27 22:00:00,f,f_1
20567,2023-09-27 23:00:00,f,f_1
20568,2023-09-28 00:00:00,d,d_1
20569,2023-09-28 01:00:00,d,d_1
20570,2023-09-28 02:00:00,d,d_1
20571,2023-09-28 03:00:00,d,d_1
20572,2023-09-28 04:00:00,d,d_1
20573,2023-09-28 05:00:00,d,d_1
20574,2023-09-28 06:00:00,d,d_1
20575,2023-09-28 07:00:00,e,e_1
20576,2023-09-28 08:00:00,e,e_1
20577,2023-09-28 09:00:00,e,e_1
20578,2023-09-28 10:00:00,e,e_1
20579,2023-09-28 11:00:00,e,e_1
20580,2023-09-28 12:00:00,e,e_1
20581,2023-09-28 13:00:00,e,e_1
20582,2023-09-28 14:00:00,e,e_1
20583,2023-09-28 15:00:00,h,h_0
20584,2023-09-28 16:00:00,c,c_1
20585,2023-09-28 17:00:00,c,c_1
20586,2023-09-28 18:00:00,c,c_1
20587,2023-09-28 19:00:00,c,c_1
20588,2023-09-28 20:00:00,c,c_1
20589,2023-09-28 21:00:00,c,c_1
20590,2023-09-28 22:00:00,c,c_1
20591,2023-09-28 23:00:00,b,b_0
20592,2023-09-29 00:00:00,f,f_1
20593,2023-09-29 01:00:00,f,f_1
20594,2023-09-29 02:00:00,f,f_1
20595,2023-09-29 03:00:00,f,f_1
20596,2023-09-29 04:00:00,f,f_1
20597,2023-09-29 05:00:00,f,f_1
20598,2023-09-29 06:00:00,f,f_1
20599,2023-09-29 07:00:00,f,f_1
20600,2023-09-29 08:00:00,g,g_1
20601,2023-09-29 09:00:00,g,g_1
20602,2023-09-29 10:00:00,c,c_0
20603,2023-09-29 11:00:00,h,h_1
20604,2023-09-29 12:00:00,h,h_1
20605,2023-09-29 13:00:00,d,d_1
20606,2023-09-29 14:00:00,d,d_1
20607,2023-09-29 15:00:00,d,d_1
20608,2023-09-29 16:00:00,d,d_1
20609,2023-09-29 17:00:00,d,d_1
20610,2023-09-29 18:00:00,d,d_1
20611,2023-09-29 19:00:00,d,d_1
20612,2023-09-29 20:00:00,d,d_1
20613,2023-09-29 21:00:00,g,g_0
20614,2023-09-29 22:00:00,h,h_1
20615,2023-09-29 23:00:00,h,h_1
20616,2023-09-30 00:00:00,f,f_0
20617,2023-09-30 01:00:00,f,f_0
20618,2023-09-30 02:00:00,e,e_1
20619,2023-09-30 03:00:00,e,e_1
20620,2023-09-30 04:00:00,e,e_1
20621,2023-09-30 05:00:00,e,e_1
20622,2023-09-30 06:00:00,e,e_1
20623,2023-09-30 07:00:00,e,e_1
20624,2023-09-30 08:00:00,e,e_1
20625,2023-09-30 09:00:00,e,e_1
20626,2023-09-30 10:00:00,h,h_0
20627,2023-09-30 11:00:00,g,g_1
20628,2023-09-30 12:00:00,g,g_1
20629,2023-09-30 13:00:00,b,b_1
20630,2023-09-30 14:00:00,b,b_1
20631,2023-09-30 15:00:00,b,b_1
20632,2023-09-30 16:00:00,b,b_1
20633,2023-09-30 17:00:00,b,b_1
20634,2023-09-30 18:00:00,b,b_1
20635,2023-09-30 19:00:00,b,b_1
20636,2023-09-30 20:00:00,g,g_0
20637,2023-09-30 21:00:00,c,c_0
20638,2023-09-30 22:00:00,h,h_1
20639,2023-09-30 23:00:00,h,h_1
20640,2023-10-01 00:00:00,d,d_1
20641,2023-10-01 01:00:00,d,d_1
20642,2023-10-01 02:00:00,d,d_1
20643,2023-10-01 03:00:00,d,d_1
20644,2023-10-01 04:00:00,d,d_1
20645,2023-10-01 05:00:00,d,d_1
20646,2023-10-01 06:00:00,d,d_1
20647,2023-10-01 07:00:00,d,d_1
20648,2023-10-01 08:00:00,h,h_0
20649,2023-10-01 09:00:00,g,g_1
20650,2023-10-01 10:00:00,g,g_1
20651,2023-10-01 11:00:00,b,b_1
20652,2023-10-01 12:00:00,b,b_1
20653,2023-10-01 13:00:00,b,b_1
20654,2023-10-01 14:00:00,b,b_1
20655,2023-10-01 15:00:00,b,b_1
20656,2023-10-01 16:00:00,b,b_1
20657,2023-10-01 17:00:00,b,b_1
20658,2023-10-01 18:00:00,b,b_1
20659,2023-10-01 19:00:00,h,h_0
20660,2023-10-01 20:00:00,c,c_1
20661,2023-10-01 21:00:00,c,c_1
20662,2023-10-01 22:00:00,c,c_1
20663,2023-10-01 23:00:00,c,c_1
20664,2023-10-02 00:00:00,c,c_1
20665,2023-10-02 01:00:00,c,c_1
20666,2023-10-02 02:00:00,c,c_1
20667,2023-10-02 03:00:00,d,d_0
20668,2023-10-02 04:00:00,d,d_0
20669,2023-10-02 05:00:00,e,e_1
20670,2023-10-02 06:00:00,e,e_1
20671,2023-10-02 07:00:00,e,e_1
20672,2023-10-02 08:00:00,e,e_1
20673,2023-10-02 09:00:00,e,e_1
20674,2023-10-02 10:00:00,e,e_1
20675,2023-10-02 11:00:00,e,e_1
20676,2023-10-02 12:00:00,b,b_1
20677,2023-10-02 13:00:00,b,b_1
20678,2023-10-02 14:00:00,b,b_1
20679,2023-10-02 15:00:00,b,b_1
20680,2023-10-02 16:00:00,b,b_1
20681,2023-10-02 17:00:00,b,b_1
20682,2023-10-02 18:00:00,b,b_1
20683,2023-10-02 19:00:00,f,f_1
20684,2023-10-02 20:00:00,f,f_1
20685,2023-10-02 21:00:00,f,f_1
20686,2023-10-02 22:00:00,f,f_1
20687,2023-10-02 23:00:00,f,f_1
20688,2023-10-03 00:00:00,f,f_1
20689,2023-10-03 01:00:00,f,f_1
20690,2023-10-03 02:00:00,f,f_1
20691,2023-10-03 03:00:00,h,h_0
20692,2023-10-03 04:00:00,d,d_0
20693,2023-10-03 05:00:00,d,d_0
20694,2023-10-03 06:00:00,e,e_1
20695,2023-10-03 07:00:00,e,e_1
20696,2023-10-03 08:00:00,e,e_1
20697,2023-10-03 09:00:00,e,e_1
20698,2023-10-03 10:00:00,e,e_1
20699,2023-10-03 11:00:00,e,e_1
20700,2023-10-03 12:00:00,e,e_1
20701,2023-10-03 13:00:00,e,e_1
20702,2023-10-03 14:00:00,c,c_1
20703,2023-10-03 15:00:00,c,c_1
20704,2023-10-03 16:00:00,c,c_1
20705,2023-10-03 17:00:00,c,c_1
20706,2023-10-03 18:00:00,c,c_1
20707,2023-10-03 19:00:00,c,c_1
20708,2023-10-03 20:00:00,c,c_1
20709,2023-10-03 21:00:00,c,c_1
20710,2023-10-03 22:00:00,b,b_0
20711,2023-10-03 23:00:00,b,b_0
20712,2023-10-04 00:00:00,f,f_1
20713,2023-10-04 01:00:00,f,f_1
20714,2023-10-04 02:00:00,f,f_1
20715,2023-10-04 03:00:00,f,f_1
20716,2023-10-04 04:00:00,f,f_1
20717,2023-10-04 05:00:00,f,f_1
20718,2023-10-04 06:00:00,f,f_1
20719,2023-10-04 07:00:00,h,h_0
20720,2023-10-04 08:00:00,f,f_1
20721,2023-10-04 09:00:00,f,f_1
20722,2023-10-04 10:00:00,f,f_1
20723,2023-10-04 11:00:00,f,f_1
20724,2023-10-04 12:00:00,f,f_1
20725,2023-10-04 13:00:00,f,f_1
20726,2023-10-04 14:00:00,f,f_1
20727,2023-10-04 15:00:00,g,g_0
20728,2023-10-04 16:00:00,c,c_0
20729,2023-10-04 17:00:00,f,f_1
20730,2023-10-04 18:00:00,f,f_1
20731,2023-10-04 19:00:00,f,f_1
20732,2023-10-04 20:00:00,f,f_1
20733,2023-10-04 21:00:00,f,f_1
20734,2023-10-04 22:00:00,f,f_1
20735,2023-10-04 23:00:00,f,f_1
20736,2023-10-05 00:00:00,f,f_1
20737,2023-10-05 01:00:00,h,h_0
20738,2023-10-05 02:00:00,c,c_1
20739,2023-10-05 03:00:00,c,c_1
20740,2023-10-05 04:00:00,c,c_1
20741,2023-10-05 05:00:00,c,c_1
20742,2023-10-05 06:00:00,c,c_1
20743,2023-10-05 07:00:00,c,c_1
20744,2023-10-05 08:00:00,c,c_1
20745,2023-10-05 09:00:00,h,h_0
20746,2023-10-05 10:00:00,a,a_1
20747,2023-10-05 11:00:00,a,a_1
20748,2023-10-05 12:00:00,a,a_1
20749,2023-10-05 13:00:00,a,a_1
20750,2023-10-05 14:00:00,a,a_1
20751,2023-10-05 15:00:00,a,a_1
20752,2023-10-05 16:00:00,a,a_1
20753,2023-10-05 17:00:00,d,d_1
20754,2023-10-05 18:00:00,d,d_1
20755,2023-10-05 19:00:00,d,d_1
20756,2023-10-05 20:00:00,d,d_1
20757,2023-10-05 21:00:00,d,d_1
20758,2023-10-05 22:00:00,d,d_1
20759,2023-10-05 23:00:00,d,d_1
20760,2023-10-06 00:00:00,d,d_1
20761,2023-10-06 01:00:00,c,c_1
20762,2023-10-06 02:00:00,c,c_1
20763,2023-10-06 03:00:00,c,c_1
20764,2023-10-06 04:00:00,c,c_1
20765,2023-10-06 05:00:00,c,c_1
20766,2023-10-06 06:00:00,c,c_1
20767,2023-10-06 07:00:00,c,c_1
20768,2023-10-06 08:00:00,c,c_1
20769,2023-10-06 09:00:00,a,a_1
20770,2023-10-06 10:00:00,a,a_1
20771,2023-10-06 11:00:00,a,a_1
20772,2023-10-06 12:00:00,a,a_1
20773,2023-10-06 13:00:00,a,a_1
20774,2023-10-06 14:00:00,a,a_1
20775,2023-10-06 15:00:00,a,a_1
20776,2023-10-06 16:00:00,b,b_1
20777,2023-10-06 17:00:00,b,b_1
20778,2023-10-06 18:00:00,b,b_1
20779,2023-10-06 19:00:00,b,b_1
20780,2023-10-06 20:00:00,b,b_1
20781,2023-10-06 21:00:00,b,b_1
20782,2023-10-06 22:00:00,b,b_1
20783,2023-10-06 23:00:00,b,b_1
20784,2023-10-07 00:00:00,g,g_1
20785,2023-10-07 01:00:00,g,g_1
20786,2023-10-07 02:00:00,d,d_0
20787,2023-10-07 03:00:00,d,d_0
20788,2023-10-07 04:00:00,c,c_0
20789,2023-10-07 05:00:00,c,c_0
20790,2023-10-07 06:00:00,h,h_0
20791,2023-10-07 07:00:00,d,d_1
20792,2023-10-07 08:00:00,d,d_1
20793,2023-10-07 09:00:00,d,d_1
20794,2023-10-07 10:00:00,d,d_1
20795,2023-10-07 11:00:00,d,d_1
20796,2023-10-07 12:00:00,d,d_1
20797,2023-10-07 13:00:00,d,d_1
20798,2023-10-07 14:00:00,g,g_1
20799,2023-10-07 15:00:00,g,g_1
20800,2023-10-07 16:00:00,c,c_1
20801,2023-10-07 17:00:00,c,c_1
20802,2023-10-07 18:00:00,c,c_1
20803,2023-10-07 19:00:00,c,c_1
20804,2023-10-07 20:00:00,c,c_1
20805,2023-10-07 21:00:00,c,c_1
20806,2023-10-07 22:00:00,c,c_1
20807,2023-10-07 23:00:00,c,c_1
20808,2023-10-08 00:00:00,g,g_0
20809,2023-10-08 01:00:00,e,e_1
20810,2023-10-08 02:00:00,e,e_1
20811,2023-10-08 03:00:00,e,e_1
20812,2023-10-08 04:00:00,e,e_1
20813,2023-10-08 05:00:00,e,e_1
20814,2023-10-08 06:00:00,e,e_1
20815,2023-10-08 07:00:00,e,e_1
20816,2023-10-08 08:00:00,e,e_1
20817,2023-10-08 09:00:00,f,f_0
20818,2023-10-08 10:00:00,f,f_0
20819,2023-10-08 11:00:00,h,h_0
20820,2023-10-08 12:00:00,b,b_0
20821,2023-10-08 13:00:00,f,f_1
20822,2023-10-08 14:00:00,f,f_1
20823,2023-10-08 15:00:00,f,f_1
20824,2023-10-08 16:00:00,f,f_1
20825,2023-10-08 17:00:00,f,f_1
20826,2023-10-08 18:00:00,f,f_1
20827,2023-10-08 19:00:00,f,f_1
20828,2023-10-08 20:00:00,h,h_0
20829,2023-10-08 21:00:00,g,g_0
20830,2023-10-08 22:00:00,e,e_1
20831,2023-10-08 23:00:00,e,e_1
20832,2023-10-09 00:00:00,e,e_1
20833,2023-10-09 01:00:00,e,e_1
20834,2023-10-09 02:00:00,e,e_1
20835,2023-10-09 03:00:00,e,e_1
20836,2023-10-09 04:00:00,e,e_1
20837,2023-10-09 05:00:00,e,e_1
20838,2023-10-09 06:00:00,f,f_1
20839,2023-10-09 07:00:00,f,f_1
20840,2023-10-09 08:00:00,f,f_1
20841,2023-10-09 09:00:00,f,f_1
20842,2023-10-09 10:00:00,f,f_1
20843,2023-10-09 11:00:00,f,f_1
20844,2023-10-09 12:00:00,f,f_1
20845,2023-10-09 13:00:00,d,d_1
20846,2023-10-09 14:00:00,d,d_1
20847,2023-10-09 15:00:00,d,d_1
20848,2023-10-09 16:00:00,d,d_1
20849,2023-10-09 17:00:00,d,d_1
20850,2023-10-09 18:00:00,d,d_1
20851,2023-10-09 19:00:00,d,d_1
20852,2023-10-09 20:00:00,d,d_1
20853,2023-10-09 21:00:00,g,g_1
20854,2023-10-09 22:00:00,g,g_1
20855,2023-10-09 23:00:00,b,b_0
20856,2023-10-10 00:00:00,b,b_0
20857,2023-10-10 01:00:00,f,f_0
20858,2023-10-10 02:00:00,f,f_0
20859,2023-10-10 03:00:00,g,g_1
20860,2023-10-10 04:00:00,g,g_1
20861,2023-10-10 05:00:00,c,c_0
20862,2023-10-10 06:00:00,c,c_0
20863,2023-10-10 07:00:00,h,h_0
20864,2023-10-10 08:00:00,d,d_1
20865,2023-10-10 09:00:00,d,d_1
20866,2023-10-10 10:00:00,d,d_1
20867,2023-10-10 11:00:00,d,d_1
20868,2023-10-10 12:00:00,d,d_1
20869,2023-10-10 13:00:00,d,d_1
20870,2023-10-10 14:00:00,d,d_1
20871,2023-10-10 15:00:00,d,d_1
20872,2023-10-10 16:00:00,g,g_1
20873,2023-10-10 17:00:00,g,g_1
20874,2023-10-10 18:00:00,d,d_1
20875,2023-10-10 19:00:00,d,d_1
20876,2023-10-10 20:00:00,d,d_1
20877,2023-10-10 21:00:00,d,d_1
20878,2023-10-10 22:00:00,d,d_1
20879,2023-10-10 23:00:00,d,d_1
20880,2023-10-11 00:00:00,d,d_1
20881,2023-10-11 01:00:00,d,d_1
20882,2023-10-11 02:00:00,g,g_1
20883,2023-10-11 03:00:00,g,g_1
20884,2023-10-11 04:00:00,e,e_1
20885,2023-10-11 05:00:00,e,e_1
20886,2023-10-11 06:00:00,e,e_1
20887,2023-10-11 07:00:00,e,e_1
20888,2023-10-11 08:00:00,e,e_1
20889,2023-10-11 09:00:00,e,e_1
20890,2023-10-11 10:00:00,e,e_1
20891,2023-10-11 11:00:00,e,e_1
20892,2023-10-11 12:00:00,c,c_0
20893,2023-10-11 13:00:00,b,b_1
20894,2023-10-11 14:00:00,b,b_1
20895,2023-10-11 15:00:00,b,b_1
20896,2023-10-11 16:00:00,b,b_1
20897,2023-10-11 17:00:00,b,b_1
20898,2023-10-11 18:00:00,b,b_1
20899,2023-10-11 19:00:00,b,b_1
20900,2023-10-11 20:00:00,b,b_1
20901,2023-10-11 21:00:00,d,d_1
20902,2023-10-11 22:00:00,d,d_1
20903,2023-10-11 23:00:00,d,d_1
20904,2023-10-12 00:00:00,d,d_1
20905,2023-10-12 01:00:00,d,d_1
20906,2023-10-12 02:00:00,d,d_1
20907,2023-10-12 03:00:00,d,d_1
20908,2023-10-12 04:00:00,h,h_0
20909,2023-10-12 05:00:00,c,c_0
20910,2023-10-12 06:00:00,d,d_1
20911,2023-10-12 07:00:00,d,d_1
20912,2023-10-12 08:00:00,d,d_1
20913,2023-10-12 09:00:00,d,d_1
20914,2023-10-12 10:00:00,d,d_1
20915,2023-10-12 11:00:00,d,d_1
20916,2023-10-12 12:00:00,d,d_1
20917,2023-10-12 13:00:00,d,d_1
20918,2023-10-12 14:00:00,e,e_0
20919,2023-10-12 15:00:00,g,g_1
20920,2023-10-12 16:00:00,g,g_1
20921,2023-10-12 17:00:00,a,a_1
20922,2023-10-12 18:00:00,a,a_1
20923,2023-10-12 19:00:00,a,a_1
20924,2023-10-12 20:00:00,a,a_1
20925,2023-10-12 21:00:00,a,a_1
20926,2023-10-12 22:00:00,a,a_1
20927,2023-10-12 23:00:00,a,a_1
20928,2023-10-13 00:00:00,d,d_1
20929,2023-10-13 01:00:00,d,d_1
20930,2023-10-13 02:00:00,d,d_1
20931,2023-10-13 03:00:00,d,d_1
20932,2023-10-13 04:00:00,d,d_1
20933,2023-10-13 05:00:00,d,d_1
20934,2023-10-13 06:00:00,d,d_1
20935,2023-10-13 07:00:00,d,d_1
20936,2023-10-13 08:00:00,f,f_0
20937,2023-10-13 09:00:00,f,f_0
20938,2023-10-13 10:00:00,e,e_0
20939,2023-10-13 11:00:00,h,h_1
20940,2023-10-13 12:00:00,h,h_1
20941,2023-10-13 13:00:00,g,g_0
20942,2023-10-13 14:00:00,h,h_1
20943,2023-10-13 15:00:00,h,h_1
20944,2023-10-13 16:00:00,g,g_0
20945,2023-10-13 17:00:00,f,f_0
20946,2023-10-13 18:00:00,a,a_0
20947,2023-10-13 19:00:00,e,e_1
20948,2023-10-13 20:00:00,e,e_1
20949,2023-10-13 21:00:00,e,e_1
20950,2023-10-13 22:00:00,e,e_1
20951,2023-10-13 23:00:00,e,e_1
20952,2023-10-14 00:00:00,e,e_1
20953,2023-10-14 01:00:00,e,e_1
20954,2023-10-14 02:00:00,e,e_1
20955,2023-10-14 03:00:00,h,h_0
20956,2023-10-14 04:00:00,d,d_0
20957,2023-10-14 05:00:00,d,d_0
20958,2023-10-14 06:00:00,c,c_0
20959,2023-10-14 07:00:00,a,a_0
20960,2023-10-14 08:00:00,e,e_1
20961,2023-10-14 09:00:00,e,e_1
20962,2023-10-14 10:00:00,e,e_1
20963,2023-10-14 11:00:00,e,e_1
20964,2023-10-14 12:00:00,e,e_1
20965,2023-10-14 13:00:00,e,e_1
20966,2023-10-14 14:00:00,e,e_1
20967,2023-10-14 15:00:00,e,e_1
20968,2023-10-14 16:00:00,d,d_1
20969,2023-10-14 17:00:00,d,d_1
20970,2023-10-14 18:00:00,d,d_1
20971,2023-10-14 19:00:00,d,d_1
20972,2023-10-14 20:00:00,d,d_1
20973,2023-10-14 21:00:00,d,d_1
20974,2023-10-14 22:00:00,d,d_1
20975,2023-10-14 23:00:00,d,d_1
20976,2023-10-15 00:00:00,a,a_1
20977,2023-10-15 01:00:00,a,a_1
20978,2023-10-15 02:00:00,a,a_1
20979,2023-10-15 03:00:00,a,a_1
20980,2023-10-15 04:00:00,a,a_1
20981,2023-10-15 05:00:00,a,a_1
20982,2023-10-15 06:00:00,a,a_1
20983,2023-10-15 07:00:00,a,a_1
20984,2023-10-15 08:00:00,b,b_0
20985,2023-10-15 09:00:00,g,g_0
20986,2023-10-15 10:00:00,f,f_1
20987,2023-10-15 11:00:00,f,f_1
20988,2023-10-15 12:00:00,f,f_1
20989,2023-10-15 13:00:00,f,f_1
20990,2023-10-15 14:00:00,f,f_1
20991,2023-10-15 15:00:00,f,f_1
20992,2023-10-15 16:00:00,f,f_1
20993,2023-10-15 17:00:00,b,b_1
20994,2023-10-15 18:00:00,b,b_1
20995,2023-10-15 19:00:00,b,b_1
20996,2023-10-15 20:00:00,b,b_1
20997,2023-10-15 21:00:00,b,b_1
20998,2023-10-15 22:00:00,b,b_1
20999,2023-10-15 23:00:00,b,b_1
21000,2023-10-16 00:00:00,e,e_0
21001,2023-10-16 01:00:00,e,e_0
21002,2023-10-16 02:00:00,h,h_1
21003,2023-10-16 03:00:00,h,h_1
21004,2023-10-16 04:00:00,g,g_0
21005,2023-10-16 05:00:00,e,e_1
21006,2023-10-16 06:00:00,e,e_1
21007,2023-10-16 07:00:00,e,e_1
21008,2023-10-16 08:00:00,e,e_1
21009,2023-10-16 09:00:00,e,e_1
21010,2023-10-16 10:00:00,e,e_1
21011,2023-10-16 11:00:00,e,e_1
21012,2023-10-16 12:00:00,d,d_1
21013,2023-10-16 13:00:00,d,d_1
21014,2023-10-16 14:00:00,d,d_1
21015,2023-10-16 15:00:00,d,d_1
21016,2023-10-16 16:00:00,d,d_1
21017,2023-10-16 17:00:00,d,d_1
21018,2023-10-16 18:00:00,d,d_1
21019,2023-10-16 19:00:00,f,f_0
21020,2023-10-16 20:00:00,e,e_0
21021,2023-10-16 21:00:00,e,e_0
21022,2023-10-16 22:00:00,g,g_0
21023,2023-10-16 23:00:00,h,h_1
21024,2023-10-17 00:00:00,h,h_1
21025,2023-10-17 01:00:00,b,b_0
21026,2023-10-17 02:00:00,b,b_0
21027,2023-10-17 03:00:00,f,f_0
21028,2023-10-17 04:00:00,h,h_0
21029,2023-10-17 05:00:00,c,c_0
21030,2023-10-17 06:00:00,c,c_0
21031,2023-10-17 07:00:00,d,d_1
21032,2023-10-17 08:00:00,d,d_1
21033,2023-10-17 09:00:00,d,d_1
21034,2023-10-17 10:00:00,d,d_1
21035,2023-10-17 11:00:00,d,d_1
21036,2023-10-17 12:00:00,d,d_1
21037,2023-10-17 13:00:00,d,d_1
21038,2023-10-17 14:00:00,d,d_1
21039,2023-10-17 15:00:00,b,b_0
21040,2023-10-17 16:00:00,b,b_0
21041,2023-10-17 17:00:00,g,g_1
21042,2023-10-17 18:00:00,g,g_1
21043,2023-10-17 19:00:00,h,h_1
21044,2023-10-17 20:00:00,h,h_1
21045,2023-10-17 21:00:00,g,g_1
21046,2023-10-17 22:00:00,g,g_1
21047,2023-10-17 23:00:00,h,h_1
21048,2023-10-18 00:00:00,h,h_1
21049,2023-10-18 01:00:00,b,b_0
21050,2023-10-18 02:00:00,b,b_0
21051,2023-10-18 03:00:00,e,e_0
21052,2023-10-18 04:00:00,c,c_0
21053,2023-10-18 05:00:00,h,h_0
21054,2023-10-18 06:00:00,c,c_1
21055,2023-10-18 07:00:00,c,c_1
21056,2023-10-18 08:00:00,c,c_1
21057,2023-10-18 09:00:00,c,c_1
21058,2023-10-18 10:00:00,c,c_1
21059,2023-10-18 11:00:00,c,c_1
21060,2023-10-18 12:00:00,c,c_1
21061,2023-10-18 13:00:00,f,f_0
21062,2023-10-18 14:00:00,f,f_0
21063,2023-10-18 15:00:00,e,e_1
21064,2023-10-18 16:00:00,e,e_1
21065,2023-10-18 17:00:00,e,e_1
21066,2023-10-18 18:00:00,e,e_1
21067,2023-10-18 19:00:00,e,e_1
21068,2023-10-18 20:00:00,e,e_1
21069,2023-10-18 21:00:00,e,e_1
21070,2023-10-18 22:00:00,e,e_1
21071,2023-10-18 23:00:00,c,c_0
21072,2023-10-19 00:00:00,c,c_0
21073,2023-10-19 01:00:00,e,e_0
21074,2023-10-19 02:00:00,e,e_0
21075,2023-10-19 03:00:00,f,f_1
21076,2023-10-19 04:00:00,f,f_1
21077,2023-10-19 05:00:00,f,f_1
21078,2023-10-19 06:00:00,f,f_1
21079,2023-10-19 07:00:00,f,f_1
21080,2023-10-19 08:00:00,f,f_1
21081,2023-10-19 09:00:00,f,f_1
21082,2023-10-19 10:00:00,f,f_1
21083,2023-10-19 11:00:00,g,g_0
21084,2023-10-19 12:00:00,d,d_0
21085,2023-10-19 13:00:00,d,d_0
21086,2023-10-19 14:00:00,e,e_1
21087,2023-10-19 15:00:00,e,e_1
21088,2023-10-19 16:00:00,e,e_1
21089,2023-10-19 17:00:00,e,e_1
21090,2023-10-19 18:00:00,e,e_1
21091,2023-10-19 19:00:00,e,e_1
21092,2023-10-19 20:00:00,e,e_1
21093,2023-10-19 21:00:00,e,e_1
21094,2023-10-19 22:00:00,f,f_1
21095,2023-10-19 23:00:00,f,f_1
21096,2023-10-20 00:00:00,f,f_1
21097,2023-10-20 01:00:00,f,f_1
21098,2023-10-20 02:00:00,f,f_1
21099,2023-10-20 03:00:00,f,f_1
21100,2023-10-20 04:00:00,f,f_1
21101,2023-10-20 05:00:00,a,a_1
21102,2023-10-20 06:00:00,a,a_1
21103,2023-10-20 07:00:00,a,a_1
21104,2023-10-20 08:00:00,a,a_1
21105,2023-10-20 09:00:00,a,a_1
21106,2023-10-20 10:00:00,a,a_1
21107,2023-10-20 11:00:00,a,a_1
21108,2023-10-20 12:00:00,e,e_1
21109,2023-10-20 13:00:00,e,e_1
21110,2023-10-20 14:00:00,e,e_1
21111,2023-10-20 15:00:00,e,e_1
21112,2023-10-20 16:00:00,e,e_1
21113,2023-10-20 17:00:00,e,e_1
21114,2023-10-20 18:00:00,e,e_1
21115,2023-10-20 19:00:00,e,e_1
21116,2023-10-20 20:00:00,h,h_1
21117,2023-10-20 21:00:00,h,h_1
21118,2023-10-20 22:00:00,c,c_1
21119,2023-10-20 23:00:00,c,c_1
21120,2023-10-21 00:00:00,c,c_1
21121,2023-10-21 01:00:00,c,c_1
21122,2023-10-21 02:00:00,c,c_1
21123,2023-10-21 03:00:00,c,c_1
21124,2023-10-21 04:00:00,c,c_1
21125,2023-10-21 05:00:00,d,d_0
21126,2023-10-21 06:00:00,d,d_0
21127,2023-10-21 07:00:00,e,e_1
21128,2023-10-21 08:00:00,e,e_1
21129,2023-10-21 09:00:00,e,e_1
21130,2023-10-21 10:00:00,e,e_1
21131,2023-10-21 11:00:00,e,e_1
21132,2023-10-21 12:00:00,e,e_1
21133,2023-10-21 13:00:00,e,e_1
21134,2023-10-21 14:00:00,e,e_1
21135,2023-10-21 15:00:00,f,f_1
21136,2023-10-21 16:00:00,f,f_1
21137,2023-10-21 17:00:00,f,f_1
21138,2023-10-21 18:00:00,f,f_1
21139,2023-10-21 19:00:00,f,f_1
21140,2023-10-21 20:00:00,f,f_1
21141,2023-10-21 21:00:00,f,f_1
21142,2023-10-21 22:00:00,d,d_0
21143,2023-10-21 23:00:00,d,d_0
21144,2023-10-22 00:00:00,e,e_1
21145,2023-10-22 01:00:00,e,e_1
21146,2023-10-22 02:00:00,e,e_1
21147,2023-10-22 03:00:00,e,e_1
21148,2023-10-22 04:00:00,e,e_1
21149,2023-10-22 05:00:00,e,e_1
21150,2023-10-22 06:00:00,e,e_1
21151,2023-10-22 07:00:00,a,a_0
21152,2023-10-22 08:00:00,a,a_0
21153,2023-10-22 09:00:00,c,c_1
21154,2023-10-22 10:00:00,c,c_1
21155,2023-10-22 11:00:00,c,c_1
21156,2023-10-22 12:00:00,c,c_1
21157,2023-10-22 13:00:00,c,c_1
21158,2023-10-22 14:00:00,c,c_1
21159,2023-10-22 15:00:00,c,c_1
21160,2023-10-22 16:00:00,f,f_1
21161,2023-10-22 17:00:00,f,f_1
21162,2023-10-22 18:00:00,f,f_1
21163,2023-10-22 19:00:00,f,f_1
21164,2023-10-22 20:00:00,f,f_1
21165,2023-10-22 21:00:00,f,f_1
21166,2023-10-22 22:00:00,f,f_1
21167,2023-10-22 23:00:00,f,f_1
21168,2023-10-23 00:00:00,d,d_0
21169,2023-10-23 01:00:00,h,h_1
21170,2023-10-23 02:00:00,h,h_1
21171,2023-10-23 03:00:00,a,a_0
21172,2023-10-23 04:00:00,a,a_0
21173,2023-10-23 05:00:00,f,f_0
21174,2023-10-23 06:00:00,e,e_0
21175,2023-10-23 07:00:00,e,e_0
21176,2023-10-23 08:00:00,d,d_1
21177,2023-10-23 09:00:00,d,d_1
21178,2023-10-23 10:00:00,d,d_1
21179,2023-10-23 11:00:00,d,d_1
21180,2023-10-23 12:00:00,d,d_1
21181,2023-10-23 13:00:00,d,d_1
21182,2023-10-23 14:00:00,d,d_1
21183,2023-10-23 15:00:00,d,d_1
21184,2023-10-23 16:00:00,f,f_0
21185,2023-10-23 17:00:00,a,a_1
21186,2023-10-23 18:00:00,a,a_1
21187,2023-10-23 19:00:00,a,a_1
21188,2023-10-23 20:00:00,a,a_1
21189,2023-10-23 21:00:00,a,a_1
21190,2023-10-23 22:00:00,a,a_1
21191,2023-10-23 23:00:00,a,a_1
21192,2023-10-24 00:00:00,a,a_1
21193,2023-10-24 01:00:00,h,h_1
21194,2023-10-24 02:00:00,h,h_1
21195,2023-10-24 03:00:00,f,f_0
21196,2023-10-24 04:00:00,g,g_1
21197,2023-10-24 05:00:00,g,g_1
21198,2023-10-24 06:00:00,c,c_1
21199,2023-10-24 07:00:00,c,c_1
21200,2023-10-24 08:00:00,c,c_1
21201,2023-10-24 09:00:00,c,c_1
21202,2023-10-24 10:00:00,c,c_1
21203,2023-10-24 11:00:00,c,c_1
21204,2023-10-24 12:00:00,c,c_1
21205,2023-10-24 13:00:00,c,c_1
21206,2023-10-24 14:00:00,e,e_0
21207,2023-10-24 15:00:00,e,e_0
21208,2023-10-24 16:00:00,a,a_0
21209,2023-10-24 17:00:00,a,a_0
21210,2023-10-24 18:00:00,g,g_1
21211,2023-10-24 19:00:00,g,g_1
21212,2023-10-24 20:00:00,d,d_0
21213,2023-10-24 21:00:00,d,d_0
21214,2023-10-24 22:00:00,f,f_0
21215,2023-10-24 23:00:00,f,f_0
21216,2023-10-25 00:00:00,h,h_0
21217,2023-10-25 01:00:00,e,e_1
21218,2023-10-25 02:00:00,e,e_1
21219,2023-10-25 03:00:00,e,e_1
21220,2023-10-25 04:00:00,e,e_1
21221,2023-10-25 05:00:00,e,e_1
21222,2023-10-25 06:00:00,e,e_1
21223,2023-10-25 07:00:00,e,e_1
21224,2023-10-25 08:00:00,f,f_1
21225,2023-10-25 09:00:00,f,f_1
21226,2023-10-25 10:00:00,f,f_1
21227,2023-10-25 11:00:00,f,f_1
21228,2023-10-25 12:00:00,f,f_1
21229,2023-10-25 13:00:00,f,f_1
21230,2023-10-25 14:00:00,f,f_1
21231,2023-10-25 15:00:00,b,b_1
21232,2023-10-25 16:00:00,b,b_1
21233,2023-10-25 17:00:00,b,b_1
21234,2023-10-25 18:00:00,b,b_1
21235,2023-10-25 19:00:00,b,b_1
21236,2023-10-25 20:00:00,b,b_1
21237,2023-10-25 21:00:00,b,b_1
21238,2023-10-25 22:00:00,h,h_1
21239,2023-10-25 23:00:00,h,h_1
21240,2023-10-26 00:00:00,f,f_1
21241,2023-10-26 01:00:00,f,f_1
21242,2023-10-26 02:00:00,f,f_1
21243,2023-10-26 03:00:00,f,f_1
21244,2023-10-26 04:00:00,f,f_1
21245,2023-10-26 05:00:00,f,f_1
21246,2023-10-26 06:00:00,f,f_1
21247,2023-10-26 07:00:00,f,f_1
21248,2023-10-26 08:00:00,c,c_1
21249,2023-10-26 09:00:00,c,c_1
21250,2023-10-26 10:00:00,c,c_1
21251,2023-10-26 11:00:00,c,c_1
21252,2023-10-26 12:00:00,c,c_1
21253,2023-10-26 13:00:00,c,c_1
21254,2023-10-26 14:00:00,c,c_1
21255,2023-10-26 15:00:00,c,c_1
21256,2023-10-26 16:00:00,h,h_0
21257,2023-10-26 17:00:00,c,c_1
21258,2023-10-26 18:00:00,c,c_1
21259,2023-10-26 19:00:00,c,c_1
21260,2023-10-26 20:00:00,c,c_1
21261,2023-10-26 21:00:00,c,c_1
21262,2023-10-26 22:00:00,c,c_1
21263,2023-10-26 23:00:00,c,c_1
21264,2023-10-27 00:00:00,f,f_1
21265,2023-10-27 01:00:00,f,f_1
21266,2023-10-27 02:00:00,f,f_1
21267,2023-10-27 03:00:00,f,f_1
21268,2023-10-27 04:00:00,f,f_1
21269,2023-10-27 05:00:00,f,f_1
21270,2023-10-27 06:00:00,f,f_1
21271,2023-10-27 07:00:00,h,h_0
21272,2023-10-27 08:00:00,f,f_1
21273,2023-10-27 09:00:00,f,f_1
21274,2023-10-27 10:00:00,f,f_1
21275,2023-10-27 11:00:00,f,f_1
21276,2023-10-27 12:00:00,f,f_1
21277,2023-10-27 13:00:00,f,f_1
21278,2023-10-27 14:00:00,f,f_1
21279,2023-10-27 15:00:00,e,e_0
21280,2023-10-27 16:00:00,e,e_0
21281,2023-10-27 17:00:00,c,c_0
21282,2023-10-27 18:00:00,f,f_0
21283,2023-10-27 19:00:00,e,e_1
21284,2023-10-27 20:00:00,e,e_1
21285,2023-10-27 21:00:00,e,e_1
21286,2023-10-27 22:00:00,e,e_1
21287,2023-10-27 23:00:00,e,e_1
21288,2023-10-28 00:00:00,e,e_1
21289,2023-10-28 01:00:00,e,e_1
21290,2023-10-28 02:00:00,d,d_0
21291,2023-10-28 03:00:00,b,b_0
21292,2023-10-28 04:00:00,f,f_1
21293,2023-10-28 05:00:00,f,f_1
21294,2023-10-28 06:00:00,f,f_1
21295,2023-10-28 07:00:00,f,f_1
21296,2023-10-28 08:00:00,f,f_1
21297,2023-10-28 09:00:00,f,f_1
21298,2023-10-28 10:00:00,f,f_1
21299,2023-10-28 11:00:00,f,f_1
21300,2023-10-28 12:00:00,e,e_0
21301,2023-10-28 13:00:00,e,e_0
21302,2023-10-28 14:00:00,b,b_1
21303,2023-10-28 15:00:00,b,b_1
21304,2023-10-28 16:00:00,b,b_1
21305,2023-10-28 17:00:00,b,b_1
21306,2023-10-28 18:00:00,b,b_1
21307,2023-10-28 19:00:00,b,b_1
21308,2023-10-28 20:00:00,b,b_1
21309,2023-10-28 21:00:00,b,b_1
21310,2023-10-28 22:00:00,e,e_1
21311,2023-10-28 23:00:00,e,e_1
21312,2023-10-29 00:00:00,e,e_1
21313,2023-10-29 01:00:00,e,e_1
21314,2023-10-29 02:00:00,e,e_1
21315,2023-10-29 03:00:00,e,e_1
21316,2023-10-29 04:00:00,e,e_1
21317,2023-10-29 05:00:00,c,c_1
21318,2023-10-29 06:00:00,c,c_1
21319,2023-10-29 07:00:00,c,c_1
21320,2023-10-29 08:00:00,c,c_1
21321,2023-10-29 09:00:00,c,c_1
21322,2023-10-29 10:00:00,c,c_1
21323,2023-10-29 11:00:00,c,c_1
21324,2023-10-29 12:00:00,b,b_0
21325,2023-10-29 13:00:00,h,h_0
21326,2023-10-29 14:00:00,d,d_0
21327,2023-10-29 15:00:00,d,d_0
21328,2023-10-29 16:00:00,b,b_1
21329,2023-10-29 17:00:00,b,b_1
21330,2023-10-29 18:00:00,b,b_1
21331,2023-10-29 19:00:00,b,b_1
21332,2023-10-29 20:00:00,b,b_1
21333,2023-10-29 21:00:00,b,b_1
21334,2023-10-29 22:00:00,b,b_1
21335,2023-10-29 23:00:00,e,e_1
21336,2023-10-30 00:00:00,e,e_1
21337,2023-10-30 01:00:00,e,e_1
21338,2023-10-30 02:00:00,e,e_1
21339,2023-10-30 03:00:00,e,e_1
21340,2023-10-30 04:00:00,e,e_1
21341,2023-10-30 05:00:00,e,e_1
21342,2023-10-30 06:00:00,f,f_1
21343,2023-10-30 07:00:00,f,f_1
21344,2023-10-30 08:00:00,f,f_1
21345,2023-10-30 09:00:00,f,f_1
21346,2023-10-30 10:00:00,f,f_1
21347,2023-10-30 11:00:00,f,f_1
21348,2023-10-30 12:00:00,f,f_1
21349,2023-10-30 13:00:00,f,f_1
21350,2023-10-30 14:00:00,e,e_1
21351,2023-10-30 15:00:00,e,e_1
21352,2023-10-30 16:00:00,e,e_1
21353,2023-10-30 17:00:00,e,e_1
21354,2023-10-30 18:00:00,e,e_1
21355,2023-10-30 19:00:00,e,e_1
21356,2023-10-30 20:00:00,e,e_1
21357,2023-10-30 21:00:00,b,b_1
21358,2023-10-30 22:00:00,b,b_1
21359,2023-10-30 23:00:00,b,b_1
21360,2023-10-31 00:00:00,b,b_1
21361,2023-10-31 01:00:00,b,b_1
21362,2023-10-31 02:00:00,b,b_1
21363,2023-10-31 03:00:00,b,b_1
21364,2023-10-31 04:00:00,h,h_0
21365,2023-10-31 05:00:00,f,f_1
21366,2023-10-31 06:00:00,f,f_1
21367,2023-10-31 07:00:00,f,f_1
21368,2023-10-31 08:00:00,f,f_1
21369,2023-10-31 09:00:00,f,f_1
21370,2023-10-31 10:00:00,f,f_1
21371,2023-10-31 11:00:00,f,f_1
21372,2023-10-31 12:00:00,f,f_1
21373,2023-10-31 13:00:00,d,d_1
21374,2023-10-31 14:00:00,d,d_1
21375,2023-10-31 15:00:00,d,d_1
21376,2023-10-31 16:00:00,d,d_1
21377,2023-10-31 17:00:00,d,d_1
21378,2023-10-31 18:00:00,d,d_1
21379,2023-10-31 19:00:00,d,d_1
21380,2023-10-31 20:00:00,g,g_0
21381,2023-10-31 21:00:00,c,c_1
21382,2023-10-31 22:00:00,c,c_1
21383,2023-10-31 23:00:00,c,c_1
21384,2023-11-01 00:00:00,c,c_1
21385,2023-11-01 01:00:00,c,c_1
21386,2023-11-01 02:00:00,c,c_1
21387,2023-11-01 03:00:00,c,c_1
21388,2023-11-01 04:00:00,h,h_1
21389,2023-11-01 05:00:00,h,h_1
21390,2023-11-01 06:00:00,g,g_1
21391,2023-11-01 07:00:00,g,g_1
21392,2023-11-01 08:00:00,e,e_0
21393,2023-11-01 09:00:00,f,f_1
21394,2023-11-01 10:00:00,f,f_1
21395,2023-11-01 11:00:00,f,f_1
21396,2023-11-01 12:00:00,f,f_1
21397,2023-11-01 13:00:00,f,f_1
21398,2023-11-01 14:00:00,f,f_1
21399,2023-11-01 15:00:00,f,f_1
21400,2023-11-01 16:00:00,b,b_0
21401,2023-11-01 17:00:00,d,d_1
21402,2023-11-01 18:00:00,d,d_1
21403,2023-11-01 19:00:00,d,d_1
21404,2023-11-01 20:00:00,d,d_1
21405,2023-11-01 21:00:00,d,d_1
21406,2023-11-01 22:00:00,d,d_1
21407,2023-11-01 23:00:00,d,d_1
21408,2023-11-02 00:00:00,d,d_1
21409,2023-11-02 01:00:00,c,c_0
21410,2023-11-02 02:00:00,d,d_1
21411,2023-11-02 03:00:00,d,d_1
21412,2023-11-02 04:00:00,d,d_1
21413,2023-11-02 05:00:00,d,d_1
21414,2023-11-02 06:00:00,d,d_1
21415,2023-11-02 07:00:00,d,d_1
21416,2023-11-02 08:00:00,d,d_1
21417,2023-11-02 09:00:00,d,d_1
21418,2023-11-02 10:00:00,h,h_0
21419,2023-11-02 11:00:00,e,e_1
21420,2023-11-02 12:00:00,e,e_1
21421,2023-11-02 13:00:00,e,e_1
21422,2023-11-02 14:00:00,e,e_1
21423,2023-11-02 15:00:00,e,e_1
21424,2023-11-02 16:00:00,e,e_1
21425,2023-11-02 17:00:00,e,e_1
21426,2023-11-02 18:00:00,b,b_1
21427,2023-11-02 19:00:00,b,b_1
21428,2023-11-02 20:00:00,b,b_1
21429,2023-11-02 21:00:00,b,b_1
21430,2023-11-02 22:00:00,b,b_1
21431,2023-11-02 23:00:00,b,b_1
21432,2023-11-03 00:00:00,b,b_1
21433,2023-11-03 01:00:00,b,b_1
21434,2023-11-03 02:00:00,g,g_1
21435,2023-11-03 03:00:00,g,g_1
21436,2023-11-03 04:00:00,c,c_0
21437,2023-11-03 05:00:00,c,c_0
21438,2023-11-03 06:00:00,h,h_0
21439,2023-11-03 07:00:00,f,f_1
21440,2023-11-03 08:00:00,f,f_1
21441,2023-11-03 09:00:00,f,f_1
21442,2023-11-03 10:00:00,f,f_1
21443,2023-11-03 11:00:00,f,f_1
21444,2023-11-03 12:00:00,f,f_1
21445,2023-11-03 13:00:00,f,f_1
21446,2023-11-03 14:00:00,f,f_1
21447,2023-11-03 15:00:00,a,a_1
21448,2023-11-03 16:00:00,a,a_1
21449,2023-11-03 17:00:00,a,a_1
21450,2023-11-03 18:00:00,a,a_1
21451,2023-11-03 19:00:00,a,a_1
21452,2023-11-03 20:00:00,a,a_1
21453,2023-11-03 21:00:00,a,a_1
21454,2023-11-03 22:00:00,d,d_0
21455,2023-11-03 23:00:00,d,d_0
21456,2023-11-04 00:00:00,c,c_1
21457,2023-11-04 01:00:00,c,c_1
21458,2023-11-04 02:00:00,c,c_1
21459,2023-11-04 03:00:00,c,c_1
21460,2023-11-04 04:00:00,c,c_1
21461,2023-11-04 05:00:00,c,c_1
21462,2023-11-04 06:00:00,c,c_1
21463,2023-11-04 07:00:00,f,f_1
21464,2023-11-04 08:00:00,f,f_1
21465,2023-11-04 09:00:00,f,f_1
21466,2023-11-04 10:00:00,f,f_1
21467,2023-11-04 11:00:00,f,f_1
21468,2023-11-04 12:00:00,f,f_1
21469,2023-11-04 13:00:00,f,f_1
21470,2023-11-04 14:00:00,f,f_1
21471,2023-11-04 15:00:00,h,h_1
21472,2023-11-04 16:00:00,h,h_1
21473,2023-11-04 17:00:00,a,a_0
21474,2023-11-04 18:00:00,a,a_0
21475,2023-11-04 19:00:00,b,b_0
21476,2023-11-04 20:00:00,b,b_0
21477,2023-11-04 21:00:00,e,e_1
21478,2023-11-04 22:00:00,e,e_1
21479,2023-11-04 23:00:00,e,e_1
21480,2023-11-05 00:00:00,e,e_1
21481,2023-11-05 01:00:00,e,e_1
21482,2023-11-05 02:00:00,e,e_1
21483,2023-11-05 03:00:00,e,e_1
21484,2023-11-05 04:00:00,c,c_0
21485,2023-11-05 05:00:00,c,c_0
21486,2023-11-05 06:00:00,a,a_1
21487,2023-11-05 07:00:00,a,a_1
21488,2023-11-05 08:00:00,a,a_1
21489,2023-11-05 09:00:00,a,a_1
21490,2023-11-05 10:00:00,a,a_1
21491,2023-11-05 11:00:00,a,a_1
21492,2023-11-05 12:00:00,a,a_1
21493,2023-11-05 13:00:00,a,a_1
21494,2023-11-05 14:00:00,c,c_0
21495,2023-11-05 15:00:00,d,d_0
21496,2023-11-05 16:00:00,d,d_0
21497,2023-11-05 17:00:00,e,e_0
21498,2023-11-05 18:00:00,f,f_0
21499,2023-11-05 19:00:00,f,f_0
21500,2023-11-05 20:00:00,g,g_1
21501,2023-11-05 21:00:00,g,g_1
21502,2023-11-05 22:00:00,d,d_1
21503,2023-11-05 23:00:00,d,d_1
21504,2023-11-06 00:00:00,d,d_1
21505,2023-11-06 01:00:00,d,d_1
21506,2023-11-06 02:00:00,d,d_1
21507,2023-11-06 03:00:00,d,d_1
21508,2023-11-06 04:00:00,d,d_1
21509,2023-11-06 05:00:00,d,d_1
21510,2023-11-06 06:00:00,e,e_1
21511,2023-11-06 07:00:00,e,e_1
21512,2023-11-06 08:00:00,e,e_1
21513,2023-11-06 09:00:00,e,e_1
21514,2023-11-06 10:00:00,e,e_1
21515,2023-11-06 11:00:00,e,e_1
21516,2023-11-06 12:00:00,e,e_1
21517,2023-11-06 13:00:00,e,e_1
21518,2023-11-06 14:00:00,g,g_0
21519,2023-11-06 15:00:00,f,f_0
21520,2023-11-06 16:00:00,f,f_0
21521,2023-11-06 17:00:00,b,b_0
21522,2023-11-06 18:00:00,b,b_0
21523,2023-11-06 19:00:00,g,g_1
21524,2023-11-06 20:00:00,g,g_1
21525,2023-11-06 21:00:00,c,c_0
21526,2023-11-06 22:00:00,c,c_0
21527,2023-11-06 23:00:00,f,f_1
21528,2023-11-07 00:00:00,f,f_1
21529,2023-11-07 01:00:00,f,f_1
21530,2023-11-07 02:00:00,f,f_1
21531,2023-11-07 03:00:00,f,f_1
21532,2023-11-07 04:00:00,f,f_1
21533,2023-11-07 05:00:00,f,f_1
21534,2023-11-07 06:00:00,g,g_0
21535,2023-11-07 07:00:00,d,d_0
21536,2023-11-07 08:00:00,h,h_1
21537,2023-11-07 09:00:00,h,h_1
21538,2023-11-07 10:00:00,e,e_0
21539,2023-11-07 11:00:00,e,e_0
21540,2023-11-07 12:00:00,a,a_0
21541,2023-11-07 13:00:00,a,a_0
21542,2023-11-07 14:00:00,b,b_0
21543,2023-11-07 15:00:00,g,g_0
21544,2023-11-07 16:00:00,f,f_0
21545,2023-11-07 17:00:00,c,c_1
21546,2023-11-07 18:00:00,c,c_1
21547,2023-11-07 19:00:00,c,c_1
21548,2023-11-07 20:00:00,c,c_1
21549,2023-11-07 21:00:00,c,c_1
21550,2023-11-07 22:00:00,c,c_1
21551,2023-11-07 23:00:00,c,c_1
21552,2023-11-08 00:00:00,c,c_1
21553,2023-11-08 01:00:00,h,h_0
21554,2023-11-08 02:00:00,d,d_1
21555,2023-11-08 03:00:00,d,d_1
21556,2023-11-08 04:00:00,d,d_1
21557,2023-11-08 05:00:00,d,d_1
21558,2023-11-08 06:00:00,d,d_1
21559,2023-11-08 07:00:00,d,d_1
21560,2023-11-08 08:00:00,d,d_1
21561,2023-11-08 09:00:00,d,d_1
21562,2023-11-08 10:00:00,c,c_1
21563,2023-11-08 11:00:00,c,c_1
21564,2023-11-08 12:00:00,c,c_1
21565,2023-11-08 13:00:00,c,c_1
21566,2023-11-08 14:00:00,c,c_1
21567,2023-11-08 15:00:00,c,c_1
21568,2023-11-08 16:00:00,c,c_1
21569,2023-11-08 17:00:00,a,a_1
21570,2023-11-08 18:00:00,a,a_1
21571,2023-11-08 19:00:00,a,a_1
21572,2023-11-08 20:00:00,a,a_1
21573,2023-11-08 21:00:00,a,a_1
21574,2023-11-08 22:00:00,a,a_1
21575,2023-11-08 23:00:00,a,a_1
21576,2023-11-09 00:00:00,b,b_0
21577,2023-11-09 01:00:00,d,d_0
21578,2023-11-09 02:00:00,d,d_0
21579,2023-11-09 03:00:00,f,f_1
21580,2023-11-09 04:00:00,f,f_1
21581,2023-11-09 05:00:00,f,f_1
21582,2023-11-09 06:00:00,f,f_1
21583,2023-11-09 07:00:00,f,f_1
21584,2023-11-09 08:00:00,f,f_1
21585,2023-11-09 09:00:00,f,f_1
21586,2023-11-09 10:00:00,e,e_1
21587,2023-11-09 11:00:00,e,e_1
21588,2023-11-09 12:00:00,e,e_1
21589,2023-11-09 13:00:00,e,e_1
21590,2023-11-09 14:00:00,e,e_1
21591,2023-11-09 15:00:00,e,e_1
21592,2023-11-09 16:00:00,e,e_1
21593,2023-11-09 17:00:00,e,e_1
21594,2023-11-09 18:00:00,c,c_0
21595,2023-11-09 19:00:00,e,e_1
21596,2023-11-09 20:00:00,e,e_1
21597,2023-11-09 21:00:00,e,e_1
21598,2023-11-09 22:00:00,e,e_1
21599,2023-11-09 23:00:00,e,e_1
21600,2023-11-10 00:00:00,e,e_1
21601,2023-11-10 01:00:00,e,e_1
21602,2023-11-10 02:00:00,f,f_1
21603,2023-11-10 03:00:00,f,f_1
21604,2023-11-10 04:00:00,f,f_1
21605,2023-11-10 05:00:00,f,f_1
21606,2023-11-10 06:00:00,f,f_1
21607,2023-11-10 07:00:00,f,f_1
21608,2023-11-10 08:00:00,f,f_1
21609,2023-11-10 09:00:00,f,f_1
21610,2023-11-10 10:00:00,d,d_1
21611,2023-11-10 11:00:00,d,d_1
21612,2023-11-10 12:00:00,d,d_1
21613,2023-11-10 13:00:00,d,d_1
21614,2023-11-10 14:00:00,d,d_1
21615,2023-11-10 15:00:00,d,d_1
21616,2023-11-10 16:00:00,d,d_1
21617,2023-11-10 17:00:00,h,h_0
21618,2023-11-10 18:00:00,f,f_1
21619,2023-11-10 19:00:00,f,f_1
21620,2023-11-10 20:00:00,f,f_1
21621,2023-11-10 21:00:00,f,f_1
21622,2023-11-10 22:00:00,f,f_1
21623,2023-11-10 23:00:00,f,f_1
21624,2023-11-11 00:00:00,f,f_1
21625,2023-11-11 01:00:00,c,c_1
21626,2023-11-11 02:00:00,c,c_1
21627,2023-11-11 03:00:00,c,c_1
21628,2023-11-11 04:00:00,c,c_1
21629,2023-11-11 05:00:00,c,c_1
21630,2023-11-11 06:00:00,c,c_1
21631,2023-11-11 07:00:00,c,c_1
21632,2023-11-11 08:00:00,g,g_1
21633,2023-11-11 09:00:00,g,g_1
21634,2023-11-11 10:00:00,f,f_0
21635,2023-11-11 11:00:00,h,h_1
21636,2023-11-11 12:00:00,h,h_1
21637,2023-11-11 13:00:00,g,g_1
21638,2023-11-11 14:00:00,g,g_1
21639,2023-11-11 15:00:00,h,h_0
21640,2023-11-11 16:00:00,d,d_0
21641,2023-11-11 17:00:00,e,e_1
21642,2023-11-11 18:00:00,e,e_1
21643,2023-11-11 19:00:00,e,e_1
21644,2023-11-11 20:00:00,e,e_1
21645,2023-11-11 21:00:00,e,e_1
21646,2023-11-11 22:00:00,e,e_1
21647,2023-11-11 23:00:00,e,e_1
21648,2023-11-12 00:00:00,a,a_1
21649,2023-11-12 01:00:00,a,a_1
21650,2023-11-12 02:00:00,a,a_1
21651,2023-11-12 03:00:00,a,a_1
21652,2023-11-12 04:00:00,a,a_1
21653,2023-11-12 05:00:00,a,a_1
21654,2023-11-12 06:00:00,a,a_1
21655,2023-11-12 07:00:00,a,a_1
21656,2023-11-12 08:00:00,b,b_1
21657,2023-11-12 09:00:00,b,b_1
21658,2023-11-12 10:00:00,b,b_1
21659,2023-11-12 11:00:00,b,b_1
21660,2023-11-12 12:00:00,b,b_1
21661,2023-11-12 13:00:00,b,b_1
21662,2023-11-12 14:00:00,b,b_1
21663,2023-11-12 15:00:00,e,e_0
21664,2023-11-12 16:00:00,e,e_0
21665,2023-11-12 17:00:00,c,c_1
21666,2023-11-12 18:00:00,c,c_1
21667,2023-11-12 19:00:00,c,c_1
21668,2023-11-12 20:00:00,c,c_1
21669,2023-11-12 21:00:00,c,c_1
21670,2023-11-12 22:00:00,c,c_1
21671,2023-11-12 23:00:00,c,c_1
21672,2023-11-13 00:00:00,c,c_1
21673,2023-11-13 01:00:00,f,f_1
21674,2023-11-13 02:00:00,f,f_1
21675,2023-11-13 03:00:00,f,f_1
21676,2023-11-13 04:00:00,f,f_1
21677,2023-11-13 05:00:00,f,f_1
21678,2023-11-13 06:00:00,f,f_1
21679,2023-11-13 07:00:00,f,f_1
21680,2023-11-13 08:00:00,f,f_1
21681,2023-11-13 09:00:00,d,d_0
21682,2023-11-13 10:00:00,d,d_0
21683,2023-11-13 11:00:00,b,b_1
21684,2023-11-13 12:00:00,b,b_1
21685,2023-11-13 13:00:00,b,b_1
21686,2023-11-13 14:00:00,b,b_1
21687,2023-11-13 15:00:00,b,b_1
21688,2023-11-13 16:00:00,b,b_1
21689,2023-11-13 17:00:00,b,b_1
21690,2023-11-13 18:00:00,h,h_0
21691,2023-11-13 19:00:00,f,f_1
21692,2023-11-13 20:00:00,f,f_1
21693,2023-11-13 21:00:00,f,f_1
21694,2023-11-13 22:00:00,f,f_1
21695,2023-11-13 23:00:00,f,f_1
21696,2023-11-14 00:00:00,f,f_1
21697,2023-11-14 01:00:00,f,f_1
21698,2023-11-14 02:00:00,f,f_1
21699,2023-11-14 03:00:00,d,d_1
21700,2023-11-14 04:00:00,d,d_1
21701,2023-11-14 05:00:00,d,d_1
21702,2023-11-14 06:00:00,d,d_1
21703,2023-11-14 07:00:00,d,d_1
21704,2023-11-14 08:00:00,d,d_1
21705,2023-11-14 09:00:00,d,d_1
21706,2023-11-14 10:00:00,e,e_1
21707,2023-11-14 11:00:00,e,e_1
21708,2023-11-14 12:00:00,e,e_1
21709,2023-11-14 13:00:00,e,e_1
21710,2023-11-14 14:00:00,e,e_1
21711,2023-11-14 15:00:00,e,e_1
21712,2023-11-14 16:00:00,e,e_1
21713,2023-11-14 17:00:00,e,e_1
21714,2023-11-14 18:00:00,g,g_0
21715,2023-11-14 19:00:00,c,c_1
21716,2023-11-14 20:00:00,c,c_1
21717,2023-11-14 21:00:00,c,c_1
21718,2023-11-14 22:00:00,c,c_1
21719,2023-11-14 23:00:00,c,c_1
21720,2023-11-15 00:00:00,c,c_1
21721,2023-11-15 01:00:00,c,c_1
21722,2023-11-15 02:00:00,c,c_1
21723,2023-11-15 03:00:00,h,h_0
21724,2023-11-15 04:00:00,g,g_1
21725,2023-11-15 05:00:00,g,g_1
21726,2023-11-15 06:00:00,c,c_0
21727,2023-11-15 07:00:00,d,d_1
21728,2023-11-15 08:00:00,d,d_1
21729,2023-11-15 09:00:00,d,d_1
21730,2023-11-15 10:00:00,d,d_1
21731,2023-11-15 11:00:00,d,d_1
21732,2023-11-15 12:00:00,d,d_1
21733,2023-11-15 13:00:00,d,d_1
21734,2023-11-15 14:00:00,d,d_1
21735,2023-11-15 15:00:00,g,g_1
21736,2023-11-15 16:00:00,g,g_1
21737,2023-11-15 17:00:00,h,h_0
21738,2023-11-15 18:00:00,c,c_0
21739,2023-11-15 19:00:00,g,g_0
21740,2023-11-15 20:00:00,h,h_0
21741,2023-11-15 21:00:00,b,b_0
21742,2023-11-15 22:00:00,b,b_0
21743,2023-11-15 23:00:00,a,a_0
21744,2023-11-16 00:00:00,a,a_0
21745,2023-11-16 01:00:00,f,f_1
21746,2023-11-16 02:00:00,f,f_1
21747,2023-11-16 03:00:00,f,f_1
21748,2023-11-16 04:00:00,f,f_1
21749,2023-11-16 05:00:00,f,f_1
21750,2023-11-16 06:00:00,f,f_1
21751,2023-11-16 07:00:00,f,f_1
21752,2023-11-16 08:00:00,b,b_0
21753,2023-11-16 09:00:00,b,b_0
21754,2023-11-16 10:00:00,c,c_0
21755,2023-11-16 11:00:00,c,c_0
21756,2023-11-16 12:00:00,f,f_1
21757,2023-11-16 13:00:00,f,f_1
21758,2023-11-16 14:00:00,f,f_1
21759,2023-11-16 15:00:00,f,f_1
21760,2023-11-16 16:00:00,f,f_1
21761,2023-11-16 17:00:00,f,f_1
21762,2023-11-16 18:00:00,f,f_1
21763,2023-11-16 19:00:00,f,f_1
21764,2023-11-16 20:00:00,h,h_0
21765,2023-11-16 21:00:00,e,e_1
21766,2023-11-16 22:00:00,e,e_1
21767,2023-11-16 23:00:00,e,e_1
21768,2023-11-17 00:00:00,e,e_1
21769,2023-11-17 01:00:00,e,e_1
21770,2023-11-17 02:00:00,e,e_1
21771,2023-11-17 03:00:00,e,e_1
21772,2023-11-17 04:00:00,e,e_1
21773,2023-11-17 05:00:00,c,c_0
21774,2023-11-17 06:00:00,c,c_0
21775,2023-11-17 07:00:00,f,f_1
21776,2023-11-17 08:00:00,f,f_1
21777,2023-11-17 09:00:00,f,f_1
21778,2023-11-17 10:00:00,f,f_1
21779,2023-11-17 11:00:00,f,f_1
21780,2023-11-17 12:00:00,f,f_1
21781,2023-11-17 13:00:00,f,f_1
21782,2023-11-17 14:00:00,f,f_1
21783,2023-11-17 15:00:00,h,h_1
21784,2023-11-17 16:00:00,h,h_1
21785,2023-11-17 17:00:00,b,b_0
21786,2023-11-17 18:00:00,b,b_0
21787,2023-11-17 19:00:00,h,h_1
21788,2023-11-17 20:00:00,h,h_1
21789,2023-11-17 21:00:00,a,a_0
21790,2023-11-17 22:00:00,e,e_1
21791,2023-11-17 23:00:00,e,e_1
21792,2023-11-18 00:00:00,e,e_1
21793,2023-11-18 01:00:00,e,e_1
21794,2023-11-18 02:00:00,e,e_1
21795,2023-11-18 03:00:00,e,e_1
21796,2023-11-18 04:00:00,e,e_1
21797,2023-11-18 05:00:00,h,h_1
21798,2023-11-18 06:00:00,h,h_1
21799,2023-11-18 07:00:00,c,c_0
21800,2023-11-18 08:00:00,c,c_0
21801,2023-11-18 09:00:00,b,b_0
21802,2023-11-18 10:00:00,b,b_0
21803,2023-11-18 11:00:00,e,e_1
21804,2023-11-18 12:00:00,e,e_1
21805,2023-11-18 13:00:00,e,e_1
21806,2023-11-18 14:00:00,e,e_1
21807,2023-11-18 15:00:00,e,e_1
21808,2023-11-18 16:00:00,e,e_1
21809,2023-11-18 17:00:00,e,e_1
21810,2023-11-18 18:00:00,c,c_1
21811,2023-11-18 19:00:00,c,c_1
21812,2023-11-18 20:00:00,c,c_1
21813,2023-11-18 21:00:00,c,c_1
21814,2023-11-18 22:00:00,c,c_1
21815,2023-11-18 23:00:00,c,c_1
21816,2023-11-19 00:00:00,c,c_1
21817,2023-11-19 01:00:00,c,c_1
21818,2023-11-19 02:00:00,a,a_1
21819,2023-11-19 03:00:00,a,a_1
21820,2023-11-19 04:00:00,a,a_1
21821,2023-11-19 05:00:00,a,a_1
21822,2023-11-19 06:00:00,a,a_1
21823,2023-11-19 07:00:00,a,a_1
21824,2023-11-19 08:00:00,a,a_1
21825,2023-11-19 09:00:00,b,b_1
21826,2023-11-19 10:00:00,b,b_1
21827,2023-11-19 11:00:00,b,b_1
21828,2023-11-19 12:00:00,b,b_1
21829,2023-11-19 13:00:00,b,b_1
21830,2023-11-19 14:00:00,b,b_1
21831,2023-11-19 15:00:00,b,b_1
21832,2023-11-19 16:00:00,b,b_1
21833,2023-11-19 17:00:00,f,f_1
21834,2023-11-19 18:00:00,f,f_1
21835,2023-11-19 19:00:00,f,f_1
21836,2023-11-19 20:00:00,f,f_1
21837,2023-11-19 21:00:00,f,f_1
21838,2023-11-19 22:00:00,f,f_1
21839,2023-11-19 23:00:00,f,f_1
21840,2023-11-20 00:00:00,f,f_1
21841,2023-11-20 01:00:00,b,b_1
21842,2023-11-20 02:00:00,b,b_1
21843,2023-11-20 03:00:00,b,b_1
21844,2023-11-20 04:00:00,b,b_1
21845,2023-11-20 05:00:00,b,b_1
21846,2023-11-20 06:00:00,b,b_1
21847,2023-11-20 07:00:00,b,b_1
21848,2023-11-20 08:00:00,b,b_1
21849,2023-11-20 09:00:00,c,c_1
21850,2023-11-20 10:00:00,c,c_1
21851,2023-11-20 11:00:00,c,c_1
21852,2023-11-20 12:00:00,c,c_1
21853,2023-11-20 13:00:00,c,c_1
21854,2023-11-20 14:00:00,c,c_1
21855,2023-11-20 15:00:00,c,c_1
21856,2023-11-20 16:00:00,c,c_1
21857,2023-11-20 17:00:00,d,d_0
21858,2023-11-20 18:00:00,d,d_0
21859,2023-11-20 19:00:00,a,a_1
21860,2023-11-20 20:00:00,a,a_1
21861,2023-11-20 21:00:00,a,a_1
21862,2023-11-20 22:00:00,a,a_1
21863,2023-11-20 23:00:00,a,a_1
21864,2023-11-21 00:00:00,a,a_1
21865,2023-11-21 01:00:00,a,a_1
21866,2023-11-21 02:00:00,h,h_1
21867,2023-11-21 03:00:00,h,h_1
21868,2023-11-21 04:00:00,b,b_1
21869,2023-11-21 05:00:00,b,b_1
21870,2023-11-21 06:00:00,b,b_1
21871,2023-11-21 07:00:00,b,b_1
21872,2023-11-21 08:00:00,b,b_1
21873,2023-11-21 09:00:00,b,b_1
21874,2023-11-21 10:00:00,b,b_1
21875,2023-11-21 11:00:00,d,d_0
21876,2023-11-21 12:00:00,d,d_0
21877,2023-11-21 13:00:00,e,e_1
21878,2023-11-21 14:00:00,e,e_1
21879,2023-11-21 15:00:00,e,e_1
21880,2023-11-21 16:00:00,e,e_1
21881,2023-11-21 17:00:00,e,e_1
21882,2023-11-21 18:00:00,e,e_1
21883,2023-11-21 19:00:00,e,e_1
21884,2023-11-21 20:00:00,e,e_1
21885,2023-11-21 21:00:00,f,f_1
21886,2023-11-21 22:00:00,f,f_1
21887,2023-11-21 23:00:00,f,f_1
21888,2023-11-22 00:00:00,f,f_1
21889,2023-11-22 01:00:00,f,f_1
21890,2023-11-22 02:00:00,f,f_1
21891,2023-11-22 03:00:00,f,f_1
21892,2023-11-22 04:00:00,c,c_1
21893,2023-11-22 05:00:00,c,c_1
21894,2023-11-22 06:00:00,c,c_1
21895,2023-11-22 07:00:00,c,c_1
21896,2023-11-22 08:00:00,c,c_1
21897,2023-11-22 09:00:00,c,c_1
21898,2023-11-22 10:00:00,c,c_1
21899,2023-11-22 11:00:00,c,c_1
21900,2023-11-22 12:00:00,d,d_0
21901,2023-11-22 13:00:00,e,e_0
21902,2023-11-22 14:00:00,f,f_1
21903,2023-11-22 15:00:00,f,f_1
21904,2023-11-22 16:00:00,f,f_1
21905,2023-11-22 17:00:00,f,f_1
21906,2023-11-22 18:00:00,f,f_1
21907,2023-11-22 19:00:00,f,f_1
21908,2023-11-22 20:00:00,f,f_1
21909,2023-11-22 21:00:00,f,f_1
21910,2023-11-22 22:00:00,g,g_0
21911,2023-11-22 23:00:00,f,f_0
21912,2023-11-23 00:00:00,e,e_1
21913,2023-11-23 01:00:00,e,e_1
21914,2023-11-23 02:00:00,e,e_1
21915,2023-11-23 03:00:00,e,e_1
21916,2023-11-23 04:00:00,e,e_1
21917,2023-11-23 05:00:00,e,e_1
21918,2023-11-23 06:00:00,e,e_1
21919,2023-11-23 07:00:00,e,e_1
21920,2023-11-23 08:00:00,b,b_0
21921,2023-11-23 09:00:00,b,b_0
21922,2023-11-23 10:00:00,g,g_1
21923,2023-11-23 11:00:00,g,g_1
21924,2023-11-23 12:00:00,e,e_1
21925,2023-11-23 13:00:00,e,e_1
21926,2023-11-23 14:00:00,e,e_1
21927,2023-11-23 15:00:00,e,e_1
21928,2023-11-23 16:00:00,e,e_1
21929,2023-11-23 17:00:00,e,e_1
21930,2023-11-23 18:00:00,e,e_1
21931,2023-11-23 19:00:00,e,e_1
21932,2023-11-23 20:00:00,h,h_1
21933,2023-11-23 21:00:00,h,h_1
21934,2023-11-23 22:00:00,f,f_1
21935,2023-11-23 23:00:00,f,f_1
21936,2023-11-24 00:00:00,f,f_1
21937,2023-11-24 01:00:00,f,f_1
21938,2023-11-24 02:00:00,f,f_1
21939,2023-11-24 03:00:00,f,f_1
21940,2023-11-24 04:00:00,f,f_1
21941,2023-11-24 05:00:00,f,f_1
21942,2023-11-24 06:00:00,c,c_0
21943,2023-11-24 07:00:00,c,c_0
21944,2023-11-24 08:00:00,h,h_1
21945,2023-11-24 09:00:00,h,h_1
21946,2023-11-24 10:00:00,d,d_1
21947,2023-11-24 11:00:00,d,d_1
21948,2023-11-24 12:00:00,d,d_1
21949,2023-11-24 13:00:00,d,d_1
21950,2023-11-24 14:00:00,d,d_1
21951,2023-11-24 15:00:00,d,d_1
21952,2023-11-24 16:00:00,d,d_1
21953,2023-11-24 17:00:00,b,b_1
21954,2023-11-24 18:00:00,b,b_1
21955,2023-11-24 19:00:00,b,b_1
21956,2023-11-24 20:00:00,b,b_1
21957,2023-11-24 21:00:00,b,b_1
21958,2023-11-24 22:00:00,b,b_1
21959,2023-11-24 23:00:00,b,b_1
21960,2023-11-25 00:00:00,b,b_1
21961,2023-11-25 01:00:00,e,e_0
21962,2023-11-25 02:00:00,d,d_1
21963,2023-11-25 03:00:00,d,d_1
21964,2023-11-25 04:00:00,d,d_1
21965,2023-11-25 05:00:00,d,d_1
21966,2023-11-25 06:00:00,d,d_1
21967,2023-11-25 07:00:00,d,d_1
21968,2023-11-25 08:00:00,d,d_1
21969,2023-11-25 09:00:00,d,d_1
21970,2023-11-25 10:00:00,a,a_1
21971,2023-11-25 11:00:00,a,a_1
21972,2023-11-25 12:00:00,a,a_1
21973,2023-11-25 13:00:00,a,a_1
21974,2023-11-25 14:00:00,a,a_1
21975,2023-11-25 15:00:00,a,a_1
21976,2023-11-25 16:00:00,a,a_1
21977,2023-11-25 17:00:00,c,c_1
21978,2023-11-25 18:00:00,c,c_1
21979,2023-11-25 19:00:00,c,c_1
21980,2023-11-25 20:00:00,c,c_1
21981,2023-11-25 21:00:00,c,c_1
21982,2023-11-25 22:00:00,c,c_1
21983,2023-11-25 23:00:00,c,c_1
21984,2023-11-26 00:00:00,d,d_0
21985,2023-11-26 01:00:00,b,b_1
21986,2023-11-26 02:00:00,b,b_1
21987,2023-11-26 03:00:00,b,b_1
21988,2023-11-26 04:00:00,b,b_1
21989,2023-11-26 05:00:00,b,b_1
21990,2023-11-26 06:00:00,b,b_1
21991,2023-11-26 07:00:00,b,b_1
21992,2023-11-26 08:00:00,b,b_1
21993,2023-11-26 09:00:00,c,c_0
21994,2023-11-26 10:00:00,c,c_0
21995,2023-11-26 11:00:00,e,e_1
21996,2023-11-26 12:00:00,e,e_1
21997,2023-11-26 13:00:00,e,e_1
21998,2023-11-26 14:00:00,e,e_1
21999,2023-11-26 15:00:00,e,e_1
22000,2023-11-26 16:00:00,e,e_1
22001,2023-11-26 17:00:00,e,e_1
22002,2023-11-26 18:00:00,h,h_1
22003,2023-11-26 19:00:00,h,h_1
22004,2023-11-26 20:00:00,b,b_1
22005,2023-11-26 21:00:00,b,b_1
22006,2023-11-26 22:00:00,b,b_1
22007,2023-11-26 23:00:00,b,b_1
22008,2023-11-27 00:00:00,b,b_1
22009,2023-11-27 01:00:00,b,b_1
22010,2023-11-27 02:00:00,b,b_1
22011,2023-11-27 03:00:00,b,b_1
22012,2023-11-27 04:00:00,a,a_1
22013,2023-11-27 05:00:00,a,a_1
22014,2023-11-27 06:00:00,a,a_1
22015,2023-11-27 07:00:00,a,a_1
22016,2023-11-27 08:00:00,a,a_1
22017,2023-11-27 09:00:00,a,a_1
22018,2023-11-27 10:00:00,a,a_1
22019,2023-11-27 11:00:00,d,d_1
22020,2023-11-27 12:00:00,d,d_1
22021,2023-11-27 13:00:00,d,d_1
22022,2023-11-27 14:00:00,d,d_1
22023,2023-11-27 15:00:00,d,d_1
22024,2023-11-27 16:00:00,d,d_1
22025,2023-11-27 17:00:00,d,d_1
22026,2023-11-27 18:00:00,g,g_0
22027,2023-11-27 19:00:00,b,b_0
22028,2023-11-27 20:00:00,b,b_0
22029,2023-11-27 21:00:00,h,h_1
22030,2023-11-27 22:00:00,h,h_1
22031,2023-11-27 23:00:00,c,c_0
22032,2023-11-28 00:00:00,c,c_0
22033,2023-11-28 01:00:00,g,g_0
22034,2023-11-28 02:00:00,h,h_0
22035,2023-11-28 03:00:00,d,d_1
22036,2023-11-28 04:00:00,d,d_1
22037,2023-11-28 05:00:00,d,d_1
22038,2023-11-28 06:00:00,d,d_1
22039,2023-11-28 07:00:00,d,d_1
22040,2023-11-28 08:00:00,d,d_1
22041,2023-11-28 09:00:00,d,d_1
22042,2023-11-28 10:00:00,d,d_1
22043,2023-11-28 11:00:00,b,b_0
22044,2023-11-28 12:00:00,g,g_1
22045,2023-11-28 13:00:00,g,g_1
22046,2023-11-28 14:00:00,f,f_0
22047,2023-11-28 15:00:00,f,f_0
22048,2023-11-28 16:00:00,h,h_0
22049,2023-11-28 17:00:00,a,a_0
22050,2023-11-28 18:00:00,g,g_0
22051,2023-11-28 19:00:00,e,e_1
22052,2023-11-28 20:00:00,e,e_1
22053,2023-11-28 21:00:00,e,e_1
22054,2023-11-28 22:00:00,e,e_1
22055,2023-11-28 23:00:00,e,e_1
22056,2023-11-29 00:00:00,e,e_1
22057,2023-11-29 01:00:00,e,e_1
22058,2023-11-29 02:00:00,e,e_1
22059,2023-11-29 03:00:00,d,d_1
22060,2023-11-29 04:00:00,d,d_1
22061,2023-11-29 05:00:00,d,d_1
22062,2023-11-29 06:00:00,d,d_1
22063,2023-11-29 07:00:00,d,d_1
22064,2023-11-29 08:00:00,d,d_1
22065,2023-11-29 09:00:00,d,d_1
22066,2023-11-29 10:00:00,d,d_1
22067,2023-11-29 11:00:00,e,e_1
22068,2023-11-29 12:00:00,e,e_1
22069,2023-11-29 13:00:00,e,e_1
22070,2023-11-29 14:00:00,e,e_1
22071,2023-11-29 15:00:00,e,e_1
22072,2023-11-29 16:00:00,e,e_1
22073,2023-11-29 17:00:00,e,e_1
22074,2023-11-29 18:00:00,e,e_1
22075,2023-11-29 19:00:00,b,b_1
22076,2023-11-29 20:00:00,b,b_1
22077,2023-11-29 21:00:00,b,b_1
22078,2023-11-29 22:00:00,b,b_1
22079,2023-11-29 23:00:00,b,b_1
22080,2023-11-30 00:00:00,b,b_1
22081,2023-11-30 01:00:00,b,b_1
22082,2023-11-30 02:00:00,b,b_1
22083,2023-11-30 03:00:00,f,f_1
22084,2023-11-30 04:00:00,f,f_1
22085,2023-11-30 05:00:00,f,f_1
22086,2023-11-30 06:00:00,f,f_1
22087,2023-11-30 07:00:00,f,f_1
22088,2023-11-30 08:00:00,f,f_1
22089,2023-11-30 09:00:00,f,f_1
22090,2023-11-30 10:00:00,f,f_1
22091,2023-11-30 11:00:00,h,h_1
22092,2023-11-30 12:00:00,h,h_1
22093,2023-11-30 13:00:00,c,c_1
22094,2023-11-30 14:00:00,c,c_1
22095,2023-11-30 15:00:00,c,c_1
22096,2023-11-30 16:00:00,c,c_1
22097,2023-11-30 17:00:00,c,c_1
22098,2023-11-30 18:00:00,c,c_1
22099,2023-11-30 19:00:00,c,c_1
22100,2023-11-30 20:00:00,f,f_1
22101,2023-11-30 21:00:00,f,f_1
22102,2023-11-30 22:00:00,f,f_1
22103,2023-11-30 23:00:00,f,f_1
22104,2023-12-01 00:00:00,f,f_1
22105,2023-12-01 01:00:00,f,f_1
22106,2023-12-01 02:00:00,f,f_1
22107,2023-12-01 03:00:00,f,f_1
22108,2023-12-01 04:00:00,e,e_1
22109,2023-12-01 05:00:00,e,e_1
22110,2023-12-01 06:00:00,e,e_1
22111,2023-12-01 07:00:00,e,e_1
22112,2023-12-01 08:00:00,e,e_1
22113,2023-12-01 09:00:00,e,e_1
22114,2023-12-01 10:00:00,e,e_1
22115,2023-12-01 11:00:00,e,e_1
22116,2023-12-01 12:00:00,h,h_0
22117,2023-12-01 13:00:00,d,d_0
22118,2023-12-01 14:00:00,d,d_0
22119,2023-12-01 15:00:00,e,e_1
22120,2023-12-01 16:00:00,e,e_1
22121,2023-12-01 17:00:00,e,e_1
22122,2023-12-01 18:00:00,e,e_1
22123,2023-12-01 19:00:00,e,e_1
22124,2023-12-01 20:00:00,e,e_1
22125,2023-12-01 21:00:00,e,e_1
22126,2023-12-01 22:00:00,e,e_1
22127,2023-12-01 23:00:00,a,a_1
22128,2023-12-02 00:00:00,a,a_1
22129,2023-12-02 01:00:00,a,a_1
22130,2023-12-02 02:00:00,a,a_1
22131,2023-12-02 03:00:00,a,a_1
22132,2023-12-02 04:00:00,a,a_1
22133,2023-12-02 05:00:00,a,a_1
22134,2023-12-02 06:00:00,e,e_0
22135,2023-12-02 07:00:00,e,e_0
22136,2023-12-02 08:00:00,f,f_1
22137,2023-12-02 09:00:00,f,f_1
22138,2023-12-02 10:00:00,f,f_1
22139,2023-12-02 11:00:00,f,f_1
22140,2023-12-02 12:00:00,f,f_1
22141,2023-12-02 13:00:00,f,f_1
22142,2023-12-02 14:00:00,f,f_1
22143,2023-12-02 15:00:00,h,h_1
22144,2023-12-02 16:00:00,h,h_1
22145,2023-12-02 17:00:00,f,f_0
22146,2023-12-02 18:00:00,f,f_0
22147,2023-12-02 19:00:00,h,h_1
22148,2023-12-02 20:00:00,h,h_1
22149,2023-12-02 21:00:00,b,b_1
22150,2023-12-02 22:00:00,b,b_1
22151,2023-12-02 23:00:00,b,b_1
22152,2023-12-03 00:00:00,b,b_1
22153,2023-12-03 01:00:00,b,b_1
22154,2023-12-03 02:00:00,b,b_1
22155,2023-12-03 03:00:00,b,b_1
22156,2023-12-03 04:00:00,b,b_1
22157,2023-12-03 05:00:00,a,a_0
22158,2023-12-03 06:00:00,g,g_1
22159,2023-12-03 07:00:00,g,g_1
22160,2023-12-03 08:00:00,b,b_0
22161,2023-12-03 09:00:00,b,b_0
22162,2023-12-03 10:00:00,c,c_1
22163,2023-12-03 11:00:00,c,c_1
22164,2023-12-03 12:00:00,c,c_1
22165,2023-12-03 13:00:00,c,c_1
22166,2023-12-03 14:00:00,c,c_1
22167,2023-12-03 15:00:00,c,c_1
22168,2023-12-03 16:00:00,c,c_1
22169,2023-12-03 17:00:00,d,d_0
22170,2023-12-03 18:00:00,a,a_0
22171,2023-12-03 19:00:00,a,a_0
22172,2023-12-03 20:00:00,b,b_0
22173,2023-12-03 21:00:00,d,d_0
22174,2023-12-03 22:00:00,b,b_0
22175,2023-12-03 23:00:00,b,b_0
22176,2023-12-04 00:00:00,e,e_1
22177,2023-12-04 01:00:00,e,e_1
22178,2023-12-04 02:00:00,e,e_1
22179,2023-12-04 03:00:00,e,e_1
22180,2023-12-04 04:00:00,e,e_1
22181,2023-12-04 05:00:00,e,e_1
22182,2023-12-04 06:00:00,e,e_1
22183,2023-12-04 07:00:00,e,e_1
22184,2023-12-04 08:00:00,f,f_1
22185,2023-12-04 09:00:00,f,f_1
22186,2023-12-04 10:00:00,f,f_1
22187,2023-12-04 11:00:00,f,f_1
22188,2023-12-04 12:00:00,f,f_1
22189,2023-12-04 13:00:00,f,f_1
22190,2023-12-04 14:00:00,f,f_1
22191,2023-12-04 15:00:00,f,f_1
22192,2023-12-04 16:00:00,c,c_0
22193,2023-12-04 17:00:00,c,c_0
22194,2023-12-04 18:00:00,f,f_1
22195,2023-12-04 19:00:00,f,f_1
22196,2023-12-04 20:00:00,f,f_1
22197,2023-12-04 21:00:00,f,f_1
22198,2023-12-04 22:00:00,f,f_1
22199,2023-12-04 23:00:00,f,f_1
22200,2023-12-05 00:00:00,f,f_1
22201,2023-12-05 01:00:00,f,f_1
22202,2023-12-05 02:00:00,b,b_0
22203,2023-12-05 03:00:00,e,e_1
22204,2023-12-05 04:00:00,e,e_1
22205,2023-12-05 05:00:00,e,e_1
22206,2023-12-05 06:00:00,e,e_1
22207,2023-12-05 07:00:00,e,e_1
22208,2023-12-05 08:00:00,e,e_1
22209,2023-12-05 09:00:00,e,e_1
22210,2023-12-05 10:00:00,e,e_1
22211,2023-12-05 11:00:00,d,d_1
22212,2023-12-05 12:00:00,d,d_1
22213,2023-12-05 13:00:00,d,d_1
22214,2023-12-05 14:00:00,d,d_1
22215,2023-12-05 15:00:00,d,d_1
22216,2023-12-05 16:00:00,d,d_1
22217,2023-12-05 17:00:00,d,d_1
22218,2023-12-05 18:00:00,c,c_0
22219,2023-12-05 19:00:00,c,c_0
22220,2023-12-05 20:00:00,g,g_0
22221,2023-12-05 21:00:00,d,d_1
22222,2023-12-05 22:00:00,d,d_1
22223,2023-12-05 23:00:00,d,d_1
22224,2023-12-06 00:00:00,d,d_1
22225,2023-12-06 01:00:00,d,d_1
22226,2023-12-06 02:00:00,d,d_1
22227,2023-12-06 03:00:00,d,d_1
22228,2023-12-06 04:00:00,h,h_0
22229,2023-12-06 05:00:00,b,b_0
22230,2023-12-06 06:00:00,c,c_0
22231,2023-12-06 07:00:00,b,b_1
22232,2023-12-06 08:00:00,b,b_1
22233,2023-12-06 09:00:00,b,b_1
22234,2023-12-06 10:00:00,b,b_1
22235,2023-12-06 11:00:00,b,b_1
22236,2023-12-06 12:00:00,b,b_1
22237,2023-12-06 13:00:00,b,b_1
22238,2023-12-06 14:00:00,b,b_1
22239,2023-12-06 15:00:00,f,f_1
22240,2023-12-06 16:00:00,f,f_1
22241,2023-12-06 17:00:00,f,f_1
22242,2023-12-06 18:00:00,f,f_1
22243,2023-12-06 19:00:00,f,f_1
22244,2023-12-06 20:00:00,f,f_1
22245,2023-12-06 21:00:00,f,f_1
22246,2023-12-06 22:00:00,f,f_1
22247,2023-12-06 23:00:00,d,d_1
22248,2023-12-07 00:00:00,d,d_1
22249,2023-12-07 01:00:00,d,d_1
22250,2023-12-07 02:00:00,d,d_1
22251,2023-12-07 03:00:00,d,d_1
22252,2023-12-07 04:00:00,d,d_1
22253,2023-12-07 05:00:00,d,d_1
22254,2023-12-07 06:00:00,d,d_1
22255,2023-12-07 07:00:00,c,c_1
22256,2023-12-07 08:00:00,c,c_1
22257,2023-12-07 09:00:00,c,c_1
22258,2023-12-07 10:00:00,c,c_1
22259,2023-12-07 11:00:00,c,c_1
22260,2023-12-07 12:00:00,c,c_1
22261,2023-12-07 13:00:00,c,c_1
22262,2023-12-07 14:00:00,c,c_1
22263,2023-12-07 15:00:00,f,f_0
22264,2023-12-07 16:00:00,c,c_1
22265,2023-12-07 17:00:00,c,c_1
22266,2023-12-07 18:00:00,c,c_1
22267,2023-12-07 19:00:00,c,c_1
22268,2023-12-07 20:00:00,c,c_1
22269,2023-12-07 21:00:00,c,c_1
22270,2023-12-07 22:00:00,c,c_1
22271,2023-12-07 23:00:00,g,g_1
22272,2023-12-08 00:00:00,g,g_1
22273,2023-12-08 01:00:00,b,b_1
22274,2023-12-08 02:00:00,b,b_1
22275,2023-12-08 03:00:00,b,b_1
22276,2023-12-08 04:00:00,b,b_1
22277,2023-12-08 05:00:00,b,b_1
22278,2023-12-08 06:00:00,b,b_1
22279,2023-12-08 07:00:00,b,b_1
22280,2023-12-08 08:00:00,h,h_1
22281,2023-12-08 09:00:00,h,h_1
22282,2023-12-08 10:00:00,f,f_1
22283,2023-12-08 11:00:00,f,f_1
22284,2023-12-08 12:00:00,f,f_1
22285,2023-12-08 13:00:00,f,f_1
22286,2023-12-08 14:00:00,f,f_1
22287,2023-12-08 15:00:00,f,f_1
22288,2023-12-08 16:00:00,f,f_1
22289,2023-12-08 17:00:00,d,d_0
22290,2023-12-08 18:00:00,c,c_0
22291,2023-12-08 19:00:00,e,e_1
22292,2023-12-08 20:00:00,e,e_1
22293,2023-12-08 21:00:00,e,e_1
22294,2023-12-08 22:00:00,e,e_1
22295,2023-12-08 23:00:00,e,e_1
22296,2023-12-09 00:00:00,e,e_1
22297,2023-12-09 01:00:00,e,e_1
22298,2023-12-09 02:00:00,e,e_1
22299,2023-12-09 03:00:00,b,b_0
22300,2023-12-09 04:00:00,b,b_0
22301,2023-12-09 05:00:00,f,f_1
22302,2023-12-09 06:00:00,f,f_1
22303,2023-12-09 07:00:00,f,f_1
22304,2023-12-09 08:00:00,f,f_1
22305,2023-12-09 09:00:00,f,f_1
22306,2023-12-09 10:00:00,f,f_1
22307,2023-12-09 11:00:00,f,f_1
22308,2023-12-09 12:00:00,f,f_1
22309,2023-12-09 13:00:00,d,d_1
22310,2023-12-09 14:00:00,d,d_1
22311,2023-12-09 15:00:00,d,d_1
22312,2023-12-09 16:00:00,d,d_1
22313,2023-12-09 17:00:00,d,d_1
22314,2023-12-09 18:00:00,d,d_1
22315,2023-12-09 19:00:00,d,d_1
22316,2023-12-09 20:00:00,e,e_0
22317,2023-12-09 21:00:00,h,h_1
22318,2023-12-09 22:00:00,h,h_1
22319,2023-12-09 23:00:00,f,f_0
22320,2023-12-10 00:00:00,d,d_1
22321,2023-12-10 01:00:00,d,d_1
22322,2023-12-10 02:00:00,d,d_1
22323,2023-12-10 03:00:00,d,d_1
22324,2023-12-10 04:00:00,d,d_1
22325,2023-12-10 05:00:00,d,d_1
22326,2023-12-10 06:00:00,d,d_1
22327,2023-12-10 07:00:00,d,d_1
22328,2023-12-10 08:00:00,a,a_0
22329,2023-12-10 09:00:00,b,b_0
22330,2023-12-10 10:00:00,b,b_0
22331,2023-12-10 11:00:00,g,g_0
22332,2023-12-10 12:00:00,a,a_0
22333,2023-12-10 13:00:00,e,e_0
22334,2023-12-10 14:00:00,b,b_0
22335,2023-12-10 15:00:00,b,b_0
22336,2023-12-10 16:00:00,f,f_0
22337,2023-12-10 17:00:00,h,h_0
22338,2023-12-10 18:00:00,g,g_1
22339,2023-12-10 19:00:00,g,g_1
22340,2023-12-10 20:00:00,b,b_1
22341,2023-12-10 21:00:00,b,b_1
22342,2023-12-10 22:00:00,b,b_1
22343,2023-12-10 23:00:00,b,b_1
22344,2023-12-11 00:00:00,b,b_1
22345,2023-12-11 01:00:00,b,b_1
22346,2023-12-11 02:00:00,b,b_1
22347,2023-12-11 03:00:00,h,h_0
22348,2023-12-11 04:00:00,f,f_0
22349,2023-12-11 05:00:00,f,f_0
22350,2023-12-11 06:00:00,c,c_1
22351,2023-12-11 07:00:00,c,c_1
22352,2023-12-11 08:00:00,c,c_1
22353,2023-12-11 09:00:00,c,c_1
22354,2023-12-11 10:00:00,c,c_1
22355,2023-12-11 11:00:00,c,c_1
22356,2023-12-11 12:00:00,c,c_1
22357,2023-12-11 13:00:00,g,g_1
22358,2023-12-11 14:00:00,g,g_1
22359,2023-12-11 15:00:00,h,h_0
22360,2023-12-11 16:00:00,b,b_1
22361,2023-12-11 17:00:00,b,b_1
22362,2023-12-11 18:00:00,b,b_1
22363,2023-12-11 19:00:00,b,b_1
22364,2023-12-11 20:00:00,b,b_1
22365,2023-12-11 21:00:00,b,b_1
22366,2023-12-11 22:00:00,b,b_1
22367,2023-12-11 23:00:00,b,b_1
22368,2023-12-12 00:00:00,d,d_0
22369,2023-12-12 01:00:00,d,d_0
22370,2023-12-12 02:00:00,c,c_1
22371,2023-12-12 03:00:00,c,c_1
22372,2023-12-12 04:00:00,c,c_1
22373,2023-12-12 05:00:00,c,c_1
22374,2023-12-12 06:00:00,c,c_1
22375,2023-12-12 07:00:00,c,c_1
22376,2023-12-12 08:00:00,c,c_1
22377,2023-12-12 09:00:00,e,e_1
22378,2023-12-12 10:00:00,e,e_1
22379,2023-12-12 11:00:00,e,e_1
22380,2023-12-12 12:00:00,e,e_1
22381,2023-12-12 13:00:00,e,e_1
22382,2023-12-12 14:00:00,e,e_1
22383,2023-12-12 15:00:00,e,e_1
22384,2023-12-12 16:00:00,a,a_1
22385,2023-12-12 17:00:00,a,a_1
22386,2023-12-12 18:00:00,a,a_1
22387,2023-12-12 19:00:00,a,a_1
22388,2023-12-12 20:00:00,a,a_1
22389,2023-12-12 21:00:00,a,a_1
22390,2023-12-12 22:00:00,a,a_1
22391,2023-12-12 23:00:00,g,g_0
22392,2023-12-13 00:00:00,f,f_1
22393,2023-12-13 01:00:00,f,f_1
22394,2023-12-13 02:00:00,f,f_1
22395,2023-12-13 03:00:00,f,f_1
22396,2023-12-13 04:00:00,f,f_1
22397,2023-12-13 05:00:00,f,f_1
22398,2023-12-13 06:00:00,f,f_1
22399,2023-12-13 07:00:00,b,b_1
22400,2023-12-13 08:00:00,b,b_1
22401,2023-12-13 09:00:00,b,b_1
22402,2023-12-13 10:00:00,b,b_1
22403,2023-12-13 11:00:00,b,b_1
22404,2023-12-13 12:00:00,b,b_1
22405,2023-12-13 13:00:00,b,b_1
22406,2023-12-13 14:00:00,b,b_1
22407,2023-12-13 15:00:00,f,f_1
22408,2023-12-13 16:00:00,f,f_1
22409,2023-12-13 17:00:00,f,f_1
22410,2023-12-13 18:00:00,f,f_1
22411,2023-12-13 19:00:00,f,f_1
22412,2023-12-13 20:00:00,f,f_1
22413,2023-12-13 21:00:00,f,f_1
22414,2023-12-13 22:00:00,d,d_0
22415,2023-12-13 23:00:00,a,a_0
22416,2023-12-14 00:00:00,c,c_1
22417,2023-12-14 01:00:00,c,c_1
22418,2023-12-14 02:00:00,c,c_1
22419,2023-12-14 03:00:00,c,c_1
22420,2023-12-14 04:00:00,c,c_1
22421,2023-12-14 05:00:00,c,c_1
22422,2023-12-14 06:00:00,c,c_1
22423,2023-12-14 07:00:00,h,h_1
22424,2023-12-14 08:00:00,h,h_1
22425,2023-12-14 09:00:00,a,a_1
22426,2023-12-14 10:00:00,a,a_1
22427,2023-12-14 11:00:00,a,a_1
22428,2023-12-14 12:00:00,a,a_1
22429,2023-12-14 13:00:00,a,a_1
22430,2023-12-14 14:00:00,a,a_1
22431,2023-12-14 15:00:00,a,a_1
22432,2023-12-14 16:00:00,a,a_1
22433,2023-12-14 17:00:00,e,e_0
22434,2023-12-14 18:00:00,e,e_0
22435,2023-12-14 19:00:00,d,d_0
22436,2023-12-14 20:00:00,d,d_0
22437,2023-12-14 21:00:00,a,a_0
22438,2023-12-14 22:00:00,b,b_0
22439,2023-12-14 23:00:00,b,b_0
22440,2023-12-15 00:00:00,f,f_0
22441,2023-12-15 01:00:00,f,f_0
22442,2023-12-15 02:00:00,c,c_1
22443,2023-12-15 03:00:00,c,c_1
22444,2023-12-15 04:00:00,c,c_1
22445,2023-12-15 05:00:00,c,c_1
22446,2023-12-15 06:00:00,c,c_1
22447,2023-12-15 07:00:00,c,c_1
22448,2023-12-15 08:00:00,c,c_1
22449,2023-12-15 09:00:00,f,f_0
22450,2023-12-15 10:00:00,b,b_0
22451,2023-12-15 11:00:00,d,d_1
22452,2023-12-15 12:00:00,d,d_1
22453,2023-12-15 13:00:00,d,d_1
22454,2023-12-15 14:00:00,d,d_1
22455,2023-12-15 15:00:00,d,d_1
22456,2023-12-15 16:00:00,d,d_1
22457,2023-12-15 17:00:00,d,d_1
22458,2023-12-15 18:00:00,c,c_0
22459,2023-12-15 19:00:00,g,g_0
22460,2023-12-15 20:00:00,d,d_0
22461,2023-12-15 21:00:00,e,e_1
22462,2023-12-15 22:00:00,e,e_1
22463,2023-12-15 23:00:00,e,e_1
22464,2023-12-16 00:00:00,e,e_1
22465,2023-12-16 01:00:00,e,e_1
22466,2023-12-16 02:00:00,e,e_1
22467,2023-12-16 03:00:00,e,e_1
22468,2023-12-16 04:00:00,e,e_1
22469,2023-12-16 05:00:00,h,h_1
22470,2023-12-16 06:00:00,h,h_1
22471,2023-12-16 07:00:00,d,d_0
22472,2023-12-16 08:00:00,h,h_0
22473,2023-12-16 09:00:00,e,e_1
22474,2023-12-16 10:00:00,e,e_1
22475,2023-12-16 11:00:00,e,e_1
22476,2023-12-16 12:00:00,e,e_1
22477,2023-12-16 13:00:00,e,e_1
22478,2023-12-16 14:00:00,e,e_1
22479,2023-12-16 15:00:00,e,e_1
22480,2023-12-16 16:00:00,f,f_1
22481,2023-12-16 17:00:00,f,f_1
22482,2023-12-16 18:00:00,f,f_1
22483,2023-12-16 19:00:00,f,f_1
22484,2023-12-16 20:00:00,f,f_1
22485,2023-12-16 21:00:00,f,f_1
22486,2023-12-16 22:00:00,f,f_1
22487,2023-12-16 23:00:00,a,a_0
22488,2023-12-17 00:00:00,b,b_0
22489,2023-12-17 01:00:00,f,f_0
22490,2023-12-17 02:00:00,f,f_0
22491,2023-12-17 03:00:00,b,b_0
22492,2023-12-17 04:00:00,b,b_0
22493,2023-12-17 05:00:00,c,c_0
22494,2023-12-17 06:00:00,g,g_0
22495,2023-12-17 07:00:00,c,c_0
22496,2023-12-17 08:00:00,c,c_0
22497,2023-12-17 09:00:00,d,d_1
22498,2023-12-17 10:00:00,d,d_1
22499,2023-12-17 11:00:00,d,d_1
22500,2023-12-17 12:00:00,d,d_1
22501,2023-12-17 13:00:00,d,d_1
22502,2023-12-17 14:00:00,d,d_1
22503,2023-12-17 15:00:00,d,d_1
22504,2023-12-17 16:00:00,d,d_1
22505,2023-12-17 17:00:00,e,e_1
22506,2023-12-17 18:00:00,e,e_1
22507,2023-12-17 19:00:00,e,e_1
22508,2023-12-17 20:00:00,e,e_1
22509,2023-12-17 21:00:00,e,e_1
22510,2023-12-17 22:00:00,e,e_1
22511,2023-12-17 23:00:00,e,e_1
22512,2023-12-18 00:00:00,e,e_1
22513,2023-12-18 01:00:00,f,f_1
22514,2023-12-18 02:00:00,f,f_1
22515,2023-12-18 03:00:00,f,f_1
22516,2023-12-18 04:00:00,f,f_1
22517,2023-12-18 05:00:00,f,f_1
22518,2023-12-18 06:00:00,f,f_1
22519,2023-12-18 07:00:00,f,f_1
22520,2023-12-18 08:00:00,f,f_1
22521,2023-12-18 09:00:00,h,h_0
22522,2023-12-18 10:00:00,g,g_1
22523,2023-12-18 11:00:00,g,g_1
22524,2023-12-18 12:00:00,h,h_1
22525,2023-12-18 13:00:00,h,h_1
22526,2023-12-18 14:00:00,d,d_1
22527,2023-12-18 15:00:00,d,d_1
22528,2023-12-18 16:00:00,d,d_1
22529,2023-12-18 17:00:00,d,d_1
22530,2023-12-18 18:00:00,d,d_1
22531,2023-12-18 19:00:00,d,d_1
22532,2023-12-18 20:00:00,d,d_1
22533,2023-12-18 21:00:00,d,d_1
22534,2023-12-18 22:00:00,g,g_0
22535,2023-12-18 23:00:00,b,b_0
22536,2023-12-19 00:00:00,b,b_0
22537,2023-12-19 01:00:00,d,d_0
22538,2023-12-19 02:00:00,c,c_1
22539,2023-12-19 03:00:00,c,c_1
22540,2023-12-19 04:00:00,c,c_1
22541,2023-12-19 05:00:00,c,c_1
22542,2023-12-19 06:00:00,c,c_1
22543,2023-12-19 07:00:00,c,c_1
22544,2023-12-19 08:00:00,c,c_1
22545,2023-12-19 09:00:00,d,d_0
22546,2023-12-19 10:00:00,h,h_1
22547,2023-12-19 11:00:00,h,h_1
22548,2023-12-19 12:00:00,c,c_0
22549,2023-12-19 13:00:00,c,c_0
22550,2023-12-19 14:00:00,e,e_1
22551,2023-12-19 15:00:00,e,e_1
22552,2023-12-19 16:00:00,e,e_1
22553,2023-12-19 17:00:00,e,e_1
22554,2023-12-19 18:00:00,e,e_1
22555,2023-12-19 19:00:00,e,e_1
22556,2023-12-19 20:00:00,e,e_1
22557,2023-12-19 21:00:00,e,e_1
22558,2023-12-19 22:00:00,d,d_0
22559,2023-12-19 23:00:00,d,d_0
22560,2023-12-20 00:00:00,e,e_1
22561,2023-12-20 01:00:00,e,e_1
22562,2023-12-20 02:00:00,e,e_1
22563,2023-12-20 03:00:00,e,e_1
22564,2023-12-20 04:00:00,e,e_1
22565,2023-12-20 05:00:00,e,e_1
22566,2023-12-20 06:00:00,e,e_1
22567,2023-12-20 07:00:00,e,e_1
22568,2023-12-20 08:00:00,f,f_1
22569,2023-12-20 09:00:00,f,f_1
22570,2023-12-20 10:00:00,f,f_1
22571,2023-12-20 11:00:00,f,f_1
22572,2023-12-20 12:00:00,f,f_1
22573,2023-12-20 13:00:00,f,f_1
22574,2023-12-20 14:00:00,f,f_1
22575,2023-12-20 15:00:00,f,f_1
22576,2023-12-20 16:00:00,e,e_1
22577,2023-12-20 17:00:00,e,e_1
22578,2023-12-20 18:00:00,e,e_1
22579,2023-12-20 19:00:00,e,e_1
22580,2023-12-20 20:00:00,e,e_1
22581,2023-12-20 21:00:00,e,e_1
22582,2023-12-20 22:00:00,e,e_1
22583,2023-12-20 23:00:00,a,a_1
22584,2023-12-21 00:00:00,a,a_1
22585,2023-12-21 01:00:00,a,a_1
22586,2023-12-21 02:00:00,a,a_1
22587,2023-12-21 03:00:00,a,a_1
22588,2023-12-21 04:00:00,a,a_1
22589,2023-12-21 05:00:00,a,a_1
22590,2023-12-21 06:00:00,b,b_1
22591,2023-12-21 07:00:00,b,b_1
22592,2023-12-21 08:00:00,b,b_1
22593,2023-12-21 09:00:00,b,b_1
22594,2023-12-21 10:00:00,b,b_1
22595,2023-12-21 11:00:00,b,b_1
22596,2023-12-21 12:00:00,b,b_1
22597,2023-12-21 13:00:00,a,a_0
22598,2023-12-21 14:00:00,a,a_0
22599,2023-12-21 15:00:00,f,f_1
22600,2023-12-21 16:00:00,f,f_1
22601,2023-12-21 17:00:00,f,f_1
22602,2023-12-21 18:00:00,f,f_1
22603,2023-12-21 19:00:00,f,f_1
22604,2023-12-21 20:00:00,f,f_1
22605,2023-12-21 21:00:00,f,f_1
22606,2023-12-21 22:00:00,e,e_0
22607,2023-12-21 23:00:00,b,b_1
22608,2023-12-22 00:00:00,b,b_1
22609,2023-12-22 01:00:00,b,b_1
22610,2023-12-22 02:00:00,b,b_1
22611,2023-12-22 03:00:00,b,b_1
22612,2023-12-22 04:00:00,b,b_1
22613,2023-12-22 05:00:00,b,b_1
22614,2023-12-22 06:00:00,g,g_1
22615,2023-12-22 07:00:00,g,g_1
22616,2023-12-22 08:00:00,h,h_1
22617,2023-12-22 09:00:00,h,h_1
22618,2023-12-22 10:00:00,g,g_0
22619,2023-12-22 11:00:00,f,f_0
22620,2023-12-22 12:00:00,h,h_1
22621,2023-12-22 13:00:00,h,h_1
22622,2023-12-22 14:00:00,d,d_1
22623,2023-12-22 15:00:00,d,d_1
22624,2023-12-22 16:00:00,d,d_1
22625,2023-12-22 17:00:00,d,d_1
22626,2023-12-22 18:00:00,d,d_1
22627,2023-12-22 19:00:00,d,d_1
22628,2023-12-22 20:00:00,d,d_1
22629,2023-12-22 21:00:00,c,c_1
22630,2023-12-22 22:00:00,c,c_1
22631,2023-12-22 23:00:00,c,c_1
22632,2023-12-23 00:00:00,c,c_1
22633,2023-12-23 01:00:00,c,c_1
22634,2023-12-23 02:00:00,c,c_1
22635,2023-12-23 03:00:00,c,c_1
22636,2023-12-23 04:00:00,c,c_1
22637,2023-12-23 05:00:00,h,h_1
22638,2023-12-23 06:00:00,h,h_1
22639,2023-12-23 07:00:00,d,d_1
22640,2023-12-23 08:00:00,d,d_1
22641,2023-12-23 09:00:00,d,d_1
22642,2023-12-23 10:00:00,d,d_1
22643,2023-12-23 11:00:00,d,d_1
22644,2023-12-23 12:00:00,d,d_1
22645,2023-12-23 13:00:00,d,d_1
22646,2023-12-23 14:00:00,h,h_1
22647,2023-12-23 15:00:00,h,h_1
22648,2023-12-23 16:00:00,g,g_1
22649,2023-12-23 17:00:00,g,g_1
22650,2023-12-23 18:00:00,h,h_1
22651,2023-12-23 19:00:00,h,h_1
22652,2023-12-23 20:00:00,a,a_0
22653,2023-12-23 21:00:00,g,g_0
22654,2023-12-23 22:00:00,c,c_0
22655,2023-12-23 23:00:00,c,c_0
22656,2023-12-24 00:00:00,f,f_0
22657,2023-12-24 01:00:00,f,f_0
22658,2023-12-24 02:00:00,b,b_0
22659,2023-12-24 03:00:00,b,b_0
22660,2023-12-24 04:00:00,g,g_1
22661,2023-12-24 05:00:00,g,g_1
22662,2023-12-24 06:00:00,h,h_0
22663,2023-12-24 07:00:00,c,c_0
22664,2023-12-24 08:00:00,c,c_0
22665,2023-12-24 09:00:00,d,d_1
22666,2023-12-24 10:00:00,d,d_1
22667,2023-12-24 11:00:00,d,d_1
22668,2023-12-24 12:00:00,d,d_1
22669,2023-12-24 13:00:00,d,d_1
22670,2023-12-24 14:00:00,d,d_1
22671,2023-12-24 15:00:00,d,d_1
22672,2023-12-24 16:00:00,d,d_1
22673,2023-12-24 17:00:00,g,g_0
22674,2023-12-24 18:00:00,e,e_1
22675,2023-12-24 19:00:00,e,e_1
22676,2023-12-24 20:00:00,e,e_1
22677,2023-12-24 21:00:00,e,e_1
22678,2023-12-24 22:00:00,e,e_1
22679,2023-12-24 23:00:00,e,e_1
22680,2023-12-25 00:00:00,e,e_1
22681,2023-12-25 01:00:00,e,e_1
22682,2023-12-25 02:00:00,h,h_1
22683,2023-12-25 03:00:00,h,h_1
22684,2023-12-25 04:00:00,c,c_1
22685,2023-12-25 05:00:00,c,c_1
22686,2023-12-25 06:00:00,c,c_1
22687,2023-12-25 07:00:00,c,c_1
22688,2023-12-25 08:00:00,c,c_1
22689,2023-12-25 09:00:00,c,c_1
22690,2023-12-25 10:00:00,c,c_1
22691,2023-12-25 11:00:00,c,c_1
22692,2023-12-25 12:00:00,g,g_0
22693,2023-12-25 13:00:00,d,d_0
22694,2023-12-25 14:00:00,d,d_0
22695,2023-12-25 15:00:00,f,f_0
22696,2023-12-25 16:00:00,f,f_0
22697,2023-12-25 17:00:00,a,a_1
22698,2023-12-25 18:00:00,a,a_1
22699,2023-12-25 19:00:00,a,a_1
22700,2023-12-25 20:00:00,a,a_1
22701,2023-12-25 21:00:00,a,a_1
22702,2023-12-25 22:00:00,a,a_1
22703,2023-12-25 23:00:00,a,a_1
22704,2023-12-26 00:00:00,d,d_0
22705,2023-12-26 01:00:00,e,e_0
22706,2023-12-26 02:00:00,b,b_1
22707,2023-12-26 03:00:00,b,b_1
22708,2023-12-26 04:00:00,b,b_1
22709,2023-12-26 05:00:00,b,b_1
22710,2023-12-26 06:00:00,b,b_1
22711,2023-12-26 07:00:00,b,b_1
22712,2023-12-26 08:00:00,b,b_1
22713,2023-12-26 09:00:00,b,b_1
22714,2023-12-26 10:00:00,g,g_1
22715,2023-12-26 11:00:00,g,g_1
22716,2023-12-26 12:00:00,f,f_0
22717,2023-12-26 13:00:00,f,f_0
22718,2023-12-26 14:00:00,e,e_0
22719,2023-12-26 15:00:00,e,e_0
22720,2023-12-26 16:00:00,f,f_0
22721,2023-12-26 17:00:00,g,g_0
22722,2023-12-26 18:00:00,e,e_1
22723,2023-12-26 19:00:00,e,e_1
22724,2023-12-26 20:00:00,e,e_1
22725,2023-12-26 21:00:00,e,e_1
22726,2023-12-26 22:00:00,e,e_1
22727,2023-12-26 23:00:00,e,e_1
22728,2023-12-27 00:00:00,e,e_1
22729,2023-12-27 01:00:00,e,e_1
22730,2023-12-27 02:00:00,g,g_0
22731,2023-12-27 03:00:00,c,c_1
22732,2023-12-27 04:00:00,c,c_1
22733,2023-12-27 05:00:00,c,c_1
22734,2023-12-27 06:00:00,c,c_1
22735,2023-12-27 07:00:00,c,c_1
22736,2023-12-27 08:00:00,c,c_1
22737,2023-12-27 09:00:00,c,c_1
22738,2023-12-27 10:00:00,c,c_1
22739,2023-12-27 11:00:00,g,g_1
22740,2023-12-27 12:00:00,g,g_1
22741,2023-12-27 13:00:00,d,d_0
22742,2023-12-27 14:00:00,f,f_1
22743,2023-12-27 15:00:00,f,f_1
22744,2023-12-27 16:00:00,f,f_1
22745,2023-12-27 17:00:00,f,f_1
22746,2023-12-27 18:00:00,f,f_1
22747,2023-12-27 19:00:00,f,f_1
22748,2023-12-27 20:00:00,f,f_1
22749,2023-12-27 21:00:00,d,d_1
22750,2023-12-27 22:00:00,d,d_1
22751,2023-12-27 23:00:00,d,d_1
22752,2023-12-28 00:00:00,d,d_1
22753,2023-12-28 01:00:00,d,d_1
22754,2023-12-28 02:00:00,d,d_1
22755,2023-12-28 03:00:00,d,d_1
22756,2023-12-28 04:00:00,d,d_1
22757,2023-12-28 05:00:00,e,e_1
22758,2023-12-28 06:00:00,e,e_1
22759,2023-12-28 07:00:00,e,e_1
22760,2023-12-28 08:00:00,e,e_1
22761,2023-12-28 09:00:00,e,e_1
22762,2023-12-28 10:00:00,e,e_1
22763,2023-12-28 11:00:00,e,e_1
22764,2023-12-28 12:00:00,a,a_0
22765,2023-12-28 13:00:00,b,b_0
22766,2023-12-28 14:00:00,g,g_0
22767,2023-12-28 15:00:00,a,a_0
22768,2023-12-28 16:00:00,d,d_0
22769,2023-12-28 17:00:00,e,e_1
22770,2023-12-28 18:00:00,e,e_1
22771,2023-12-28 19:00:00,e,e_1
22772,2023-12-28 20:00:00,e,e_1
22773,2023-12-28 21:00:00,e,e_1
22774,2023-12-28 22:00:00,e,e_1
22775,2023-12-28 23:00:00,e,e_1
22776,2023-12-29 00:00:00,e,e_1
22777,2023-12-29 01:00:00,b,b_0
22778,2023-12-29 02:00:00,b,b_0
22779,2023-12-29 03:00:00,f,f_1
22780,2023-12-29 04:00:00,f,f_1
22781,2023-12-29 05:00:00,f,f_1
22782,2023-12-29 06:00:00,f,f_1
22783,2023-12-29 07:00:00,f,f_1
22784,2023-12-29 08:00:00,f,f_1
22785,2023-12-29 09:00:00,f,f_1
22786,2023-12-29 10:00:00,f,f_1
22787,2023-12-29 11:00:00,h,h_1
22788,2023-12-29 12:00:00,h,h_1
22789,2023-12-29 13:00:00,e,e_1
22790,2023-12-29 14:00:00,e,e_1
22791,2023-12-29 15:00:00,e,e_1
22792,2023-12-29 16:00:00,e,e_1
22793,2023-12-29 17:00:00,e,e_1
22794,2023-12-29 18:00:00,e,e_1
22795,2023-12-29 19:00:00,e,e_1
22796,2023-12-29 20:00:00,e,e_1
22797,2023-12-29 21:00:00,g,g_1
22798,2023-12-29 22:00:00,g,g_1
22799,2023-12-29 23:00:00,f,f_1
22800,2023-12-30 00:00:00,f,f_1
22801,2023-12-30 01:00:00,f,f_1
22802,2023-12-30 02:00:00,f,f_1
22803,2023-12-30 03:00:00,f,f_1
22804,2023-12-30 04:00:00,f,f_1
22805,2023-12-30 05:00:00,f,f_1
22806,2023-12-30 06:00:00,h,h_0
22807,2023-12-30 07:00:00,c,c_0
22808,2023-12-30 08:00:00,c,c_0
22809,2023-12-30 09:00:00,f,f_1
22810,2023-12-30 10:00:00,f,f_1
22811,2023-12-30 11:00:00,f,f_1
22812,2023-12-30 12:00:00,f,f_1
22813,2023-12-30 13:00:00,f,f_1
22814,2023-12-30 14:00:00,f,f_1
22815,2023-12-30 15:00:00,f,f_1
22816,2023-12-30 16:00:00,f,f_1
22817,2023-12-30 17:00:00,h,h_1
22818,2023-12-30 18:00:00,h,h_1
22819,2023-12-30 19:00:00,e,e_0
22820,2023-12-30 20:00:00,a,a_1
22821,2023-12-30 21:00:00,a,a_1
22822,2023-12-30 22:00:00,a,a_1
22823,2023-12-30 23:00:00,a,a_1
22824,2023-12-31 00:00:00,a,a_1
22825,2023-12-31 01:00:00,a,a_1
22826,2023-12-31 02:00:00,a,a_1
22827,2023-12-31 03:00:00,a,a_1
22828,2023-12-31 04:00:00,f,f_1
22829,2023-12-31 05:00:00,f,f_1
22830,2023-12-31 06:00:00,f,f_1
22831,2023-12-31 07:00:00,f,f_1
22832,2023-12-31 08:00:00,f,f_1
22833,2023-12-31 09:00:00,f,f_1
22834,2023-12-31 10:00:00,f,f_1
22835,2023-12-31 11:00:00,c,c_0
22836,2023-12-31 12:00:00,h,h_0
22837,2023-12-31 13:00:00,c,c_1
22838,2023-12-31 14:00:00,c,c_1
22839,2023-12-31 15:00:00,c,c_1
22840,2023-12-31 16:00:00,c,c_1
22841,2023-12-31 17:00:00,c,c_1
22842,2023-12-31 18:00:00,c,c_1
22843,2023-12-31 19:00:00,c,c_1
22844,2023-12-31 20:00:00,c,c_1
22845,2023-12-31 21:00:00,a,a_0
22846,2023-12-31 22:00:00,a,a_0
22847,2023-12-31 23:00:00,d,d_0
22848,2024-01-01 00:00:00,d,d_0
22849,2024-01-01 01:00:00,f,f_0
22850,2024-01-01 02:00:00,b,b_0
22851,2024-01-01 03:00:00,f,f_0
22852,2024-01-01 04:00:00,g,g_1
22853,2024-01-01 05:00:00,g,g_1
22854,2024-01-01 06:00:00,a,a_1
22855,2024-01-01 07:00:00,a,a_1
22856,2024-01-01 08:00:00,a,a_1
22857,2024-01-01 09:00:00,a,a_1
22858,2024-01-01 10:00:00,a,a_1
22859,2024-01-01 11:00:00,a,a_1
22860,2024-01-01 12:00:00,a,a_1
22861,2024-01-01 13:00:00,a,a_1
22862,2024-01-01 14:00:00,h,h_0
22863,2024-01-01 15:00:00,b,b_1
22864,2024-01-01 16:00:00,b,b_1
22865,2024-01-01 17:00:00,b,b_1
22866,2024-01-01 18:00:00,b,b_1
22867,2024-01-01 19:00:00,b,b_1
22868,2024-01-01 20:00:00,b,b_1
22869,2024-01-01 21:00:00,b,b_1
22870,2024-01-01 22:00:00,b,b_1
22871,2024-01-01 23:00:00,a,a_0
22872,2024-01-02 00:00:00,a,a_0
22873,2024-01-02 01:00:00,b,b_1
22874,2024-01-02 02:00:00,b,b_1
22875,2024-01-02 03:00:00,b,b_1
22876,2024-01-02 04:00:00,b,b_1
22877,2024-01-02 05:00:00,b,b_1
22878,2024-01-02 06:00:00,b,b_1
22879,2024-01-02 07:00:00,b,b_1
22880,2024-01-02 08:00:00,b,b_1
22881,2024-01-02 09:00:00,g,g_1
22882,2024-01-02 10:00:00,g,g_1
22883,2024-01-02 11:00:00,h,h_0
22884,2024-01-02 12:00:00,b,b_0
22885,2024-01-02 13:00:00,f,f_1
22886,2024-01-02 14:00:00,f,f_1
22887,2024-01-02 15:00:00,f,f_1
22888,2024-01-02 16:00:00,f,f_1
22889,2024-01-02 17:00:00,f,f_1
22890,2024-01-02 18:00:00,f,f_1
22891,2024-01-02 19:00:00,f,f_1
22892,2024-01-02 20:00:00,f,f_1
22893,2024-01-02 21:00:00,e,e_0
22894,2024-01-02 22:00:00,g,g_1
22895,2024-01-02 23:00:00,g,g_1
22896,2024-01-03 00:00:00,h,h_1
22897,2024-01-03 01:00:00,h,h_1
22898,2024-01-03 02:00:00,c,c_1
22899,2024-01-03 03:00:00,c,c_1
22900,2024-01-03 04:00:00,c,c_1
22901,2024-01-03 05:00:00,c,c_1
22902,2024-01-03 06:00:00,c,c_1
22903,2024-01-03 07:00:00,c,c_1
22904,2024-01-03 08:00:00,c,c_1
22905,2024-01-03 09:00:00,c,c_1
22906,2024-01-03 10:00:00,d,d_0
22907,2024-01-03 11:00:00,d,d_0
22908,2024-01-03 12:00:00,f,f_0
22909,2024-01-03 13:00:00,f,f_0
22910,2024-01-03 14:00:00,d,d_0
22911,2024-01-03 15:00:00,d,d_0
22912,2024-01-03 16:00:00,g,g_0
22913,2024-01-03 17:00:00,b,b_1
22914,2024-01-03 18:00:00,b,b_1
22915,2024-01-03 19:00:00,b,b_1
22916,2024-01-03 20:00:00,b,b_1
22917,2024-01-03 21:00:00,b,b_1
22918,2024-01-03 22:00:00,b,b_1
22919,2024-01-03 23:00:00,b,b_1
22920,2024-01-04 00:00:00,b,b_1
22921,2024-01-04 01:00:00,e,e_0
22922,2024-01-04 02:00:00,e,e_0
22923,2024-01-04 03:00:00,g,g_1
22924,2024-01-04 04:00:00,g,g_1
22925,2024-01-04 05:00:00,h,h_1
22926,2024-01-04 06:00:00,h,h_1
22927,2024-01-04 07:00:00,c,c_1
22928,2024-01-04 08:00:00,c,c_1
22929,2024-01-04 09:00:00,c,c_1
22930,2024-01-04 10:00:00,c,c_1
22931,2024-01-04 11:00:00,c,c_1
22932,2024-01-04 12:00:00,c,c_1
22933,2024-01-04 13:00:00,c,c_1
22934,2024-01-04 14:00:00,c,c_1
22935,2024-01-04 15:00:00,e,e_1
22936,2024-01-04 16:00:00,e,e_1
22937,2024-01-04 17:00:00,e,e_1
22938,2024-01-04 18:00:00,e,e_1
22939,2024-01-04 19:00:00,e,e_1
22940,2024-01-04 20:00:00,e,e_1
22941,2024-01-04 21:00:00,e,e_1
22942,2024-01-04 22:00:00,e,e_1
22943,2024-01-04 23:00:00,a,a_1
22944,2024-01-05 00:00:00,a,a_1
22945,2024-01-05 01:00:00,a,a_1
22946,2024-01-05 02:00:00,a,a_1
22947,2024-01-05 03:00:00,a,a_1
22948,2024-01-05 04:00:00,a,a_1
22949,2024-01-05 05:00:00,a,a_1
22950,2024-01-05 06:00:00,h,h_1
22951,2024-01-05 07:00:00,h,h_1
22952,2024-01-05 08:00:00,f,f_1
22953,2024-01-05 09:00:00,f,f_1
22954,2024-01-05 10:00:00,f,f_1
22955,2024-01-05 11:00:00,f,f_1
22956,2024-01-05 12:00:00,f,f_1
22957,2024-01-05 13:00:00,f,f_1
22958,2024-01-05 14:00:00,f,f_1
22959,2024-01-05 15:00:00,f,f_1
22960,2024-01-05 16:00:00,d,d_0
22961,2024-01-05 17:00:00,d,d_0
22962,2024-01-05 18:00:00,a,a_0
22963,2024-01-05 19:00:00,a,a_0
22964,2024-01-05 20:00:00,b,b_0
22965,2024-01-05 21:00:00,c,c_0
22966,2024-01-05 22:00:00,c,c_0
22967,2024-01-05 23:00:00,h,h_1
22968,2024-01-06 00:00:00,h,h_1
22969,2024-01-06 01:00:00,d,d_1
22970,2024-01-06 02:00:00,d,d_1
22971,2024-01-06 03:00:00,d,d_1
22972,2024-01-06 04:00:00,d,d_1
22973,2024-01-06 05:00:00,d,d_1
22974,2024-01-06 06:00:00,d,d_1
22975,2024-01-06 07:00:00,d,d_1
22976,2024-01-06 08:00:00,b,b_0
22977,2024-01-06 09:00:00,f,f_1
22978,2024-01-06 10:00:00,f,f_1
22979,2024-01-06 11:00:00,f,f_1
22980,2024-01-06 12:00:00,f,f_1
22981,2024-01-06 13:00:00,f,f_1
22982,2024-01-06 14:00:00,f,f_1
22983,2024-01-06 15:00:00,f,f_1
22984,2024-01-06 16:00:00,h,h_0
22985,2024-01-06 17:00:00,e,e_1
22986,2024-01-06 18:00:00,e,e_1
22987,2024-01-06 19:00:00,e,e_1
22988,2024-01-06 20:00:00,e,e_1
22989,2024-01-06 21:00:00,e,e_1
22990,2024-01-06 22:00:00,e,e_1
22991,2024-01-06 23:00:00,e,e_1
22992,2024-01-07 00:00:00,e,e_1
22993,2024-01-07 01:00:00,b,b_0
22994,2024-01-07 02:00:00,b,b_0
22995,2024-01-07 03:00:00,a,a_1
22996,2024-01-07 04:00:00,a,a_1
22997,2024-01-07 05:00:00,a,a_1
22998,2024-01-07 06:00:00,a,a_1
22999,2024-01-07 07:00:00,a,a_1
23000,2024-01-07 08:00:00,a,a_1
23001,2024-01-07 09:00:00,a,a_1
23002,2024-01-07 10:00:00,a,a_1
23003,2024-01-07 11:00:00,f,f_0
23004,2024-01-07 12:00:00,f,f_0
23005,2024-01-07 13:00:00,d,d_1
23006,2024-01-07 14:00:00,d,d_1
23007,2024-01-07 15:00:00,d,d_1
23008,2024-01-07 16:00:00,d,d_1
23009,2024-01-07 17:00:00,d,d_1
23010,2024-01-07 18:00:00,d,d_1
23011,2024-01-07 19:00:00,d,d_1
23012,2024-01-07 20:00:00,b,b_1
23013,2024-01-07 21:00:00,b,b_1
23014,2024-01-07 22:00:00,b,b_1
23015,2024-01-07 23:00:00,b,b_1
23016,2024-01-08 00:00:00,b,b_1
23017,2024-01-08 01:00:00,b,b_1
23018,2024-01-08 02:00:00,b,b_1
23019,2024-01-08 03:00:00,b,b_1
23020,2024-01-08 04:00:00,g,g_1
23021,2024-01-08 05:00:00,g,g_1
23022,2024-01-08 06:00:00,c,c_0
23023,2024-01-08 07:00:00,e,e_0
23024,2024-01-08 08:00:00,e,e_0
23025,2024-01-08 09:00:00,a,a_0
23026,2024-01-08 10:00:00,a,a_0
23027,2024-01-08 11:00:00,f,f_0
23028,2024-01-08 12:00:00,b,b_0
23029,2024-01-08 13:00:00,e,e_0
23030,2024-01-08 14:00:00,e,e_0
23031,2024-01-08 15:00:00,h,h_0
23032,2024-01-08 16:00:00,g,g_0
23033,2024-01-08 17:00:00,c,c_1
23034,2024-01-08 18:00:00,c,c_1
23035,2024-01-08 19:00:00,c,c_1
23036,2024-01-08 20:00:00,c,c_1
23037,2024-01-08 21:00:00,c,c_1
23038,2024-01-08 22:00:00,c,c_1
23039,2024-01-08 23:00:00,c,c_1
23040,2024-01-09 00:00:00,c,c_1
23041,2024-01-09 01:00:00,f,f_0
23042,2024-01-09 02:00:00,f,f_0
23043,2024-01-09 03:00:00,h,h_1
23044,2024-01-09 04:00:00,h,h_1
23045,2024-01-09 05:00:00,e,e_1
23046,2024-01-09 06:00:00,e,e_1
23047,2024-01-09 07:00:00,e,e_1
23048,2024-01-09 08:00:00,e,e_1
23049,2024-01-09 09:00:00,e,e_1
23050,2024-01-09 10:00:00,e,e_1
23051,2024-01-09 11:00:00,e,e_1
23052,2024-01-09 12:00:00,e,e_1
23053,2024-01-09 13:00:00,f,f_1
23054,2024-01-09 14:00:00,f,f_1
23055,2024-01-09 15:00:00,f,f_1
23056,2024-01-09 16:00:00,f,f_1
23057,2024-01-09 17:00:00,f,f_1
23058,2024-01-09 18:00:00,f,f_1
23059,2024-01-09 19:00:00,f,f_1
23060,2024-01-09 20:00:00,f,f_1
23061,2024-01-09 21:00:00,d,d_0
23062,2024-01-09 22:00:00,g,g_0
23063,2024-01-09 23:00:00,b,b_1
23064,2024-01-10 00:00:00,b,b_1
23065,2024-01-10 01:00:00,b,b_1
23066,2024-01-10 02:00:00,b,b_1
23067,2024-01-10 03:00:00,b,b_1
23068,2024-01-10 04:00:00,b,b_1
23069,2024-01-10 05:00:00,b,b_1
23070,2024-01-10 06:00:00,b,b_1
23071,2024-01-10 07:00:00,c,c_0
23072,2024-01-10 08:00:00,e,e_1
23073,2024-01-10 09:00:00,e,e_1
23074,2024-01-10 10:00:00,e,e_1
23075,2024-01-10 11:00:00,e,e_1
23076,2024-01-10 12:00:00,e,e_1
23077,2024-01-10 13:00:00,e,e_1
23078,2024-01-10 14:00:00,e,e_1
23079,2024-01-10 15:00:00,e,e_1
23080,2024-01-10 16:00:00,c,c_1
23081,2024-01-10 17:00:00,c,c_1
23082,2024-01-10 18:00:00,c,c_1
23083,2024-01-10 19:00:00,c,c_1
23084,2024-01-10 20:00:00,c,c_1
23085,2024-01-10 21:00:00,c,c_1
23086,2024-01-10 22:00:00,c,c_1
23087,2024-01-10 23:00:00,c,c_1
23088,2024-01-11 00:00:00,h,h_0
23089,2024-01-11 01:00:00,c,c_0
23090,2024-01-11 02:00:00,c,c_0
23091,2024-01-11 03:00:00,d,d_0
23092,2024-01-11 04:00:00,d,d_0
23093,2024-01-11 05:00:00,b,b_1
23094,2024-01-11 06:00:00,b,b_1
23095,2024-01-11 07:00:00,b,b_1
23096,2024-01-11 08:00:00,b,b_1
23097,2024-01-11 09:00:00,b,b_1
23098,2024-01-11 10:00:00,b,b_1
23099,2024-01-11 11:00:00,b,b_1
23100,2024-01-11 12:00:00,b,b_1
23101,2024-01-11 13:00:00,c,c_1
23102,2024-01-11 14:00:00,c,c_1
23103,2024-01-11 15:00:00,c,c_1
23104,2024-01-11 16:00:00,c,c_1
23105,2024-01-11 17:00:00,c,c_1
23106,2024-01-11 18:00:00,c,c_1
23107,2024-01-11 19:00:00,c,c_1
23108,2024-01-11 20:00:00,c,c_1
23109,2024-01-11 21:00:00,d,d_1
23110,2024-01-11 22:00:00,d,d_1
23111,2024-01-11 23:00:00,d,d_1
23112,2024-01-12 00:00:00,d,d_1
23113,2024-01-12 01:00:00,d,d_1
23114,2024-01-12 02:00:00,d,d_1
23115,2024-01-12 03:00:00,d,d_1
23116,2024-01-12 04:00:00,d,d_1
23117,2024-01-12 05:00:00,a,a_1
23118,2024-01-12 06:00:00,a,a_1
23119,2024-01-12 07:00:00,a,a_1
23120,2024-01-12 08:00:00,a,a_1
23121,2024-01-12 09:00:00,a,a_1
23122,2024-01-12 10:00:00,a,a_1
23123,2024-01-12 11:00:00,a,a_1
23124,2024-01-12 12:00:00,a,a_1
23125,2024-01-12 13:00:00,c,c_1
23126,2024-01-12 14:00:00,c,c_1
23127,2024-01-12 15:00:00,c,c_1
23128,2024-01-12 16:00:00,c,c_1
23129,2024-01-12 17:00:00,c,c_1
23130,2024-01-12 18:00:00,c,c_1
23131,2024-01-12 19:00:00,c,c_1
23132,2024-01-12 20:00:00,e,e_1
23133,2024-01-12 21:00:00,e,e_1
23134,2024-01-12 22:00:00,e,e_1
23135,2024-01-12 23:00:00,e,e_1
23136,2024-01-13 00:00:00,e,e_1
23137,2024-01-13 01:00:00,e,e_1
23138,2024-01-13 02:00:00,e,e_1
23139,2024-01-13 03:00:00,e,e_1
23140,2024-01-13 04:00:00,d,d_0
23141,2024-01-13 05:00:00,e,e_1
23142,2024-01-13 06:00:00,e,e_1
23143,2024-01-13 07:00:00,e,e_1
23144,2024-01-13 08:00:00,e,e_1
23145,2024-01-13 09:00:00,e,e_1
23146,2024-01-13 10:00:00,e,e_1
23147,2024-01-13 11:00:00,e,e_1
23148,2024-01-13 12:00:00,b,b_0
23149,2024-01-13 13:00:00,b,b_0
23150,2024-01-13 14:00:00,f,f_0
23151,2024-01-13 15:00:00,c,c_0
23152,2024-01-13 16:00:00,c,c_0
23153,2024-01-13 17:00:00,a,a_1
23154,2024-01-13 18:00:00,a,a_1
23155,2024-01-13 19:00:00,a,a_1
23156,2024-01-13 20:00:00,a,a_1
23157,2024-01-13 21:00:00,a,a_1
23158,2024-01-13 22:00:00,a,a_1
23159,2024-01-13 23:00:00,a,a_1
23160,2024-01-14 00:00:00,f,f_1
23161,2024-01-14 01:00:00,f,f_1
23162,2024-01-14 02:00:00,f,f_1
23163,2024-01-14 03:00:00,f,f_1
23164,2024-01-14 04:00:00,f,f_1
23165,2024-01-14 05:00:00,f,f_1
23166,2024-01-14 06:00:00,f,f_1
23167,2024-01-14 07:00:00,g,g_0
23168,2024-01-14 08:00:00,e,e_0
23169,2024-01-14 09:00:00,e,e_0
23170,2024-01-14 10:00:00,d,d_1
23171,2024-01-14 11:00:00,d,d_1
23172,2024-01-14 12:00:00,d,d_1
23173,2024-01-14 13:00:00,d,d_1
23174,2024-01-14 14:00:00,d,d_1
23175,2024-01-14 15:00:00,d,d_1
23176,2024-01-14 16:00:00,d,d_1
23177,2024-01-14 17:00:00,d,d_1
23178,2024-01-14 18:00:00,h,h_0
23179,2024-01-14 19:00:00,e,e_1
23180,2024-01-14 20:00:00,e,e_1
23181,2024-01-14 21:00:00,e,e_1
23182,2024-01-14 22:00:00,e,e_1
23183,2024-01-14 23:00:00,e,e_1
23184,2024-01-15 00:00:00,e,e_1
23185,2024-01-15 01:00:00,e,e_1
23186,2024-01-15 02:00:00,e,e_1
23187,2024-01-15 03:00:00,b,b_1
23188,2024-01-15 04:00:00,b,b_1
23189,2024-01-15 05:00:00,b,b_1
23190,2024-01-15 06:00:00,b,b_1
23191,2024-01-15 07:00:00,b,b_1
23192,2024-01-15 08:00:00,b,b_1
23193,2024-01-15 09:00:00,b,b_1
23194,2024-01-15 10:00:00,b,b_1
23195,2024-01-15 11:00:00,g,g_1
23196,2024-01-15 12:00:00,g,g_1
23197,2024-01-15 13:00:00,c,c_1
23198,2024-01-15 14:00:00,c,c_1
23199,2024-01-15 15:00:00,c,c_1
23200,2024-01-15 16:00:00,c,c_1
23201,2024-01-15 17:00:00,c,c_1
23202,2024-01-15 18:00:00,c,c_1
23203,2024-01-15 19:00:00,c,c_1
23204,2024-01-15 20:00:00,b,b_1
23205,2024-01-15 21:00:00,b,b_1
23206,2024-01-15 22:00:00,b,b_1
23207,2024-01-15 23:00:00,b,b_1
23208,2024-01-16 00:00:00,b,b_1
23209,2024-01-16 01:00:00,b,b_1
23210,2024-01-16 02:00:00,b,b_1
23211,2024-01-16 03:00:00,b,b_1
23212,2024-01-16 04:00:00,e,e_0
23213,2024-01-16 05:00:00,f,f_1
23214,2024-01-16 06:00:00,f,f_1
23215,2024-01-16 07:00:00,f,f_1
23216,2024-01-16 08:00:00,f,f_1
23217,2024-01-16 09:00:00,f,f_1
23218,2024-01-16 10:00:00,f,f_1
23219,2024-01-16 11:00:00,f,f_1
23220,2024-01-16 12:00:00,f,f_1
23221,2024-01-16 13:00:00,h,h_1
23222,2024-01-16 14:00:00,h,h_1
23223,2024-01-16 15:00:00,c,c_1
23224,2024-01-16 16:00:00,c,c_1
23225,2024-01-16 17:00:00,c,c_1
23226,2024-01-16 18:00:00,c,c_1
23227,2024-01-16 19:00:00,c,c_1
23228,2024-01-16 20:00:00,c,c_1
23229,2024-01-16 21:00:00,c,c_1
23230,2024-01-16 22:00:00,f,f_1
23231,2024-01-16 23:00:00,f,f_1
23232,2024-01-17 00:00:00,f,f_1
23233,2024-01-17 01:00:00,f,f_1
23234,2024-01-17 02:00:00,f,f_1
23235,2024-01-17 03:00:00,f,f_1
23236,2024-01-17 04:00:00,f,f_1
23237,2024-01-17 05:00:00,f,f_1
23238,2024-01-17 06:00:00,h,h_0
23239,2024-01-17 07:00:00,e,e_0
23240,2024-01-17 08:00:00,e,e_0
23241,2024-01-17 09:00:00,a,a_1
23242,2024-01-17 10:00:00,a,a_1
23243,2024-01-17 11:00:00,a,a_1
23244,2024-01-17 12:00:00,a,a_1
23245,2024-01-17 13:00:00,a,a_1
23246,2024-01-17 14:00:00,a,a_1
23247,2024-01-17 15:00:00,a,a_1
23248,2024-01-17 16:00:00,d,d_0
23249,2024-01-17 17:00:00,b,b_0
23250,2024-01-17 18:00:00,b,b_0
23251,2024-01-17 19:00:00,f,f_0
23252,2024-01-17 20:00:00,c,c_1
23253,2024-01-17 21:00:00,c,c_1
23254,2024-01-17 22:00:00,c,c_1
23255,2024-01-17 23:00:00,c,c_1
23256,2024-01-18 00:00:00,c,c_1
23257,2024-01-18 01:00:00,c,c_1
23258,2024-01-18 02:00:00,c,c_1
23259,2024-01-18 03:00:00,h,h_0
23260,2024-01-18 04:00:00,d,d_0
23261,2024-01-18 05:00:00,d,d_0
23262,2024-01-18 06:00:00,g,g_0
23263,2024-01-18 07:00:00,e,e_1
23264,2024-01-18 08:00:00,e,e_1
23265,2024-01-18 09:00:00,e,e_1
23266,2024-01-18 10:00:00,e,e_1
23267,2024-01-18 11:00:00,e,e_1
23268,2024-01-18 12:00:00,e,e_1
23269,2024-01-18 13:00:00,e,e_1
23270,2024-01-18 14:00:00,e,e_1
23271,2024-01-18 15:00:00,d,d_0
23272,2024-01-18 16:00:00,e,e_1
23273,2024-01-18 17:00:00,e,e_1
23274,2024-01-18 18:00:00,e,e_1
23275,2024-01-18 19:00:00,e,e_1
23276,2024-01-18 20:00:00,e,e_1
23277,2024-01-18 21:00:00,e,e_1
23278,2024-01-18 22:00:00,e,e_1
23279,2024-01-18 23:00:00,f,f_0
23280,2024-01-19 00:00:00,f,f_0
23281,2024-01-19 01:00:00,g,g_0
23282,2024-01-19 02:00:00,f,f_1
23283,2024-01-19 03:00:00,f,f_1
23284,2024-01-19 04:00:00,f,f_1
23285,2024-01-19 05:00:00,f,f_1
23286,2024-01-19 06:00:00,f,f_1
23287,2024-01-19 07:00:00,f,f_1
23288,2024-01-19 08:00:00,f,f_1
23289,2024-01-19 09:00:00,e,e_1
23290,2024-01-19 10:00:00,e,e_1
23291,2024-01-19 11:00:00,e,e_1
23292,2024-01-19 12:00:00,e,e_1
23293,2024-01-19 13:00:00,e,e_1
23294,2024-01-19 14:00:00,e,e_1
23295,2024-01-19 15:00:00,e,e_1
23296,2024-01-19 16:00:00,e,e_1
23297,2024-01-19 17:00:00,d,d_1
23298,2024-01-19 18:00:00,d,d_1
23299,2024-01-19 19:00:00,d,d_1
23300,2024-01-19 20:00:00,d,d_1
23301,2024-01-19 21:00:00,d,d_1
23302,2024-01-19 22:00:00,d,d_1
23303,2024-01-19 23:00:00,d,d_1
23304,2024-01-20 00:00:00,f,f_1
23305,2024-01-20 01:00:00,f,f_1
23306,2024-01-20 02:00:00,f,f_1
23307,2024-01-20 03:00:00,f,f_1
23308,2024-01-20 04:00:00,f,f_1
23309,2024-01-20 05:00:00,f,f_1
23310,2024-01-20 06:00:00,f,f_1
23311,2024-01-20 07:00:00,f,f_1
23312,2024-01-20 08:00:00,g,g_0
23313,2024-01-20 09:00:00,f,f_1
23314,2024-01-20 10:00:00,f,f_1
23315,2024-01-20 11:00:00,f,f_1
23316,2024-01-20 12:00:00,f,f_1
23317,2024-01-20 13:00:00,f,f_1
23318,2024-01-20 14:00:00,f,f_1
23319,2024-01-20 15:00:00,f,f_1
23320,2024-01-20 16:00:00,h,h_1
23321,2024-01-20 17:00:00,h,h_1
23322,2024-01-20 18:00:00,b,b_0
23323,2024-01-20 19:00:00,b,b_0
23324,2024-01-20 20:00:00,h,h_0
23325,2024-01-20 21:00:00,g,g_0
23326,2024-01-20 22:00:00,a,a_0
23327,2024-01-20 23:00:00,a,a_0
23328,2024-01-21 00:00:00,h,h_0
23329,2024-01-21 01:00:00,d,d_1
23330,2024-01-21 02:00:00,d,d_1
23331,2024-01-21 03:00:00,d,d_1
23332,2024-01-21 04:00:00,d,d_1
23333,2024-01-21 05:00:00,d,d_1
23334,2024-01-21 06:00:00,d,d_1
23335,2024-01-21 07:00:00,d,d_1
23336,2024-01-21 08:00:00,d,d_1
23337,2024-01-21 09:00:00,b,b_0
23338,2024-01-21 10:00:00,b,b_0
23339,2024-01-21 11:00:00,e,e_1
23340,2024-01-21 12:00:00,e,e_1
23341,2024-01-21 13:00:00,e,e_1
23342,2024-01-21 14:00:00,e,e_1
23343,2024-01-21 15:00:00,e,e_1
23344,2024-01-21 16:00:00,e,e_1
23345,2024-01-21 17:00:00,e,e_1
23346,2024-01-21 18:00:00,b,b_0
23347,2024-01-21 19:00:00,b,b_0
23348,2024-01-21 20:00:00,c,c_0
23349,2024-01-21 21:00:00,g,g_1
23350,2024-01-21 22:00:00,g,g_1
23351,2024-01-21 23:00:00,b,b_0
23352,2024-01-22 00:00:00,b,b_0
23353,2024-01-22 01:00:00,c,c_0
23354,2024-01-22 02:00:00,c,c_0
23355,2024-01-22 03:00:00,d,d_1
23356,2024-01-22 04:00:00,d,d_1
23357,2024-01-22 05:00:00,d,d_1
23358,2024-01-22 06:00:00,d,d_1
23359,2024-01-22 07:00:00,d,d_1
23360,2024-01-22 08:00:00,d,d_1
23361,2024-01-22 09:00:00,d,d_1
23362,2024-01-22 10:00:00,d,d_1
23363,2024-01-22 11:00:00,h,h_1
23364,2024-01-22 12:00:00,h,h_1
23365,2024-01-22 13:00:00,c,c_1
23366,2024-01-22 14:00:00,c,c_1
23367,2024-01-22 15:00:00,c,c_1
23368,2024-01-22 16:00:00,c,c_1
23369,2024-01-22 17:00:00,c,c_1
23370,2024-01-22 18:00:00,c,c_1
23371,2024-01-22 19:00:00,c,c_1
23372,2024-01-22 20:00:00,c,c_1
23373,2024-01-22 21:00:00,a,a_1
23374,2024-01-22 22:00:00,a,a_1
23375,2024-01-22 23:00:00,a,a_1
23376,2024-01-23 00:00:00,a,a_1
23377,2024-01-23 01:00:00,a,a_1
23378,2024-01-23 02:00:00,a,a_1
23379,2024-01-23 03:00:00,a,a_1
23380,2024-01-23 04:00:00,a,a_1
23381,2024-01-23 05:00:00,b,b_0
23382,2024-01-23 06:00:00,b,b_0
23383,2024-01-23 07:00:00,e,e_1
23384,2024-01-23 08:00:00,e,e_1
23385,2024-01-23 09:00:00,e,e_1
23386,2024-01-23 10:00:00,e,e_1
23387,2024-01-23 11:00:00,e,e_1
23388,2024-01-23 12:00:00,e,e_1
23389,2024-01-23 13:00:00,e,e_1
23390,2024-01-23 14:00:00,e,e_1
23391,2024-01-23 15:00:00,c,c_0
23392,2024-01-23 16:00:00,b,b_1
23393,2024-01-23 17:00:00,b,b_1
23394,2024-01-23 18:00:00,b,b_1
23395,2024-01-23 19:00:00,b,b_1
23396,2024-01-23 20:00:00,b,b_1
23397,2024-01-23 21:00:00,b,b_1
23398,2024-01-23 22:00:00,b,b_1
23399,2024-01-23 23:00:00,b,b_1
23400,2024-01-24 00:00:00,d,d_0
23401,2024-01-24 01:00:00,c,c_0
23402,2024-01-24 02:00:00,c,c_0
23403,2024-01-24 03:00:00,f,f_1
23404,2024-01-24 04:00:00,f,f_1
23405,2024-01-24 05:00:00,f,f_1
23406,2024-01-24 06:00:00,f,f_1
23407,2024-01-24 07:00:00,f,f_1
23408,2024-01-24 08:00:00,f,f_1
23409,2024-01-24 09:00:00,f,f_1
23410,2024-01-24 10:00:00,h,h_0
23411,2024-01-24 11:00:00,d,d_1
23412,2024-01-24 12:00:00,d,d_1
23413,2024-01-24 13:00:00,d,d_1
23414,2024-01-24 14:00:00,d,d_1
23415,2024-01-24 15:00:00,d,d_1
23416,2024-01-24 16:00:00,d,d_1
23417,2024-01-24 17:00:00,d,d_1
23418,2024-01-24 18:00:00,d,d_1
23419,2024-01-24 19:00:00,e,e_1
23420,2024-01-24 20:00:00,e,e_1
23421,2024-01-24 21:00:00,e,e_1
23422,2024-01-24 22:00:00,e,e_1
23423,2024-01-24 23:00:00,e,e_1
23424,2024-01-25 00:00:00,e,e_1
23425,2024-01-25 01:00:00,e,e_1
23426,2024-01-25 02:00:00,e,e_1
23427,2024-01-25 03:00:00,c,c_0
23428,2024-01-25 04:00:00,h,h_1
23429,2024-01-25 05:00:00,h,h_1
23430,2024-01-25 06:00:00,d,d_1
23431,2024-01-25 07:00:00,d,d_1
23432,2024-01-25 08:00:00,d,d_1
23433,2024-01-25 09:00:00,d,d_1
23434,2024-01-25 10:00:00,d,d_1
23435,2024-01-25 11:00:00,d,d_1
23436,2024-01-25 12:00:00,d,d_1
23437,2024-01-25 13:00:00,g,g_1
23438,2024-01-25 14:00:00,g,g_1
23439,2024-01-25 15:00:00,f,f_1
23440,2024-01-25 16:00:00,f,f_1
23441,2024-01-25 17:00:00,f,f_1
23442,2024-01-25 18:00:00,f,f_1
23443,2024-01-25 19:00:00,f,f_1
23444,2024-01-25 20:00:00,f,f_1
23445,2024-01-25 21:00:00,f,f_1
23446,2024-01-25 22:00:00,f,f_1
23447,2024-01-25 23:00:00,g,g_0
23448,2024-01-26 00:00:00,d,d_1
23449,2024-01-26 01:00:00,d,d_1
23450,2024-01-26 02:00:00,d,d_1
23451,2024-01-26 03:00:00,d,d_1
23452,2024-01-26 04:00:00,d,d_1
23453,2024-01-26 05:00:00,d,d_1
23454,2024-01-26 06:00:00,d,d_1
23455,2024-01-26 07:00:00,d,d_1
23456,2024-01-26 08:00:00,g,g_1
23457,2024-01-26 09:00:00,g,g_1
23458,2024-01-26 10:00:00,h,h_1
23459,2024-01-26 11:00:00,h,h_1
23460,2024-01-26 12:00:00,e,e_1
23461,2024-01-26 13:00:00,e,e_1
23462,2024-01-26 14:00:00,e,e_1
23463,2024-01-26 15:00:00,e,e_1
23464,2024-01-26 16:00:00,e,e_1
23465,2024-01-26 17:00:00,e,e_1
23466,2024-01-26 18:00:00,e,e_1
23467,2024-01-26 19:00:00,e,e_1
23468,2024-01-26 20:00:00,c,c_0
23469,2024-01-26 21:00:00,a,a_0
23470,2024-01-26 22:00:00,a,a_0
23471,2024-01-26 23:00:00,b,b_0
23472,2024-01-27 00:00:00,c,c_0
23473,2024-01-27 01:00:00,c,c_0
23474,2024-01-27 02:00:00,b,b_0
23475,2024-01-27 03:00:00,b,b_0
23476,2024-01-27 04:00:00,c,c_0
23477,2024-01-27 05:00:00,b,b_0
23478,2024-01-27 06:00:00,a,a_0
23479,2024-01-27 07:00:00,a,a_0
23480,2024-01-27 08:00:00,c,c_0
23481,2024-01-27 09:00:00,d,d_1
23482,2024-01-27 10:00:00,d,d_1
23483,2024-01-27 11:00:00,d,d_1
23484,2024-01-27 12:00:00,d,d_1
23485,2024-01-27 13:00:00,d,d_1
23486,2024-01-27 14:00:00,d,d_1
23487,2024-01-27 15:00:00,d,d_1
23488,2024-01-27 16:00:00,b,b_0
23489,2024-01-27 17:00:00,b,b_0
23490,2024-01-27 18:00:00,f,f_1
23491,2024-01-27 19:00:00,f,f_1
23492,2024-01-27 20:00:00,f,f_1
23493,2024-01-27 21:00:00,f,f_1
23494,2024-01-27 22:00:00,f,f_1
23495,2024-01-27 23:00:00,f,f_1
23496,2024-01-28 00:00:00,f,f_1
23497,2024-01-28 01:00:00,h,h_0
23498,2024-01-28 02:00:00,d,d_1
23499,2024-01-28 03:00:00,d,d_1
23500,2024-01-28 04:00:00,d,d_1
23501,2024-01-28 05:00:00,d,d_1
23502,2024-01-28 06:00:00,d,d_1
23503,2024-01-28 07:00:00,d,d_1
23504,2024-01-28 08:00:00,d,d_1
23505,2024-01-28 09:00:00,a,a_0
23506,2024-01-28 10:00:00,e,e_0
23507,2024-01-28 11:00:00,e,e_0
23508,2024-01-28 12:00:00,f,f_1
23509,2024-01-28 13:00:00,f,f_1
23510,2024-01-28 14:00:00,f,f_1
23511,2024-01-28 15:00:00,f,f_1
23512,2024-01-28 16:00:00,f,f_1
23513,2024-01-28 17:00:00,f,f_1
23514,2024-01-28 18:00:00,f,f_1
23515,2024-01-28 19:00:00,f,f_1
23516,2024-01-28 20:00:00,h,h_0
23517,2024-01-28 21:00:00,g,g_1
23518,2024-01-28 22:00:00,g,g_1
23519,2024-01-28 23:00:00,b,b_1
23520,2024-01-29 00:00:00,b,b_1
23521,2024-01-29 01:00:00,b,b_1
23522,2024-01-29 02:00:00,b,b_1
23523,2024-01-29 03:00:00,b,b_1
23524,2024-01-29 04:00:00,b,b_1
23525,2024-01-29 05:00:00,b,b_1
23526,2024-01-29 06:00:00,b,b_1
23527,2024-01-29 07:00:00,e,e_0
23528,2024-01-29 08:00:00,e,e_0
23529,2024-01-29 09:00:00,c,c_0
23530,2024-01-29 10:00:00,h,h_1
23531,2024-01-29 11:00:00,h,h_1
23532,2024-01-29 12:00:00,d,d_1
23533,2024-01-29 13:00:00,d,d_1
23534,2024-01-29 14:00:00,d,d_1
23535,2024-01-29 15:00:00,d,d_1
23536,2024-01-29 16:00:00,d,d_1
23537,2024-01-29 17:00:00,d,d_1
23538,2024-01-29 18:00:00,d,d_1
23539,2024-01-29 19:00:00,b,b_0
23540,2024-01-29 20:00:00,d,d_1
23541,2024-01-29 21:00:00,d,d_1
23542,2024-01-29 22:00:00,d,d_1
23543,2024-01-29 23:00:00,d,d_1
23544,2024-01-30 00:00:00,d,d_1
23545,2024-01-30 01:00:00,d,d_1
23546,2024-01-30 02:00:00,d,d_1
23547,2024-01-30 03:00:00,d,d_1
23548,2024-01-30 04:00:00,a,a_1
23549,2024-01-30 05:00:00,a,a_1
23550,2024-01-30 06:00:00,a,a_1
23551,2024-01-30 07:00:00,a,a_1
23552,2024-01-30 08:00:00,a,a_1
23553,2024-01-30 09:00:00,a,a_1
23554,2024-01-30 10:00:00,a,a_1
23555,2024-01-30 11:00:00,b,b_0
23556,2024-01-30 12:00:00,g,g_1
23557,2024-01-30 13:00:00,g,g_1
23558,2024-01-30 14:00:00,f,f_1
23559,2024-01-30 15:00:00,f,f_1
23560,2024-01-30 16:00:00,f,f_1
23561,2024-01-30 17:00:00,f,f_1
23562,2024-01-30 18:00:00,f,f_1
23563,2024-01-30 19:00:00,f,f_1
23564,2024-01-30 20:00:00,f,f_1
23565,2024-01-30 21:00:00,f,f_1
23566,2024-01-30 22:00:00,c,c_1
23567,2024-01-30 23:00:00,c,c_1
23568,2024-01-31 00:00:00,c,c_1
23569,2024-01-31 01:00:00,c,c_1
23570,2024-01-31 02:00:00,c,c_1
23571,2024-01-31 03:00:00,c,c_1
23572,2024-01-31 04:00:00,c,c_1
23573,2024-01-31 05:00:00,c,c_1
23574,2024-01-31 06:00:00,h,h_1
23575,2024-01-31 07:00:00,h,h_1
23576,2024-01-31 08:00:00,g,g_1
23577,2024-01-31 09:00:00,g,g_1
23578,2024-01-31 10:00:00,a,a_0
23579,2024-01-31 11:00:00,d,d_0
23580,2024-01-31 12:00:00,d,d_0
23581,2024-01-31 13:00:00,b,b_0
23582,2024-01-31 14:00:00,a,a_0
23583,2024-01-31 15:00:00,a,a_0
23584,2024-01-31 16:00:00,b,b_0
23585,2024-01-31 17:00:00,e,e_1
23586,2024-01-31 18:00:00,e,e_1
23587,2024-01-31 19:00:00,e,e_1
23588,2024-01-31 20:00:00,e,e_1
23589,2024-01-31 21:00:00,e,e_1
23590,2024-01-31 22:00:00,e,e_1
23591,2024-01-31 23:00:00,e,e_1
23592,2024-02-01 00:00:00,e,e_1
23593,2024-02-01 01:00:00,f,f_1
23594,2024-02-01 02:00:00,f,f_1
23595,2024-02-01 03:00:00,f,f_1
23596,2024-02-01 04:00:00,f,f_1
23597,2024-02-01 05:00:00,f,f_1
23598,2024-02-01 06:00:00,f,f_1
23599,2024-02-01 07:00:00,f,f_1
23600,2024-02-01 08:00:00,c,c_0
23601,2024-02-01 09:00:00,c,c_0
23602,2024-02-01 10:00:00,d,d_1
23603,2024-02-01 11:00:00,d,d_1
23604,2024-02-01 12:00:00,d,d_1
23605,2024-02-01 13:00:00,d,d_1
23606,2024-02-01 14:00:00,d,d_1
23607,2024-02-01 15:00:00,d,d_1
23608,2024-02-01 16:00:00,d,d_1
23609,2024-02-01 17:00:00,b,b_0
23610,2024-02-01 18:00:00,d,d_0
23611,2024-02-01 19:00:00,c,c_0
23612,2024-02-01 20:00:00,d,d_1
23613,2024-02-01 21:00:00,d,d_1
23614,2024-02-01 22:00:00,d,d_1
23615,2024-02-01 23:00:00,d,d_1
23616,2024-02-02 00:00:00,d,d_1
23617,2024-02-02 01:00:00,d,d_1
23618,2024-02-02 02:00:00,d,d_1
23619,2024-02-02 03:00:00,d,d_1
23620,2024-02-02 04:00:00,e,e_1
23621,2024-02-02 05:00:00,e,e_1
23622,2024-02-02 06:00:00,e,e_1
23623,2024-02-02 07:00:00,e,e_1
23624,2024-02-02 08:00:00,e,e_1
23625,2024-02-02 09:00:00,e,e_1
23626,2024-02-02 10:00:00,e,e_1
23627,2024-02-02 11:00:00,c,c_0
23628,2024-02-02 12:00:00,c,c_0
23629,2024-02-02 13:00:00,d,d_1
23630,2024-02-02 14:00:00,d,d_1
23631,2024-02-02 15:00:00,d,d_1
23632,2024-02-02 16:00:00,d,d_1
23633,2024-02-02 17:00:00,d,d_1
23634,2024-02-02 18:00:00,d,d_1
23635,2024-02-02 19:00:00,d,d_1
23636,2024-02-02 20:00:00,d,d_1
23637,2024-02-02 21:00:00,f,f_1
23638,2024-02-02 22:00:00,f,f_1
23639,2024-02-02 23:00:00,f,f_1
23640,2024-02-03 00:00:00,f,f_1
23641,2024-02-03 01:00:00,f,f_1
23642,2024-02-03 02:00:00,f,f_1
23643,2024-02-03 03:00:00,f,f_1
23644,2024-02-03 04:00:00,b,b_1
23645,2024-02-03 05:00:00,b,b_1
23646,2024-02-03 06:00:00,b,b_1
23647,2024-02-03 07:00:00,b,b_1
23648,2024-02-03 08:00:00,b,b_1
23649,2024-02-03 09:00:00,b,b_1
23650,2024-02-03 10:00:00,b,b_1
23651,2024-02-03 11:00:00,b,b_1
23652,2024-02-03 12:00:00,c,c_1
23653,2024-02-03 13:00:00,c,c_1
23654,2024-02-03 14:00:00,c,c_1
23655,2024-02-03 15:00:00,c,c_1
23656,2024-02-03 16:00:00,c,c_1
23657,2024-02-03 17:00:00,c,c_1
23658,2024-02-03 18:00:00,c,c_1
23659,2024-02-03 19:00:00,d,d_0
23660,2024-02-03 20:00:00,h,h_1
23661,2024-02-03 21:00:00,h,h_1
23662,2024-02-03 22:00:00,g,g_1
23663,2024-02-03 23:00:00,g,g_1
23664,2024-02-04 00:00:00,c,c_1
23665,2024-02-04 01:00:00,c,c_1
23666,2024-02-04 02:00:00,c,c_1
23667,2024-02-04 03:00:00,c,c_1
23668,2024-02-04 04:00:00,c,c_1
23669,2024-02-04 05:00:00,c,c_1
23670,2024-02-04 06:00:00,c,c_1
23671,2024-02-04 07:00:00,c,c_1
23672,2024-02-04 08:00:00,h,h_1
23673,2024-02-04 09:00:00,h,h_1
23674,2024-02-04 10:00:00,c,c_0
23675,2024-02-04 11:00:00,g,g_1
23676,2024-02-04 12:00:00,g,g_1
23677,2024-02-04 13:00:00,e,e_1
23678,2024-02-04 14:00:00,e,e_1
23679,2024-02-04 15:00:00,e,e_1
23680,2024-02-04 16:00:00,e,e_1
23681,2024-02-04 17:00:00,e,e_1
23682,2024-02-04 18:00:00,e,e_1
23683,2024-02-04 19:00:00,e,e_1
23684,2024-02-04 20:00:00,e,e_1
23685,2024-02-04 21:00:00,b,b_1
23686,2024-02-04 22:00:00,b,b_1
23687,2024-02-04 23:00:00,b,b_1
23688,2024-02-05 00:00:00,b,b_1
23689,2024-02-05 01:00:00,b,b_1
23690,2024-02-05 02:00:00,b,b_1
23691,2024-02-05 03:00:00,b,b_1
23692,2024-02-05 04:00:00,b,b_1
23693,2024-02-05 05:00:00,a,a_1
23694,2024-02-05 06:00:00,a,a_1
23695,2024-02-05 07:00:00,a,a_1
23696,2024-02-05 08:00:00,a,a_1
23697,2024-02-05 09:00:00,a,a_1
23698,2024-02-05 10:00:00,a,a_1
23699,2024-02-05 11:00:00,a,a_1
23700,2024-02-05 12:00:00,d,d_0
23701,2024-02-05 13:00:00,d,d_0
23702,2024-02-05 14:00:00,c,c_1
23703,2024-02-05 15:00:00,c,c_1
23704,2024-02-05 16:00:00,c,c_1
23705,2024-02-05 17:00:00,c,c_1
23706,2024-02-05 18:00:00,c,c_1
23707,2024-02-05 19:00:00,c,c_1
23708,2024-02-05 20:00:00,c,c_1
23709,2024-02-05 21:00:00,e,e_0
23710,2024-02-05 22:00:00,b,b_1
23711,2024-02-05 23:00:00,b,b_1
23712,2024-02-06 00:00:00,b,b_1
23713,2024-02-06 01:00:00,b,b_1
23714,2024-02-06 02:00:00,b,b_1
23715,2024-02-06 03:00:00,b,b_1
23716,2024-02-06 04:00:00,b,b_1
23717,2024-02-06 05:00:00,e,e_1
23718,2024-02-06 06:00:00,e,e_1
23719,2024-02-06 07:00:00,e,e_1
23720,2024-02-06 08:00:00,e,e_1
23721,2024-02-06 09:00:00,e,e_1
23722,2024-02-06 10:00:00,e,e_1
23723,2024-02-06 11:00:00,e,e_1
23724,2024-02-06 12:00:00,e,e_1
23725,2024-02-06 13:00:00,c,c_1
23726,2024-02-06 14:00:00,c,c_1
23727,2024-02-06 15:00:00,c,c_1
23728,2024-02-06 16:00:00,c,c_1
23729,2024-02-06 17:00:00,c,c_1
23730,2024-02-06 18:00:00,c,c_1
23731,2024-02-06 19:00:00,c,c_1
23732,2024-02-06 20:00:00,d,d_0
23733,2024-02-06 21:00:00,e,e_0
23734,2024-02-06 22:00:00,f,f_1
23735,2024-02-06 23:00:00,f,f_1
23736,2024-02-07 00:00:00,f,f_1
23737,2024-02-07 01:00:00,f,f_1
23738,2024-02-07 02:00:00,f,f_1
23739,2024-02-07 03:00:00,f,f_1
23740,2024-02-07 04:00:00,f,f_1
23741,2024-02-07 05:00:00,c,c_1
23742,2024-02-07 06:00:00,c,c_1
23743,2024-02-07 07:00:00,c,c_1
23744,2024-02-07 08:00:00,c,c_1
23745,2024-02-07 09:00:00,c,c_1
23746,2024-02-07 10:00:00,c,c_1
23747,2024-02-07 11:00:00,c,c_1
23748,2024-02-07 12:00:00,c,c_1
23749,2024-02-07 13:00:00,e,e_1
23750,2024-02-07 14:00:00,e,e_1
23751,2024-02-07 15:00:00,e,e_1
23752,2024-02-07 16:00:00,e,e_1
23753,2024-02-07 17:00:00,e,e_1
23754,2024-02-07 18:00:00,e,e_1
23755,2024-02-07 19:00:00,e,e_1
23756,2024-02-07 20:00:00,h,h_1
23757,2024-02-07 21:00:00,h,h_1
23758,2024-02-07 22:00:00,a,a_0
23759,2024-02-07 23:00:00,a,a_0
23760,2024-02-08 00:00:00,g,g_0
23761,2024-02-08 01:00:00,b,b_0
23762,2024-02-08 02:00:00,b,b_0
23763,2024-02-08 03:00:00,c,c_0
23764,2024-02-08 04:00:00,a,a_0
23765,2024-02-08 05:00:00,a,a_0
23766,2024-02-08 06:00:00,e,e_0
23767,2024-02-08 07:00:00,b,b_0
23768,2024-02-08 08:00:00,b,b_0
23769,2024-02-08 09:00:00,d,d_0
23770,2024-02-08 10:00:00,d,d_0
23771,2024-02-08 11:00:00,f,f_0
23772,2024-02-08 12:00:00,f,f_0
23773,2024-02-08 13:00:00,c,c_0
23774,2024-02-08 14:00:00,c,c_0
23775,2024-02-08 15:00:00,g,g_1
23776,2024-02-08 16:00:00,g,g_1
23777,2024-02-08 17:00:00,f,f_0
23778,2024-02-08 18:00:00,h,h_0
23779,2024-02-08 19:00:00,e,e_1
23780,2024-02-08 20:00:00,e,e_1
23781,2024-02-08 21:00:00,e,e_1
23782,2024-02-08 22:00:00,e,e_1
23783,2024-02-08 23:00:00,e,e_1
23784,2024-02-09 00:00:00,e,e_1
23785,2024-02-09 01:00:00,e,e_1
23786,2024-02-09 02:00:00,a,a_0
23787,2024-02-09 03:00:00,f,f_1
23788,2024-02-09 04:00:00,f,f_1
23789,2024-02-09 05:00:00,f,f_1
23790,2024-02-09 06:00:00,f,f_1
23791,2024-02-09 07:00:00,f,f_1
23792,2024-02-09 08:00:00,f,f_1
23793,2024-02-09 09:00:00,f,f_1
23794,2024-02-09 10:00:00,f,f_1
23795,2024-02-09 11:00:00,c,c_1
23796,2024-02-09 12:00:00,c,c_1
23797,2024-02-09 13:00:00,c,c_1
23798,2024-02-09 14:00:00,c,c_1
23799,2024-02-09 15:00:00,c,c_1
23800,2024-02-09 16:00:00,c,c_1
23801,2024-02-09 17:00:00,c,c_1
23802,2024-02-09 18:00:00,b,b_0
23803,2024-02-09 19:00:00,h,h_0
23804,2024-02-09 20:00:00,f,f_1
23805,2024-02-09 21:00:00,f,f_1
23806,2024-02-09 22:00:00,f,f_1
23807,2024-02-09 23:00:00,f,f_1
23808,2024-02-10 00:00:00,f,f_1
23809,2024-02-10 01:00:00,f,f_1
23810,2024-02-10 02:00:00,f,f_1
23811,2024-02-10 03:00:00,f,f_1
23812,2024-02-10 04:00:00,d,d_0
23813,2024-02-10 05:00:00,a,a_0
23814,2024-02-10 06:00:00,a,a_0
23815,2024-02-10 07:00:00,e,e_1
23816,2024-02-10 08:00:00,e,e_1
23817,2024-02-10 09:00:00,e,e_1
23818,2024-02-10 10:00:00,e,e_1
23819,2024-02-10 11:00:00,e,e_1
23820,2024-02-10 12:00:00,e,e_1
23821,2024-02-10 13:00:00,e,e_1
23822,2024-02-10 14:00:00,b,b_1
23823,2024-02-10 15:00:00,b,b_1
23824,2024-02-10 16:00:00,b,b_1
23825,2024-02-10 17:00:00,b,b_1
23826,2024-02-10 18:00:00,b,b_1
23827,2024-02-10 19:00:00,b,b_1
23828,2024-02-10 20:00:00,b,b_1
23829,2024-02-10 21:00:00,c,c_1
23830,2024-02-10 22:00:00,c,c_1
23831,2024-02-10 23:00:00,c,c_1
23832,2024-02-11 00:00:00,c,c_1
23833,2024-02-11 01:00:00,c,c_1
23834,2024-02-11 02:00:00,c,c_1
23835,2024-02-11 03:00:00,c,c_1
23836,2024-02-11 04:00:00,d,d_1
23837,2024-02-11 05:00:00,d,d_1
23838,2024-02-11 06:00:00,d,d_1
23839,2024-02-11 07:00:00,d,d_1
23840,2024-02-11 08:00:00,d,d_1
23841,2024-02-11 09:00:00,d,d_1
23842,2024-02-11 10:00:00,d,d_1
23843,2024-02-11 11:00:00,b,b_0
23844,2024-02-11 12:00:00,h,h_1
23845,2024-02-11 13:00:00,h,h_1
23846,2024-02-11 14:00:00,d,d_0
23847,2024-02-11 15:00:00,e,e_1
23848,2024-02-11 16:00:00,e,e_1
23849,2024-02-11 17:00:00,e,e_1
23850,2024-02-11 18:00:00,e,e_1
23851,2024-02-11 19:00:00,e,e_1
23852,2024-02-11 20:00:00,e,e_1
23853,2024-02-11 21:00:00,e,e_1
23854,2024-02-11 22:00:00,g,g_1
23855,2024-02-11 23:00:00,g,g_1
23856,2024-02-12 00:00:00,f,f_1
23857,2024-02-12 01:00:00,f,f_1
23858,2024-02-12 02:00:00,f,f_1
23859,2024-02-12 03:00:00,f,f_1
23860,2024-02-12 04:00:00,f,f_1
23861,2024-02-12 05:00:00,f,f_1
23862,2024-02-12 06:00:00,f,f_1
23863,2024-02-12 07:00:00,c,c_0
23864,2024-02-12 08:00:00,c,c_0
23865,2024-02-12 09:00:00,f,f_1
23866,2024-02-12 10:00:00,f,f_1
23867,2024-02-12 11:00:00,f,f_1
23868,2024-02-12 12:00:00,f,f_1
23869,2024-02-12 13:00:00,f,f_1
23870,2024-02-12 14:00:00,f,f_1
23871,2024-02-12 15:00:00,f,f_1
23872,2024-02-12 16:00:00,f,f_1
23873,2024-02-12 17:00:00,h,h_1
23874,2024-02-12 18:00:00,h,h_1
23875,2024-02-12 19:00:00,b,b_1
23876,2024-02-12 20:00:00,b,b_1
23877,2024-02-12 21:00:00,b,b_1
23878,2024-02-12 22:00:00,b,b_1
23879,2024-02-12 23:00:00,b,b_1
23880,2024-02-13 00:00:00,b,b_1
23881,2024-02-13 01:00:00,b,b_1
23882,2024-02-13 02:00:00,a,a_0
23883,2024-02-13 03:00:00,e,e_1
23884,2024-02-13 04:00:00,e,e_1
23885,2024-02-13 05:00:00,e,e_1
23886,2024-02-13 06:00:00,e,e_1
23887,2024-02-13 07:00:00,e,e_1
23888,2024-02-13 08:00:00,e,e_1
23889,2024-02-13 09:00:00,e,e_1
23890,2024-02-13 10:00:00,e,e_1
23891,2024-02-13 11:00:00,f,f_1
23892,2024-02-13 12:00:00,f,f_1
23893,2024-02-13 13:00:00,f,f_1
23894,2024-02-13 14:00:00,f,f_1
23895,2024-02-13 15:00:00,f,f_1
23896,2024-02-13 16:00:00,f,f_1
23897,2024-02-13 17:00:00,f,f_1
23898,2024-02-13 18:00:00,f,f_1
23899,2024-02-13 19:00:00,e,e_1
23900,2024-02-13 20:00:00,e,e_1
23901,2024-02-13 21:00:00,e,e_1
23902,2024-02-13 22:00:00,e,e_1
23903,2024-02-13 23:00:00,e,e_1
23904,2024-02-14 00:00:00,e,e_1
23905,2024-02-14 01:00:00,e,e_1
23906,2024-02-14 02:00:00,f,f_1
23907,2024-02-14 03:00:00,f,f_1
23908,2024-02-14 04:00:00,f,f_1
23909,2024-02-14 05:00:00,f,f_1
23910,2024-02-14 06:00:00,f,f_1
23911,2024-02-14 07:00:00,f,f_1
23912,2024-02-14 08:00:00,f,f_1
23913,2024-02-14 09:00:00,a,a_1
23914,2024-02-14 10:00:00,a,a_1
23915,2024-02-14 11:00:00,a,a_1
23916,2024-02-14 12:00:00,a,a_1
23917,2024-02-14 13:00:00,a,a_1
23918,2024-02-14 14:00:00,a,a_1
23919,2024-02-14 15:00:00,a,a_1
23920,2024-02-14 16:00:00,c,c_0
23921,2024-02-14 17:00:00,c,c_0
23922,2024-02-14 18:00:00,b,b_1
23923,2024-02-14 19:00:00,b,b_1
23924,2024-02-14 20:00:00,b,b_1
23925,2024-02-14 21:00:00,b,b_1
23926,2024-02-14 22:00:00,b,b_1
23927,2024-02-14 23:00:00,b,b_1
23928,2024-02-15 00:00:00,b,b_1
23929,2024-02-15 01:00:00,b,b_1
23930,2024-02-15 02:00:00,f,f_1
23931,2024-02-15 03:00:00,f,f_1
23932,2024-02-15 04:00:00,f,f_1
23933,2024-02-15 05:00:00,f,f_1
23934,2024-02-15 06:00:00,f,f_1
23935,2024-02-15 07:00:00,f,f_1
23936,2024-02-15 08:00:00,f,f_1
23937,2024-02-15 09:00:00,d,d_1
23938,2024-02-15 10:00:00,d,d_1
23939,2024-02-15 11:00:00,d,d_1
23940,2024-02-15 12:00:00,d,d_1
23941,2024-02-15 13:00:00,d,d_1
23942,2024-02-15 14:00:00,d,d_1
23943,2024-02-15 15:00:00,d,d_1
23944,2024-02-15 16:00:00,g,g_0
23945,2024-02-15 17:00:00,b,b_1
23946,2024-02-15 18:00:00,b,b_1
23947,2024-02-15 19:00:00,b,b_1
23948,2024-02-15 20:00:00,b,b_1
23949,2024-02-15 21:00:00,b,b_1
23950,2024-02-15 22:00:00,b,b_1
23951,2024-02-15 23:00:00,b,b_1
23952,2024-02-16 00:00:00,d,d_1
23953,2024-02-16 01:00:00,d,d_1
23954,2024-02-16 02:00:00,d,d_1
23955,2024-02-16 03:00:00,d,d_1
23956,2024-02-16 04:00:00,d,d_1
23957,2024-02-16 05:00:00,d,d_1
23958,2024-02-16 06:00:00,d,d_1
23959,2024-02-16 07:00:00,d,d_1
23960,2024-02-16 08:00:00,h,h_1
23961,2024-02-16 09:00:00,h,h_1
23962,2024-02-16 10:00:00,g,g_1
23963,2024-02-16 11:00:00,g,g_1
23964,2024-02-16 12:00:00,h,h_1
23965,2024-02-16 13:00:00,h,h_1
23966,2024-02-16 14:00:00,b,b_1
23967,2024-02-16 15:00:00,b,b_1
23968,2024-02-16 16:00:00,b,b_1
23969,2024-02-16 17:00:00,b,b_1
23970,2024-02-16 18:00:00,b,b_1
23971,2024-02-16 19:00:00,b,b_1
23972,2024-02-16 20:00:00,b,b_1
23973,2024-02-16 21:00:00,b,b_1
23974,2024-02-16 22:00:00,g,g_1
23975,2024-02-16 23:00:00,g,g_1
23976,2024-02-17 00:00:00,a,a_0
23977,2024-02-17 01:00:00,c,c_1
23978,2024-02-17 02:00:00,c,c_1
23979,2024-02-17 03:00:00,c,c_1
23980,2024-02-17 04:00:00,c,c_1
23981,2024-02-17 05:00:00,c,c_1
23982,2024-02-17 06:00:00,c,c_1
23983,2024-02-17 07:00:00,c,c_1
23984,2024-02-17 08:00:00,c,c_1
23985,2024-02-17 09:00:00,d,d_0
23986,2024-02-17 10:00:00,c,c_1
23987,2024-02-17 11:00:00,c,c_1
23988,2024-02-17 12:00:00,c,c_1
23989,2024-02-17 13:00:00,c,c_1
23990,2024-02-17 14:00:00,c,c_1
23991,2024-02-17 15:00:00,c,c_1
23992,2024-02-17 16:00:00,c,c_1
23993,2024-02-17 17:00:00,h,h_0
23994,2024-02-17 18:00:00,a,a_0
23995,2024-02-17 19:00:00,a,a_0
23996,2024-02-17 20:00:00,d,d_1
23997,2024-02-17 21:00:00,d,d_1
23998,2024-02-17 22:00:00,d,d_1
23999,2024-02-17 23:00:00,d,d_1
